# Specview output: created Fri Mar 07 11:46:37 EST 2014
null 
Angstrom 
Arbitrary 
1.0 16.651939392089844
2.0 16.650423049926758
3.0 16.647262573242188
4.0 16.642257690429688
5.0 16.635332107543945
6.0 16.62648582458496
7.0 16.61574935913086
8.0 16.603181838989258
9.0 16.588855743408203
10.0 16.57284927368164
11.0 16.555240631103516
12.0 16.53611183166504
13.0 16.51554298400879
14.0 16.493614196777344
15.0 16.470399856567383
16.0 16.445972442626953
17.0 16.4204044342041
18.0 16.39375877380371
19.0 16.366100311279297
20.0 16.337488174438477
21.0 16.3079833984375
22.0 16.277637481689453
23.0 16.246501922607422
24.0 16.21462631225586
25.0 16.182056427001953
26.0 16.148836135864258
27.0 16.115009307861328
28.0 16.080612182617188
29.0 16.045684814453125
30.0 16.0102596282959
31.0 15.974373817443848
32.0 15.938055992126465
33.0 15.901337623596191
34.0 15.86424732208252
35.0 15.826811790466309
36.0 15.789055824279785
37.0 15.751005172729492
38.0 15.712681770324707
39.0 15.674108505249023
40.0 15.635305404663086
41.0 15.596291542053223
42.0 15.557086944580078
43.0 15.517707824707031
44.0 15.478171348571777
45.0 15.438494682312012
46.0 15.398691177368164
47.0 15.358776092529297
48.0 15.31876277923584
49.0 15.278664588928223
50.0 15.238492012023926
51.0 15.198259353637695
52.0 15.157975196838379
53.0 15.11765193939209
54.0 15.077298164367676
55.0 15.0369234085083
56.0 14.996537208557129
57.0 14.956147193908691
58.0 14.915761947631836
59.0 14.87539005279541
60.0 14.835037231445312
61.0 14.794710159301758
62.0 14.754417419433594
63.0 14.714162826538086
64.0 14.673954010009766
65.0 14.633794784545898
66.0 14.593692779541016
67.0 14.553650856018066
68.0 14.513673782348633
69.0 14.47376823425293
70.0 14.43393611907959
71.0 14.394182205200195
72.0 14.354510307312012
73.0 14.314924240112305
74.0 14.275426864624023
75.0 14.236021995544434
76.0 14.196712493896484
77.0 14.157500267028809
78.0 14.118390083312988
79.0 14.079381942749023
80.0 14.040480613708496
81.0 14.001686096191406
82.0 13.96300220489502
83.0 13.924430847167969
84.0 13.88597297668457
85.0 13.847630500793457
86.0 13.809405326843262
87.0 13.771299362182617
88.0 13.73331356048584
89.0 13.695448875427246
90.0 13.657707214355469
91.0 13.620089530944824
92.0 13.582597732543945
93.0 13.545230865478516
94.0 13.507991790771484
95.0 13.470879554748535
96.0 13.4338960647583
97.0 13.397042274475098
98.0 13.360318183898926
99.0 13.323724746704102
100.0 13.287261962890625
101.0 13.250930786132812
102.0 13.21473217010498
103.0 13.178665161132812
104.0 13.142730712890625
105.0 13.106928825378418
106.0 13.071260452270508
107.0 13.035724639892578
108.0 13.000323295593262
109.0 12.965054512023926
110.0 12.929920196533203
111.0 12.894919395446777
112.0 12.860051155090332
113.0 12.8253173828125
114.0 12.790717124938965
115.0 12.756250381469727
116.0 12.721917152404785
117.0 12.68771743774414
118.0 12.653650283813477
119.0 12.619715690612793
120.0 12.585914611816406
121.0 12.552245140075684
122.0 12.518709182739258
123.0 12.48530387878418
124.0 12.452031135559082
125.0 12.418889045715332
126.0 12.385878562927246
127.0 12.352998733520508
128.0 12.320249557495117
129.0 12.287630081176758
130.0 12.25514030456543
131.0 12.222779273986816
132.0 12.190547943115234
133.0 12.158445358276367
134.0 12.126469612121582
135.0 12.094622611999512
136.0 12.062902450561523
137.0 12.031309127807617
138.0 11.999841690063477
139.0 11.968500137329102
140.0 11.937284469604492
141.0 11.906193733215332
142.0 11.875226974487305
143.0 11.84438419342041
144.0 11.813665390014648
145.0 11.783068656921387
146.0 11.752594947814941
147.0 11.722243309020996
148.0 11.692012786865234
149.0 11.66190242767334
150.0 11.631913185119629
151.0 11.602044105529785
152.0 11.572294235229492
153.0 11.542662620544434
154.0 11.51314926147461
155.0 11.48375415802002
156.0 11.454475402832031
157.0 11.425313949584961
158.0 11.396268844604492
159.0 11.367339134216309
160.0 11.338523864746094
161.0 11.309823989868164
162.0 11.281237602233887
163.0 11.252764701843262
164.0 11.224404335021973
165.0 11.19615650177002
166.0 11.168020248413086
167.0 11.139995574951172
168.0 11.112081527709961
169.0 11.084277153015137
170.0 11.0565824508667
171.0 11.028997421264648
172.0 11.001520156860352
173.0 10.974151611328125
174.0 10.946889877319336
175.0 10.919734954833984
176.0 10.89268684387207
177.0 10.865743637084961
178.0 10.838906288146973
179.0 10.812173843383789
180.0 10.785545349121094
181.0 10.759020805358887
182.0 10.732599258422852
183.0 10.706279754638672
184.0 10.680063247680664
185.0 10.653947830200195
186.0 10.627933502197266
187.0 10.602019309997559
188.0 10.576205253601074
189.0 10.550491333007812
190.0 10.52487564086914
191.0 10.499358177185059
192.0 10.473938941955566
193.0 10.448617935180664
194.0 10.423392295837402
195.0 10.398263931274414
196.0 10.373231887817383
197.0 10.348294258117676
198.0 10.32345199584961
199.0 10.298704147338867
200.0 10.274049758911133
201.0 10.249488830566406
202.0 10.225021362304688
203.0 10.20064640045166
204.0 10.176362991333008
205.0 10.15217113494873
206.0 10.128069877624512
207.0 10.104059219360352
208.0 10.08013916015625
209.0 10.056307792663574
210.0 10.03256607055664
211.0 10.008913040161133
212.0 9.985347747802734
213.0 9.961871147155762
214.0 9.938480377197266
215.0 9.915177345275879
216.0 9.891960144042969
217.0 9.868828773498535
218.0 9.845783233642578
219.0 9.822822570800781
220.0 9.799945831298828
221.0 9.777153968811035
222.0 9.75444507598877
223.0 9.731820106506348
224.0 9.709277153015137
225.0 9.686817169189453
226.0 9.664438247680664
227.0 9.642141342163086
228.0 9.619925498962402
229.0 9.597789764404297
230.0 9.575735092163086
231.0 9.553759574890137
232.0 9.531864166259766
233.0 9.51004695892334
234.0 9.488308906555176
235.0 9.46664810180664
236.0 9.44506549835205
237.0 9.42356014251709
238.0 9.402132034301758
239.0 9.380780220031738
240.0 9.359504699707031
241.0 9.33830451965332
242.0 9.317180633544922
243.0 9.296130180358887
244.0 9.275156021118164
245.0 9.254255294799805
246.0 9.233428001403809
247.0 9.212674140930176
248.0 9.191993713378906
249.0 9.171385765075684
250.0 9.150850296020508
251.0 9.130387306213379
252.0 9.109994888305664
253.0 9.08967399597168
254.0 9.069424629211426
255.0 9.04924488067627
256.0 9.029135704040527
257.0 9.009096145629883
258.0 8.989126205444336
259.0 8.969225883483887
260.0 8.949393272399902
261.0 8.9296293258667
262.0 8.909934043884277
263.0 8.890305519104004
264.0 8.870744705200195
265.0 8.851250648498535
266.0 8.83182430267334
267.0 8.81246280670166
268.0 8.793168067932129
269.0 8.77393913269043
270.0 8.754776000976562
271.0 8.735676765441895
272.0 8.716643333435059
273.0 8.697673797607422
274.0 8.678768157958984
275.0 8.659926414489746
276.0 8.64114761352539
277.0 8.622432708740234
278.0 8.603780746459961
279.0 8.585190773010254
280.0 8.566662788391113
281.0 8.548196792602539
282.0 8.529792785644531
283.0 8.511449813842773
284.0 8.493167877197266
285.0 8.474946975708008
286.0 8.456786155700684
287.0 8.438684463500977
288.0 8.42064380645752
289.0 8.40266227722168
290.0 8.384739875793457
291.0 8.366876602172852
292.0 8.349072456359863
293.0 8.33132553100586
294.0 8.313637733459473
295.0 8.29600715637207
296.0 8.278434753417969
297.0 8.260918617248535
298.0 8.243460655212402
299.0 8.226058006286621
300.0 8.208712577819824
301.0 8.191423416137695
302.0 8.174190521240234
303.0 8.157011985778809
304.0 8.13988971710205
305.0 8.122822761535645
306.0 8.105810165405273
307.0 8.088851928710938
308.0 8.071949005126953
309.0 8.055099487304688
310.0 8.03830337524414
311.0 8.021561622619629
312.0 8.00487232208252
313.0 7.988236904144287
314.0 7.971653938293457
315.0 7.9551239013671875
316.0 7.938645839691162
317.0 7.922219753265381
318.0 7.905845642089844
319.0 7.889523506164551
320.0 7.8732523918151855
321.0 7.857032299041748
322.0 7.840863227844238
323.0 7.824744701385498
324.0 7.808676719665527
325.0 7.792658805847168
326.0 7.77669095993042
327.0 7.760772705078125
328.0 7.744904041290283
329.0 7.729084491729736
330.0 7.713314533233643
331.0 7.697592735290527
332.0 7.681920051574707
333.0 7.666295528411865
334.0 7.650719165802002
335.0 7.635190486907959
336.0 7.6197099685668945
337.0 7.604276657104492
338.0 7.58889102935791
339.0 7.573552131652832
340.0 7.558259963989258
341.0 7.543015003204346
342.0 7.527816295623779
343.0 7.5126633644104
344.0 7.497557163238525
345.0 7.48249626159668
346.0 7.46748161315918
347.0 7.452511787414551
348.0 7.437587261199951
349.0 7.422708034515381
350.0 7.407873630523682
351.0 7.393083572387695
352.0 7.37833833694458
353.0 7.3636369705200195
354.0 7.348979949951172
355.0 7.334366321563721
356.0 7.319796562194824
357.0 7.305270671844482
358.0 7.290787696838379
359.0 7.276347637176514
360.0 7.261950969696045
361.0 7.247596740722656
362.0 7.233284950256348
363.0 7.219015598297119
364.0 7.2047882080078125
365.0 7.190603256225586
366.0 7.176459789276123
367.0 7.162357807159424
368.0 7.1482977867126465
369.0 7.134278297424316
370.0 7.12030029296875
371.0 7.106363296508789
372.0 7.092466831207275
373.0 7.078611373901367
374.0 7.06479549407959
375.0 7.051020622253418
376.0 7.037285327911377
377.0 7.023590087890625
378.0 7.009934425354004
379.0 6.996318340301514
380.0 6.982741832733154
381.0 6.969203948974609
382.0 6.955705642700195
383.0 6.942245960235596
384.0 6.928825378417969
385.0 6.915442943572998
386.0 6.902099132537842
387.0 6.888792991638184
388.0 6.87552547454834
389.0 6.862295627593994
390.0 6.849103927612305
391.0 6.835949420928955
392.0 6.8228325843811035
393.0 6.809752941131592
394.0 6.796710014343262
395.0 6.78370475769043
396.0 6.770735740661621
397.0 6.757803916931152
398.0 6.744908332824707
399.0 6.732048988342285
400.0 6.719225883483887
401.0 6.706439018249512
402.0 6.693687915802002
403.0 6.680972576141357
404.0 6.668292999267578
405.0 6.655649185180664
406.0 6.643040180206299
407.0 6.630466938018799
408.0 6.6179280281066895
409.0 6.605424404144287
410.0 6.592955589294434
411.0 6.580521583557129
412.0 6.568121910095215
413.0 6.555756568908691
414.0 6.543425559997559
415.0 6.531128406524658
416.0 6.51886510848999
417.0 6.506635665893555
418.0 6.494440078735352
419.0 6.482278347015381
420.0 6.470149517059326
421.0 6.458054065704346
422.0 6.445991516113281
423.0 6.433962345123291
424.0 6.421966075897217
425.0 6.4100022315979
426.0 6.3980712890625
427.0 6.386172771453857
428.0 6.374306678771973
429.0 6.3624725341796875
430.0 6.35067081451416
431.0 6.338900566101074
432.0 6.327162742614746
433.0 6.315456390380859
434.0 6.303781509399414
435.0 6.292138576507568
436.0 6.280526638031006
437.0 6.268946170806885
438.0 6.257396697998047
439.0 6.245878219604492
440.0 6.2343902587890625
441.0 6.222933292388916
442.0 6.211507320404053
443.0 6.200111389160156
444.0 6.188745975494385
445.0 6.177411079406738
446.0 6.166106224060059
447.0 6.154831409454346
448.0 6.1435866355896
449.0 6.132371425628662
450.0 6.121186256408691
451.0 6.110030174255371
452.0 6.098904132843018
453.0 6.0878071784973145
454.0 6.07673978805542
455.0 6.065701007843018
456.0 6.054691791534424
457.0 6.043711185455322
458.0 6.032759189605713
459.0 6.021836280822754
460.0 6.010941982269287
461.0 6.000075817108154
462.0 5.989238262176514
463.0 5.978429317474365
464.0 5.967648029327393
465.0 5.956894874572754
466.0 5.946169853210449
467.0 5.9354729652404785
468.0 5.924803256988525
469.0 5.914161682128906
470.0 5.903547286987305
471.0 5.892960548400879
472.0 5.882400989532471
473.0 5.87186861038208
474.0 5.861363410949707
475.0 5.850885391235352
476.0 5.840434551239014
477.0 5.830009937286377
478.0 5.819612503051758
479.0 5.809241771697998
480.0 5.7988972663879395
481.0 5.78857946395874
482.0 5.778287887573242
483.0 5.768022537231445
484.0 5.75778341293335
485.0 5.747570514678955
486.0 5.7373833656311035
487.0 5.727221965789795
488.0 5.7170867919921875
489.0 5.706976890563965
490.0 5.696892738342285
491.0 5.68683385848999
492.0 5.676800727844238
493.0 5.666792869567871
494.0 5.656810283660889
495.0 5.646852493286133
496.0 5.636919975280762
497.0 5.627012252807617
498.0 5.617129802703857
499.0 5.607271671295166
500.0 5.597438335418701
