6.409759935121580376e+00
6.383653928060193827e+00
6.310288374319308780e+00
6.201371236578098411e+00
6.069686640846415848e+00
5.925665643358335899e+00
5.776656795128924493e+00
5.627456972712601591e+00
5.481064267066123818e+00
5.339282659604316805e+00
5.203136040031240306e+00
5.073138724007703715e+00
4.949472078481173654e+00
4.832101607476188221e+00
4.720855789424927451e+00
4.615479663925190934e+00
4.515671314021851401e+00
4.421106553041255438e+00
4.331455400788541965e+00
4.246392831024523140e+00
4.165605533580365005e+00
4.088795923473682592e+00
4.015684268933709333e+00
3.946009553584605811e+00
3.879529504752905478e+00
3.816020089099218637e+00
3.755274683765585042e+00
3.697103065364697905e+00
3.641330312740383324e+00
3.587795686943016982e+00
3.536351529276031247e+00
3.486862202697744717e+00
3.439203091232208021e+00
3.393259664881724369e+00
3.348926612789966839e+00
3.306107044336887846e+00
3.264711755930207016e+00
3.224658560126601348e+00
3.185871673111973390e+00
3.148281156315556384e+00
3.111822407904940135e+00
3.076435700022921882e+00
3.042065757826253325e+00
3.008661376631587281e+00
2.976175073739669941e+00
2.944562771779770216e+00
2.913783510680722166e+00
2.883799185627186290e+00
2.854574308597101151e+00
2.826075791295850514e+00
2.798272747504734426e+00
2.771136313047026789e+00
2.744639481743019527e+00
2.718756955878930182e+00
2.693465009853783343e+00
2.668741365793847464e+00
2.644565080038618898e+00
2.620916439505107665e+00
2.597776867030452408e+00
2.575128834877229878e+00
2.552955785661989108e+00
2.531242060036387631e+00
2.509972830512750441e+00
2.489134040882279741e+00
2.468712350725076998e+00
2.448695084557457768e+00
2.429070185203863197e+00
2.409826171018637275e+00
2.390952096617073419e+00
2.372437516806553681e+00
2.354272453436672574e+00
2.336447364912609626e+00
2.318953118139801095e+00
2.301780962688243726e+00
2.284922506984577772e+00
2.268369696356865362e+00
2.252114792773065588e+00
2.236150356128404404e+00
2.220469226949664865e+00
2.205064510396358202e+00
2.189929561449407203e+00
2.175057971187675854e+00
2.160443554061396654e+00
2.146080336079867479e+00
2.131962543837754964e+00
2.118084594311168800e+00
2.104441085360714947e+00
2.091026786884101707e+00
2.077836632565967179e+00
2.064865712177136992e+00
2.052109264379541997e+00
2.039562669997005973e+00
2.027221445715273074e+00
2.015081238177992340e+00
2.003137818448098795e+00
1.991387076806669265e+00
1.979825017863601211e+00
1.968447755956797218e+00
1.957251510818328821e+00
1.946232603487825674e+00
1.935387452455216373e+00
1.924712570016101409e+00
1.914204558824604607e+00
1.903860108629841008e+00
1.893675993182966977e+00
1.883649067303219571e+00
1.873776264092042787e+00
1.864054592285192324e+00
1.854481133733815401e+00
1.845053041005909389e+00
1.835767535100378822e+00
1.826621903266531843e+00
1.817613496922246386e+00
1.808739729664829987e+00
1.799998075368767436e+00
1.791386066365109775e+00
1.782901291697752688e+00
1.774541395451954440e+00
1.766304075151023945e+00
1.758187080217274101e+00
1.750188210493644814e+00
1.742305314822627960e+00
1.734536289679455390e+00
1.726879077856621203e+00
1.719331667197009139e+00
1.711892089373204140e+00
1.704558418710585777e+00
1.697328771052015739e+00
1.690201302662135419e+00
1.683174209169294055e+00
1.676245724543380611e+00
1.669414120107824528e+00
1.662677703584285904e+00
1.656034818168424794e+00
1.649483841635535963e+00
1.643023185474582260e+00
1.636651294049529692e+00
1.630366643786745673e+00
1.624167742387422120e+00
1.618053128063980273e+00
1.612021368799490650e+00
1.606071061629172902e+00
1.600200831943146884e+00
1.594409332809598956e+00
1.588695244317547717e+00
1.583057272938537041e+00
1.577494150906512349e+00
1.572004635615231738e+00
1.566587509032548731e+00
1.561241577131038394e+00
1.555965669334306689e+00
1.550758637978467469e+00
1.545619357788330372e+00
1.540546725367680780e+00
1.535539658703280352e+00
1.530597096682092095e+00
1.525717998621289428e+00
1.520901343810653339e+00
1.516146131066947067e+00
1.511451378299895509e+00
1.506816122089381427e+00
1.502239417273560251e+00
1.497720336547484710e+00
1.493257970071976137e+00
1.488851425092394765e+00
1.484499825567027420e+00
1.480202311804817539e+00
1.475958040112119285e+00
1.471766182448245530e+00
1.467625926089537680e+00
1.463536473301734198e+00
1.459497041020345609e+00
1.455506860538866132e+00
1.451565177204557466e+00
1.447671250121626674e+00
1.443824351861531019e+00
1.440023768180298758e+00
1.436268797742577430e+00
1.432558751852302414e+00
1.428892954189752595e+00
1.425270740554837490e+00
1.421691458616451298e+00
1.418154467667725793e+00
1.414659138387014403e+00
1.411204852604465376e+00
1.407791003074037040e+00
1.404416993250802381e+00
1.401082237073400849e+00
1.397786158751519903e+00
1.394528192558255109e+00
1.391307782627229539e+00
1.388124382754357455e+00
1.384977456204114166e+00
1.381866475520215909e+00
1.378790922340574543e+00
1.375750287216446655e+00
1.372744069435641645e+00
1.369771776849704192e+00
1.366832925704964952e+00
1.363927040477355579e+00
1.361053653710917022e+00
1.358212305859875846e+00
1.355402545134219761e+00
1.352623927348685307e+00
1.349876015775083093e+00
1.347158380997821592e+00
1.344470600772656121e+00
1.341812259888472525e+00
1.339182950032097308e+00
1.336582269656058086e+00
1.334009823849184206e+00
1.331465224210026888e+00
1.328948088722986309e+00
1.326458041637122109e+00
1.323994713347545371e+00
1.321557740279363458e+00
1.319146764774077329e+00
1.316761434978426681e+00
1.314401404735568102e+00
1.312066333478573155e+00
1.309755886126165336e+00
1.307469732980664823e+00
1.305207549628070396e+00
1.302969016840237026e+00
1.300753820479097378e+00
1.298561651402891259e+00
1.296392205374332640e+00
1.294245182970693575e+00
1.292120289495745755e+00
1.290017234893527487e+00
1.287935733663874149e+00
1.285875504779702139e+00
1.283836271605978130e+00
1.281817761820358559e+00
1.279819707335430046e+00
1.277841844222553203e+00
1.275883912637246542e+00
1.273945656746076738e+00
1.272026824655039690e+00
1.270127168339375778e+00
1.268246443574809756e+00
1.266384409870157324e+00
1.264540830401293281e+00
1.262715471946436185e+00
1.260908104822723086e+00
1.259118502824053687e+00
1.257346443160149541e+00
1.255591706396845364e+00
1.253854076397543427e+00
1.252133340265826122e+00
1.250429288289204077e+00
1.248741713883959603e+00
1.247070413541074618e+00
1.245415186773215277e+00
1.243775836062755547e+00
1.242152166810795988e+00
1.240543987287193950e+00
1.238951108581543892e+00
1.237373344555112276e+00
1.235810511793701716e+00
1.234262429561415964e+00
1.232728919755317953e+00
1.231209806860950495e+00
1.229704917908716055e+00
1.228214082431076104e+00
1.226737132420577803e+00
1.225273902288668060e+00
1.223824228825292071e+00
1.222387951159256136e+00
1.220964910719334107e+00
1.219554951196113235e+00
1.218157918504551684e+00
1.216773660747230812e+00
1.215402028178311555e+00
1.214042873168150072e+00
1.212696050168578399e+00
1.211361415678822384e+00
1.210038828212062434e+00
1.208728148262607549e+00
1.207429238273671546e+00
1.206141962605752127e+00
1.204866187505581054e+00
1.203601781075653188e+00
1.202348613244303532e+00
1.201106555736340953e+00
1.199875482044213237e+00
1.198655267399690860e+00
1.197445788746072992e+00
1.196246924710895998e+00
1.195058555579125104e+00
1.193880563266846329e+00
1.192712831295419607e+00
1.191555244766098198e+00
1.190407690335106183e+00
1.189270056189158931e+00
1.188142232021422995e+00
1.187024109007904116e+00
1.185915579784246887e+00
1.184816538422964971e+00
1.183726880411050786e+00
1.182646502627995311e+00
1.181575303324200465e+00
1.180513182099750980e+00
1.179460039883579059e+00
1.178415778912984546e+00
1.177380302713513238e+00
1.176353516079193806e+00
1.175335325053104452e+00
1.174325636908291726e+00
1.173324360129016197e+00
1.172331404392315868e+00
1.171346680549898656e+00
1.170370100610336639e+00
1.169401577721577157e+00
1.168441026153745899e+00
1.167488361282246423e+00
1.166543499571154552e+00
1.165606358556886546e+00
1.164676856832153939e+00
1.163754914030185272e+00
1.162840450809220938e+00
1.161933388837264491e+00
1.161033650777097082e+00
1.160141160271540794e+00
1.159255841928970021e+00
1.158377621309074179e+00
1.157506424908844478e+00
1.156642180148806265e+00
1.155784815359481854e+00
1.154934259768070293e+00
1.154090443485356499e+00
1.153253297492835117e+00
1.152422753630044649e+00
1.151598744582120304e+00
1.150781203867537572e+00
1.149970065826073196e+00
1.149165265606954422e+00
1.148366739157203442e+00
1.147574423210176331e+00
1.146788255274286517e+00
1.146008173621915649e+00
1.145234117278498776e+00
1.144466026011792925e+00
1.143703840321316445e+00
1.142947501427961088e+00
1.142196951263768634e+00
1.141452132461880709e+00
1.140712988346634260e+00
1.139979462923838227e+00
1.139251500871185208e+00
1.138529047528829219e+00
1.137812048890109340e+00
1.137100451592423900e+00
1.136394202908245443e+00
1.135693250736282023e+00
1.134997543592779934e+00
1.134307030602956567e+00
1.133621661492579591e+00
1.132941386579669585e+00
1.132266156766336129e+00
1.131595923530744896e+00
1.130930638919207087e+00
1.130270255538392332e+00
1.129614726547668813e+00
1.128964005651553082e+00
1.128318047092287335e+00
1.127676805642527258e+00
1.127040236598137568e+00
1.126408295771114121e+00
1.125780939482599052e+00
1.125158124556011829e+00
1.124539808310287325e+00
1.123925948553211818e+00
1.123316503574866676e+00
1.122711432141168419e+00
1.122110693487510913e+00
1.121514247312498824e+00
1.120922053771786775e+00
1.120334073471997760e+00
1.119750267464748372e+00
1.119170597240750409e+00
1.118595024724017506e+00
1.118023512266140829e+00
1.117456022640667346e+00
1.116892519037551601e+00
1.116332965057698301e+00
1.115777324707579288e+00
1.115225562393934000e+00
1.114677642918554534e+00
1.114133531473137984e+00
1.113593193634222933e+00
1.113056595358200118e+00
1.112523702976391249e+00
1.111994483190209548e+00
1.111468903066382907e+00
1.110946930032254087e+00
1.110428531871147539e+00
1.109913676717801723e+00
1.109402333053871370e+00
1.108894469703496588e+00
1.108390055828933018e+00
1.107889060926247726e+00
1.107391454821077259e+00
1.106897207664448546e+00
1.106406289928656417e+00
1.105918672403207736e+00
1.105434326190816163e+00
1.104953222703459081e+00
1.104475333658494041e+00
1.104000631074821603e+00
1.103529087269114584e+00
1.103060674852092804e+00
1.102595366724854031e+00
1.102133136075259756e+00
1.101673956374366714e+00
1.101217801372914140e+00
1.100764645097859651e+00
1.100314461848961534e+00
1.099867226195414327e+00
1.099422912972527033e+00
1.098981497278448627e+00
1.098542954470946631e+00
1.098107260164218335e+00
1.097674390225760410e+00
1.097244320773268722e+00
1.096817028171596764e+00
1.096392489029740736e+00
1.095970680197878133e+00
1.095551578764440759e+00
1.095135162053235023e+00
1.094721407620593778e+00
1.094310293252573896e+00
1.093901796962190476e+00
1.093495896986688587e+00
1.093092571784852529e+00
1.092691800034355509e+00
1.092293560629139293e+00
1.091897832676833158e+00
1.091504595496211927e+00
1.091113828614681314e+00
1.090725511765801459e+00
1.090339624886846215e+00
1.089956148116389301e+00
1.089575061791930199e+00
1.089196346447546704e+00
1.088819982811582765e+00
1.088445951804364986e+00
1.088074234535952645e+00
1.087704812303913915e+00
1.087337666591134733e+00
1.086972779063658301e+00
1.086610131568550575e+00
1.086249706131794168e+00
1.085891484956212683e+00
1.085535450419422565e+00
1.085181585071807620e+00
1.084829871634527709e+00
1.084480292997547224e+00
1.084132832217691744e+00
1.083787472516734685e+00
1.083444197279500587e+00
1.083102990052001946e+00
1.082763834539592240e+00
1.082426714605153828e+00
1.082091614267295387e+00
1.081758517698588440e+00
1.081427409223813418e+00
1.081098273318237712e+00
1.080771094605910143e+00
1.080445857857984082e+00
1.080122547991052118e+00
1.079801150065514914e+00
1.079481649283961175e+00
1.079164030989572698e+00
1.078848280664550296e+00
1.078534383928555940e+00
1.078222326537181752e+00
1.077912094380432118e+00
1.077603673481229096e+00
1.077297049993934719e+00
1.076992210202893707e+00
1.076689140520994625e+00
1.076387827488246129e+00
1.076088257770377199e+00
1.075790418157450912e+00
1.075494295562493985e+00
1.075199877020150963e+00
1.074907149685346175e+00
1.074616100831970344e+00
1.074326717851577628e+00
1.074038988252105309e+00
1.073752899656601256e+00
1.073468439801976704e+00
1.073185596537766573e+00
1.072904357824910893e+00
1.072624711734546432e+00
1.072346646446819651e+00
1.072070150249707199e+00
1.071795211537856840e+00
1.071521818811438820e+00
