3.803748622959842951e+00
1.987448973887987691e+00
1.864941188220620827e+00
1.821270702413045228e+00
1.798439519890158822e+00
1.784193200419001091e+00
1.774155519149905214e+00
1.766374828802876440e+00
1.759872094207437065e+00
1.754115804573415094e+00
1.748799731255416434e+00
1.743739074488349194e+00
1.738818232502987060e+00
1.733962925354401108e+00
1.729124553769181283e+00
1.724271036495255149e+00
1.719381236706578830e+00
1.714441456746698123e+00
1.709443167071427183e+00
1.704381494851034740e+00
1.699254193364065468e+00
1.694060923471107705e+00
1.688802742391779521e+00
1.683481733150597792e+00
1.678100731386531486e+00
1.672663120816473059e+00
1.667172677965285121e+00
1.661633452843345182e+00
1.656049676272120852e+00
1.650425687264464480e+00
1.644765875715517023e+00
1.639074636942021712e+00
1.633356335508140855e+00
1.627615276416325862e+00
1.621855682203104720e+00
1.616081674815632807e+00
1.610297261392749313e+00
1.604506323258917622e+00
1.598712607578923528e+00
1.592919721227466390e+00
1.587131126509836232e+00
1.581350138433979868e+00
1.575579923284750272e+00
1.569823498291578856e+00
1.564083732213294997e+00
1.558363346690542883e+00
1.552664918237976810e+00
1.546990880766799581e+00
1.541343528543361652e+00
1.535725019502589328e+00
1.530137378845970897e+00
1.524582502863311539e+00
1.519062162925624904e+00
1.513578009603623098e+00
1.508131576872393076e+00
1.502724286368268380e+00
1.497357451668545725e+00
1.492032282568953594e+00
1.486749889337282138e+00
1.481511286924867887e+00
1.476317399120430585e+00
1.471169062633248092e+00
1.466067031094812956e+00
1.461011978970059300e+00
1.456004505370980029e+00
1.451045137766893811e+00
1.446134335586916286e+00
1.441272493711422520e+00
1.436459945850165676e+00
1.431696967805677012e+00
1.426983780621324804e+00
1.422320553613958705e+00
1.417707407291782795e+00
1.413144416158475192e+00
1.408631611404999928e+00
1.404168983490915457e+00
1.399756484617304064e+00
1.395394031093599718e+00
1.391081505600882728e+00
1.386818759354308428e+00
1.382605614167444985e+00
1.378441864421477092e+00
1.374327278942154784e+00
1.370261602787557154e+00
1.366244558949643917e+00
1.362275849972642838e+00
1.358355159491282826e+00
1.354482153691864310e+00
1.350656482699113425e+00
1.346877781891743897e+00
1.343145673149575448e+00
1.339459766035017374e+00
1.335819658911649555e+00
1.332224940002558977e+00
1.328675188391054141e+00
1.325169974966258657e+00
1.321708863316028104e+00
1.318291410569580213e+00
1.314917168192107688e+00
1.311585682733604541e+00
1.308296496534022690e+00
1.305049148386836499e+00
1.301843174162976791e+00
1.298678107397055248e+00
1.295553479837696198e+00
1.292468821963752568e+00
1.289423663468064030e+00
1.286417533710407346e+00
1.283449962141158807e+00
1.280520478697176667e+00
1.277628614171297361e+00
1.274773900556834594e+00
1.271955871368342539e+00
1.269174061939916553e+00
1.266428009702187385e+00
1.263717254439163051e+00
1.261041338525969335e+00
1.258399807148540939e+00
1.255792208506230079e+00
1.253218093998262450e+00
1.250677018394941165e+00
1.248168539994435555e+00
1.245692220765962865e+00
1.243247626480127987e+00
1.240834326827152667e+00
1.238451895523687840e+00
1.236099910408856806e+00
1.233777953530172056e+00
1.231485611219908627e+00
1.229222474162501078e+00
1.226988137453498995e+00
1.224782200650591291e+00
1.222604267817184454e+00
1.220453947558986618e+00
1.218330853054035101e+00
1.216234602076575078e+00
1.214164817015189968e+00
1.212121124885538581e+00
1.210103157338058066e+00
1.208110550660962179e+00
1.206142945778853948e+00
1.204199988247229181e+00
1.202281328243187231e+00
1.200386620552580608e+00
1.198515524553870115e+00
1.196667704198923543e+00
1.194842827990989731e+00
1.193040568960032077e+00
1.191260604635656195e+00
1.189502617017801578e+00
1.187766292545374913e+00
1.186051322063002234e+00
1.184357400786059777e+00
1.182684228264113679e+00
1.181031508342943237e+00
1.179398949125241680e+00
1.177786262930158090e+00
1.176193166251767952e+00
1.174619379716595802e+00
1.173064628040302093e+00
1.171528639983612230e+00
1.170011148307600113e+00
1.168511889728399034e+00
1.167030604871427180e+00
1.165567038225201246e+00
1.164120938094812319e+00
1.162692056555125975e+00
1.161280149403775663e+00
1.159884976114000876e+00
1.158506299787388283e+00
1.157143887106567126e+00
1.155797508287906616e+00
1.154466937034255292e+00
1.153151950487770749e+00
1.151852329182870838e+00
1.150567856999345606e+00
1.149298321115665322e+00
1.148043511962507868e+00
1.146803223176544373e+00
1.145577251554495080e+00
1.144365397007494511e+00
1.143167462515777055e+00
1.141983254083708710e+00
1.140812580695180545e+00
1.139655254269384743e+00
1.138511089616983440e+00
1.137379904396687236e+00
1.136261519072259585e+00
1.135155756869947963e+00
1.134062443736366443e+00
1.132981408296824144e+00
1.131912481814118854e+00
1.130855498147795180e+00
1.129810293713879421e+00
1.128776707445091176e+00
1.127754580751538338e+00
1.126743757481901476e+00
1.125744083885102498e+00
1.124755408572475135e+00
1.123777582480417037e+00
1.122810458833544578e+00
1.121853893108341493e+00
1.120907742997301781e+00
1.119971868373567103e+00
1.119046131256055565e+00
1.118130395775090324e+00
1.117224528138507811e+00
1.116328396598265549e+00
1.115441871417526265e+00
1.114564824838232715e+00
1.113697131049158351e+00
1.112838666154436940e+00
1.111989308142565802e+00
1.111148936855877345e+00
1.110317433960477107e+00
1.109494682916647657e+00
1.108680568949703460e+00
1.107874979021301609e+00
1.107077801801204187e+00
1.106288927639481834e+00
1.105508248539155636e+00
1.104735658129277098e+00
1.103971051638432010e+00
1.103214325868676626e+00
1.102465379169886184e+00
1.101724111414519980e+00
1.100990423972797672e+00
1.100264219688277034e+00
1.099545402853832288e+00
1.098833879188024110e+00
1.098129555811855784e+00
1.097432341225921038e+00
1.096742145287917580e+00
1.096058879190542790e+00
1.095382455439748881e+00
1.094712787833366896e+00
1.094049791440081298e+00
1.093393382578757844e+00
1.092743478798120726e+00
1.092099998856763898e+00
1.091462862703504122e+00
1.090831991458063532e+00
1.090207307392073943e+00
1.089588733910406670e+00
1.088976195532814550e+00
1.088369617875885487e+00
1.087768927635301530e+00
1.087174052568400828e+00
1.086584921477030230e+00
1.086001464190695653e+00
1.085423611549993339e+00
1.084851295390326875e+00
1.084284448525898448e+00
1.083723004733975648e+00
1.083166898739422956e+00
1.082616066199501015e+00
1.082070443688920580e+00
1.081529968685155607e+00
1.080994579554005242e+00
1.080464215535399841e+00
1.079938816729456130e+00
1.079418324082761282e+00
1.078902679374898810e+00
1.078391825205202270e+00
1.077885704979731907e+00
1.077384262898479106e+00
1.076887443942785350e+00
1.076395193862976996e+00
1.075907459166212110e+00
1.075424187104533358e+00
1.074945325663125173e+00
1.074470823548770992e+00
1.074000630178508553e+00
1.073534695668475480e+00
1.073072970822948946e+00
1.072615407123568065e+00
1.072161956718742148e+00
1.071712572413238806e+00
1.071267207657947695e+00
1.070825816539819231e+00
1.070388353771974721e+00
1.069954774683982812e+00
1.069525035212301134e+00
1.069099091890882036e+00
1.068676901841933313e+00
1.068258422766839688e+00
1.067843612937234843e+00
1.067432431186224662e+00
1.067024836899759466e+00
1.066620790008151687e+00
1.066220250977736095e+00
1.065823180802669690e+00
1.065429540996872149e+00
1.065039293586096836e+00
1.064652401100141477e+00
1.064268826565183401e+00
1.063888533496247124e+00
1.063511485889796271e+00
1.063137648216450071e+00
1.062766985413819976e+00
1.062399462879470180e+00
1.062035046463988275e+00
1.061673702464179581e+00
1.061315397616366951e+00
1.060960099089807818e+00
1.060607774480217369e+00
1.060258391803399425e+00
1.059911919488984555e+00
1.059568326374269231e+00
1.059227581698157561e+00
1.058889655095205162e+00
1.058554516589757633e+00
1.058222136590188711e+00
1.057892485883229927e+00
1.057565535628396614e+00
1.057241257352503405e+00
1.056919622944270110e+00
1.056600604649014841e+00
1.056284175063436193e+00
1.055970307130477126e+00
1.055658974134276784e+00
1.055350149695198914e+00
1.055043807764947994e+00
1.054739922621757087e+00
1.054438468865661171e+00
1.054139421413839983e+00
1.053842755496041450e+00
1.053548446650075743e+00
1.053256470717384596e+00
1.052966803838679022e+00
1.052679422449648960e+00
1.052394303276741994e+00
1.052111423333008444e+00
1.051830759914014424e+00
1.051552290593819050e+00
1.051275993221016058e+00
1.051001845914838917e+00
1.050729827061327892e+00
1.050459915309557291e+00
1.050192089567924203e+00
1.049926329000493652e+00
1.049662613023403912e+00
1.049400921301326672e+00
1.049141233743984714e+00
1.048883530502723316e+00
1.048627791967136069e+00
1.048373998761742865e+00
1.048122131742722063e+00
1.047872171994691071e+00
1.047624100827539095e+00
1.047377899773309196e+00
1.047133550583127626e+00
1.046891035224182476e+00
1.046650335876749383e+00
1.046411434931261430e+00
1.046174314985426346e+00
1.045938958841387878e+00
1.045705349502930259e+00
1.045473470172726183e+00
1.045243304249628080e+00
1.045014835326000036e+00
1.044788047185089441e+00
1.044562923798442622e+00
1.044339449323356206e+00
1.044117608100368688e+00
1.043897384650792182e+00
1.043678763674277699e+00
1.043461730046422176e+00
1.043246268816407918e+00
1.043032365204680456e+00
1.042820004600659267e+00
1.042609172560485575e+00
1.042399854804801684e+00
1.042192037216566503e+00
1.041985705838900156e+00
1.041780846872965238e+00
1.041577446675876928e+00
1.041375491758644634e+00
1.041174968784146504e+00
1.040975864565130138e+00
1.040778166062248378e+00
1.040581860382119750e+00
1.040386934775419547e+00
1.040193376635000000e+00
1.040001173494036646e+00
1.039810313024202681e+00
1.039620783033871287e+00
1.039432571466342603e+00
1.039245666398098011e+00
1.039060056037080626e+00
1.038875728720998426e+00
1.038692672915655590e+00
1.038510877213305150e+00
1.038330330331028506e+00
1.038151021109135597e+00
1.037972938509591270e+00
1.037796071614461635e+00
1.037620409624386175e+00
1.037445941857068066e+00
1.037272657745790472e+00
1.037100546837950388e+00
1.036929598793616902e+00
1.036759803384107892e+00
1.036591150490587587e+00
1.036423630102685678e+00
1.036257232317134180e+00
1.036091947336424957e+00
1.035927765467486550e+00
1.035764677120378563e+00
1.035602672807006464e+00
1.035441743139852599e+00
1.035281878830727198e+00
1.035123070689535352e+00
1.034965309623062657e+00
1.034808586633776839e+00
1.034652892818647363e+00
1.034498219367981697e+00
1.034344557564276013e+00
1.034191898781083863e+00
1.034040234481900633e+00
1.033889556219062866e+00
1.033739855632662907e+00
1.033591124449479315e+00
1.033443354481921039e+00
1.033296537626987810e+00
1.033150665865243623e+00
1.033005731259804882e+00
1.032861725955342092e+00
1.032718642177097301e+00
1.032576472229911113e+00
1.032435208497267443e+00
1.032294843440348941e+00
1.032155369597104411e+00
1.032016779581332644e+00
1.031879066081774932e+00
1.031742221861221775e+00
1.031606239755631593e+00
1.031471112673261858e+00
1.031336833593810454e+00
1.031203395567570569e+00
1.031070791714595369e+00
1.030939015223875321e+00
1.030808059352525952e+00
1.030677917424985823e+00
1.030548582832227389e+00
1.030420049030975616e+00
1.030292309542939710e+00
1.030165357954053063e+00
1.030039187913724952e+00
1.029913793134101363e+00
1.029789167389335125e+00
1.029665304514867374e+00
1.029542198406716791e+00
1.029419843020779268e+00
1.029298232372137578e+00
1.029177360534377028e+00
1.029057221638914665e+00
1.028937809874333142e+00
1.028819119485726574e+00
1.028701144774051945e+00
1.028583880095492065e+00
1.028467319860825180e+00
1.028351458534801921e+00
1.028236290635532679e+00
1.028121810733880981e+00
1.028008013452866409e+00
1.027894893467073523e+00
1.027782445502069431e+00
1.027670664333829587e+00
1.027559544788169132e+00
1.027449081740183123e+00
1.027339270113693193e+00
1.027230104880702433e+00
1.027121581060855160e+00
1.027013693720905563e+00
1.026906437974192787e+00
1.026799808980121798e+00
1.026693801943651563e+00
1.026588412114789906e+00
1.026483634788094346e+00
1.026379465302179383e+00
1.026275899039230444e+00
1.026172931424523149e+00
1.026070557925949256e+00
1.025968774053549026e+00
1.025867575359047823e+00
1.025766957435400917e+00
1.025666915916341182e+00
1.025567446475935895e+00
1.025468544828145756e+00
1.025370206726390787e+00
1.025272427963122679e+00
1.025175204369400905e+00
1.025078531814474392e+00
1.024982406205369623e+00
1.024886823486482079e+00
1.024791779639173450e+00
1.024697270681375283e+00
1.024603292667194410e+00
1.024509841686525924e+00
