8.445081835494964253e+03
1.255441041558986797e+02
3.756081017062857796e+01
1.949065956438326452e+01
1.292406638235937422e+01
9.798856564531650548e+00
8.049031598403725951e+00
6.954263064313944476e+00
6.210894773124589818e+00
5.673173721427573923e+00
5.264199426228674206e+00
4.940363257926465579e+00
4.675480309300510839e+00
4.453072217385534159e+00
4.262348100417979069e+00
4.095991888547233728e+00
3.948887020073582832e+00
3.817352619076137987e+00
3.698670813407250790e+00
3.590785833472728061e+00
3.492107642337381357e+00
3.401380901566668946e+00
3.317595745652808237e+00
3.239925874409743667e+00
3.167684833514433418e+00
3.100294613814742029e+00
3.037262727375918292e+00
2.978165203966858243e+00
2.922633781634392136e+00
2.870346109362661657e+00
2.821018142048052901e+00
2.774398152276163820e+00
2.730261950113970215e+00
2.688409017237763265e+00
2.648659342043779397e+00
2.610850799018607837e+00
2.574836955966813612e+00
2.540485221678399519e+00
2.507675267653726614e+00
2.476297672914700154e+00
2.446252752328384794e+00
2.417449537379450675e+00
2.389804884743446323e+00
2.363242692896977193e+00
2.337693210755213524e+00
2.313092425241725536e+00
2.289381516980671716e+00
2.266506375110319382e+00
2.244417163662209447e+00
2.223067933116784189e+00
2.202416271695399885e+00
2.182422991727768657e+00
2.163051847079377588e+00
2.144269278161056835e+00
2.126044181495278629e+00
2.108347701195869561e+00
2.091153040043319145e+00
2.074435288116208476e+00
2.058171267178892982e+00
2.042339389232471270e+00
2.026919527815920663e+00
2.011892900800613226e+00
1.997241963558568312e+00
1.982950311504738217e+00
1.969002591119419776e+00
1.955384418649945388e+00
1.942082305773372042e+00
1.929083591574964229e+00
1.916376380261917589e+00
1.903949484089795696e+00
1.891792371030434516e+00
1.879895116755978535e+00
1.868248360554846554e+00
1.856843264832227725e+00
1.845671477880555411e+00
1.834725099635036605e+00
1.823996650156010091e+00
1.813479040603598769e+00
1.803165546491962257e+00
1.793049783029521560e+00
1.783125682369443465e+00
1.773387472610081117e+00
1.763829658399790778e+00
1.754447003013119399e+00
1.745234511777317365e+00
1.736187416738671718e+00
1.727301162467749895e+00
1.718571392911415918e+00
1.709993939207421931e+00
1.701564808384581129e+00
1.693280172878069978e+00
1.685136360795349120e+00
1.677129846873711472e+00
1.669257244075310176e+00
1.661515295770064071e+00
1.653900868461003704e+00
1.646410945010257088e+00
1.639042618327425149e+00
1.631793085485110151e+00
1.624659642229331347e+00
1.617639677855050806e+00
1.610730670419573629e+00
1.603930182268599403e+00
1.597235855851859121e+00
1.590645409807045496e+00
1.584156635292368609e+00
1.577767392549750181e+00
1.571475607681897202e+00
1.565279269628020886e+00
1.559176427323906378e+00
1.553165187033342720e+00
1.547243709838836745e+00
1.541410209280389410e+00
1.535662949132145627e+00
1.530000241307305053e+00
1.524420443882544385e+00
1.518921959233791252e+00
1.513503232275828392e+00
1.508162748798750119e+00
1.502899033894795178e+00
1.497710650469625371e+00
1.492596197832449567e+00
1.487554310359896048e+00
1.482583656228846358e+00
1.477682936213825293e+00
1.472850882544833206e+00
1.468086257821787477e+00
1.463387853982101694e+00
1.458754491318032365e+00
1.454185017540793545e+00
1.449678306888558588e+00
1.445233259275743531e+00
1.440848799481056153e+00
1.436523876372064024e+00
1.432257462164124195e+00
1.428048551711678771e+00
1.423896161830081830e+00
1.419799330646178692e+00
1.415757116976090302e+00
1.411768599728628892e+00
1.407832877332964250e+00
1.403949067189229627e+00
1.400116305140806094e+00
1.396333744967168000e+00
1.392600557896185531e+00
1.388915932134883402e+00
1.385279072417700430e+00
1.381689199571373594e+00
1.378145550095622340e+00
1.374647375758812018e+00
1.371193943207924093e+00
1.367784533592083074e+00
1.364418442199046622e+00
1.361094978103991604e+00
1.357813463830106482e+00
1.354573235020349653e+00
1.351373640119952979e+00
1.348214040069140696e+00
1.345093808005633385e+00
1.342012328976516455e+00
1.338968999659031045e+00
1.335963228089980470e+00
1.332994433403311918e+00
1.330062045575600926e+00
1.327165505179070504e+00
1.324304263141876215e+00
1.321477780515335265e+00
1.318685528247863781e+00
1.315926986965329615e+00
1.313201646757592878e+00
1.310509006970995038e+00
1.307848576006591435e+00
1.305219871123874498e+00
1.302622418249847813e+00
1.300055751793190773e+00
1.297519414463403464e+00
1.295012957094695327e+00
1.292535938474499435e+00
1.290087925176421013e+00
1.287668491397497617e+00
1.285277218799608656e+00
1.282913696354892830e+00
1.280577520195074426e+00
1.278268293464525529e+00
1.275985626176989740e+00
1.273729135075815755e+00
1.271498443497616204e+00
1.269293181239230961e+00
1.267112984427900990e+00
1.264957495394550380e+00
1.262826362550091064e+00
1.260719240264646990e+00
1.258635788749623785e+00
1.256575673942543325e+00
1.254538567394538617e+00
1.252524146160475471e+00
1.250532092691576391e+00
1.248562094730524263e+00
1.246613845208931926e+00
1.244687042147151645e+00
1.242781388556333688e+00
1.240896592342682014e+00
1.239032366213846936e+00
1.237188427587403439e+00
1.235364498501336783e+00
1.233560305526525180e+00
1.231775579681112953e+00
1.230010056346771963e+00
1.228263475186778475e+00
1.226535580065859055e+00
1.224826118971765743e+00
1.223134843938540772e+00
1.221461510971417752e+00
1.219805879973322238e+00
1.218167714672939494e+00
1.216546782554295492e+00
1.214942854787828930e+00
1.213355706162903447e+00
1.211785115021744019e+00
1.210230863194736717e+00
1.208692735937088036e+00
1.207170521866783863e+00
1.205664012903836291e+00
1.204173004210782993e+00
1.202697294134403183e+00
1.201236684148624612e+00
1.199790978798602081e+00
1.198359985645925052e+00
1.196943515214941689e+00
1.195541380940165599e+00
1.194153399114735725e+00
1.192779388839928734e+00
1.191419171975668601e+00
1.190072573092023411e+00
1.188739419421687149e+00
1.187419540813378305e+00
1.186112769686189283e+00
1.184818940984820435e+00
1.183537892135701819e+00
1.182269463003978061e+00
1.181013495851336081e+00
1.179769835294659508e+00
1.178538328265488655e+00
1.177318823970263661e+00
1.176111173851351666e+00
1.174915231548817829e+00
1.173730852862940210e+00
1.172557895717444731e+00
1.171396220123447574e+00
1.170245688144091023e+00
1.169106163859849667e+00
1.167977513334510498e+00
1.166859604581782062e+00
1.165752307532564647e+00
1.164655494002809544e+00
1.163569037662013805e+00
1.162492814002293207e+00
1.161426700308039406e+00
1.160370575626155309e+00
1.159324320736838221e+00
1.158287818124914104e+00
1.157260951951706307e+00
1.156243608027428316e+00
1.155235673784088757e+00
1.154237038248895342e+00
1.153247592018159962e+00
1.152267227231673852e+00
1.151295837547563261e+00
1.150333318117600978e+00
1.149379565562977490e+00
1.148434477950507571e+00
1.147497954769280959e+00
1.146569896907724040e+00
1.145650206631097845e+00
1.144738787559385740e+00
1.143835544645592783e+00
1.142940384154435884e+00
1.142053213641412990e+00
1.141173941932255964e+00
1.140302479102746958e+00
1.139438736458898038e+00
1.138582626517488317e+00
1.137734062986943018e+00
1.136892960748559167e+00
1.136059235838060788e+00
1.135232805427480507e+00
1.134413587807368007e+00
1.133601502369306457e+00
1.132796469588740251e+00
1.131998411008105831e+00
1.131207249220255617e+00
1.130422907852176140e+00
1.129645311548987952e+00
1.128874385958229309e+00
1.128110057714405867e+00
1.127352254423821698e+00
1.126600904649656121e+00
1.125855937897321191e+00
1.125117284600048340e+00
1.124384876104744801e+00
1.123658644658080519e+00
1.122938523392818633e+00
1.122224446314381341e+00
1.121516348287644682e+00
1.120814165023958697e+00
1.120117833068389634e+00
1.119427289787180868e+00
1.118742473355422318e+00
1.118063322744935029e+00
1.117389777712357368e+00
1.116721778787431951e+00
1.116059267261492627e+00
1.115402185176143091e+00
1.114750475312129341e+00
1.114104081178390881e+00
1.113462947001306880e+00
1.112827017714110633e+00
1.112196238946488336e+00
1.111570557014346816e+00
1.110949918909753587e+00
1.110334272291042312e+00
1.109723565473082374e+00
1.109117747417711852e+00
1.108516767724320395e+00
1.107920576620600395e+00
1.107329124953434274e+00
1.106742364179945426e+00
1.106160246358687038e+00
1.105582724140976358e+00
1.105009750762374399e+00
1.104441280034297090e+00
1.103877266335771434e+00
1.103317664605318216e+00
1.102762430332968169e+00
1.102211519552410257e+00
1.101664888833261191e+00
1.101122495273467727e+00
1.100584296491817549e+00
1.100050250620586478e+00
1.099520316298289613e+00
1.098994452662557686e+00
1.098472619343123347e+00
1.097954776454916459e+00
1.097440884591276644e+00
1.096930904817263519e+00
1.096424798663084177e+00
1.095922528117614592e+00
1.095424055622028270e+00
1.094929344063525489e+00
1.094438356769161791e+00
1.093951057499765733e+00
1.093467410443964782e+00
1.092987380212294468e+00
1.092510931831402798e+00
1.092038030738345711e+00
1.091568642774970455e+00
1.091102734182386014e+00
1.090640271595521016e+00
1.090181222037763575e+00
1.089725552915683959e+00
1.089273232013840742e+00
1.088824227489665120e+00
1.088378507868425382e+00
1.087936042038265771e+00
1.087496799245325718e+00
1.087060749088928135e+00
1.086627861516846094e+00
1.086198106820639442e+00
1.085771455631062699e+00
1.085347878913540898e+00
1.084927347963718480e+00
1.084509834403068140e+00
1.084095310174576277e+00
1.083683747538479292e+00
1.083275119068083159e+00
1.082869397645624510e+00
1.082466556458210993e+00
1.082066568993812483e+00
1.081669409037316232e+00
1.081275050666640203e+00
1.080883468248902579e+00
1.080494636436651446e+00
1.080108530164147762e+00
1.079725124643703182e+00
1.079344395362074494e+00
1.078966318076909792e+00
1.078590868813245063e+00
1.078218023860056718e+00
1.077847759766860980e+00
1.077480053340364563e+00
1.077114881641164423e+00
1.076752221980495250e+00
1.076392051917024917e+00
1.076034349253695677e+00
1.075679092034613538e+00
1.075326258541978941e+00
1.074975827293064956e+00
1.074627777037239884e+00
1.074282086753028276e+00
1.073938735645219689e+00
1.073597703142015858e+00
1.073258968892218723e+00
1.072922512762460201e+00
1.072588314834472811e+00
1.072256355402393613e+00
1.071926614970114100e+00
1.071599074248662520e+00
1.071273714153625711e+00
1.070950515802605585e+00
1.070629460512715347e+00
1.070310529798107035e+00
1.069993705367535464e+00
1.069678969121957923e+00
1.069366303152165631e+00
1.069055689736449377e+00
1.068747111338298694e+00
1.068440550604130124e+00
1.068135990361052778e+00
1.067833413614658333e+00
1.067532803546847875e+00
1.067234143513684952e+00
1.066937417043280156e+00
1.066642607833704792e+00
1.066349699750932745e+00
1.066058676826813212e+00
1.065769523257067197e+00
1.065482223399315087e+00
1.065196761771129985e+00
1.064913123048118360e+00
1.064631292062025558e+00
1.064351253798870411e+00
1.064072993397100486e+00
1.063796496145776427e+00
1.063521747482780500e+00
1.063248732993047785e+00
1.062977438406822683e+00
1.062707849597937848e+00
1.062439952582119318e+00
1.062173733515309193e+00
1.061909178692018063e+00
1.061646274543691870e+00
1.061385007637107414e+00
1.061125364672785398e+00
1.060867332483425240e+00
1.060610898032362526e+00
1.060356048412045116e+00
1.060102770842531017e+00
1.059851052670004679e+00
1.059600881365315272e+00
1.059352244522531405e+00
1.059105129857517591e+00
1.058859525206528263e+00
1.058615418524820884e+00
1.058372797885286154e+00
1.058131651477097757e+00
1.057891967604379202e+00
1.057653734684887992e+00
1.057416941248716880e+00
1.057181575937013562e+00
1.056947627500713249e+00
1.056715084799293880e+00
1.056483936799541112e+00
1.056254172574333960e+00
1.056025781301444200e+00
1.055798752262350648e+00
1.055573074841070991e+00
1.055348738523007146e+00
1.055125732893804624e+00
1.054904047638229869e+00
1.054683672539057593e+00
1.054464597475976317e+00
1.054246812424505020e+00
1.054030307454926430e+00
1.053815072731230540e+00
1.053601098510075218e+00
1.053388375139756361e+00
1.053176893059194930e+00
1.052966642796932861e+00
1.052757614970146305e+00
1.052549800283666404e+00
1.052343189529015399e+00
1.052137773583456060e+00
1.051933543409048433e+00
1.051730490051723477e+00
1.051528604640365128e+00
1.051327878385905690e+00
1.051128302580430329e+00
1.050929868596296668e+00
1.050732567885259483e+00
1.050536391977612283e+00
1.050341332481336210e+00
1.050147381081260267e+00
1.049954529538231096e+00
1.049762769688294295e+00
1.049572093441886844e+00
1.049382492783035303e+00
1.049193959768568662e+00
1.049006486527339188e+00
1.048820065259449708e+00
1.048634688235495993e+00
