0.0000000000000000001 0.00000000000000001
0.030525030525030524 0.6144945444539189
0.06105006105006105 0.9463584031909704
0.09157509157509157 0.779349597170949
0.1221001221001221 0.46719982847571373
0.15262515262515264 0.13290624506771564
0.18315018315018314 0.15817161463201046
0.21367521367521367 0.14054599776864052
0.2442002442002442 0.06977243721485138
0.27472527472527475 0.056976672261953354
0.3052503052503053 0.06250336673110723
0.33577533577533575 0.09034725278615952
0.3663003663003663 0.20359671581536531
0.3968253968253968 0.39211330935359
0.42735042735042733 0.33822865411639214
0.45787545787545786 0.24557153321802616
0.4884004884004884 0.12429395783692598
0.518925518925519 0.06384226772934198
0.5494505494505495 0.04122792836278677
0.57997557997558 0.03348466195166111
0.6105006105006106 0.027478828094899654
0.6410256410256411 0.024203256703913212
0.6715506715506715 0.022034358233213425
0.702075702075702 0.02038318943232298
0.7326007326007326 0.01942552626132965
0.7631257631257631 0.018637401051819324
0.7936507936507936 0.018078884109854698
0.8241758241758241 0.017707406543195248
0.8547008547008547 0.01740934979170561
0.8852258852258852 0.01724144723266363
0.9157509157509157 0.017126580700278282
0.9462759462759462 0.01706272829324007
0.9768009768009768 0.017063556239008904
1.0073260073260073 0.017086751759052277
1.037851037851038 0.0171521520242095
1.0683760683760684 0.017242582514882088
1.098901098901099 0.017350079491734505
1.1294261294261294 0.017489204183220863
1.15995115995116 0.017638232558965683
1.1904761904761905 0.01780541054904461
1.221001221001221 0.01798742264509201
1.2515262515262515 0.018177179619669914
1.2820512820512822 0.01838440727442503
1.3125763125763126 0.018597868271172047
1.343101343101343 0.0188205698505044
1.3736263736263736 0.019053450785577297
1.404151404151404 0.01929093338549137
1.4346764346764347 0.019538555294275284
1.465201465201465 0.019791176542639732
1.4957264957264957 0.020049044862389565
1.5262515262515262 0.02031467668712139
1.5567765567765568 0.020583423785865307
1.5873015873015872 0.020858673378825188
1.6178266178266179 0.021138218231499195
1.6483516483516483 0.02142096497118473
1.678876678876679 0.02171014714986086
1.7094017094017093 0.022001666016876698
1.73992673992674 0.022297672927379608
1.7704517704517704 0.02259759232401848
1.800976800976801 0.022899657487869263
1.8315018315018314 0.023207204416394234
1.862026862026862 0.023516769520938396
1.8925518925518925 0.023829609155654907
1.9230769230769231 0.024146195501089096
1.9536019536019535 0.02446458302438259
1.9841269841269842 0.024787288159132004
2.0146520146520146 0.02511216513812542
2.045177045177045 0.02543952688574791
2.075702075702076 0.025770623236894608
2.1062271062271063 0.026103325188159943
2.1367521367521367 0.02643958479166031
2.167277167277167 0.0267782025039196
2.197802197802198 0.0271187424659729
2.2283272283272284 0.02746312040835619
2.258852258852259 0.027809002436697483
2.2893772893772892 0.028157896362245083
2.31990231990232 0.02850939892232418
2.3504273504273505 0.028862393461167812
2.380952380952381 0.02921943087130785
2.4114774114774113 0.029577933251857758
2.442002442002442 0.029939033091068268
2.4725274725274726 0.030303034000098705
2.503052503052503 0.03066849149763584
2.5335775335775335 0.031037643551826477
2.5641025641025643 0.0314085902646184
2.5946275946275947 0.03178177960216999
2.625152625152625 0.03215823229402304
2.6556776556776556 0.032536156475543976
2.686202686202686 0.03291747532784939
2.716727716727717 0.03330095950514078
2.7472527472527473 0.03368636965751648
2.7777777777777777 0.03407548367977142
2.808302808302808 0.03446611110121012
2.838827838827839 0.03485986962914467
2.8693528693528694 0.03525622747838497
2.8998778998779 0.03565421514213085
2.93040293040293 0.036056400276720524
2.960927960927961 0.036460159346461296
2.9914529914529915 0.036866807378828526
3.021978021978022 0.037276542745530605
3.0525030525030523 0.03768787905573845
3.083028083028083 0.03810343146324158
3.1135531135531136 0.03852091543376446
3.144078144078144 0.03894104529172182
3.1746031746031744 0.039364821277558804
3.2051282051282053 0.039790292270481586
3.2356532356532357 0.0402198126539588
3.266178266178266 0.0406517805531621
3.2967032967032965 0.041086127050220966
3.3272283272283274 0.041524763219058514
3.357753357753358 0.041965204291045666
3.3882783882783882 0.04240951128304005
3.4188034188034186 0.04285685997456312
3.4493284493284495 0.04330630227923393
3.47985347985348 0.04376075975596905
3.5103785103785103 0.04421714972704649
3.5409035409035408 0.04467720631510019
3.5714285714285716 0.04514098074287176
3.601953601953602 0.04560674633830786
3.6324786324786325 0.04607790522277355
3.663003663003663 0.046551366336643696
3.6935286935286937 0.04702827986329794
3.724053724053724 0.047509679570794106
3.7545787545787546 0.047993228770792484
3.785103785103785 0.04848206415772438
3.815628815628816 0.04897390026599169
3.8461538461538463 0.04946891777217388
3.8766788766788767 0.04996929969638586
3.907203907203907 0.05047201178967953
3.937728937728938 0.05097987502813339
3.9682539682539684 0.051491547375917435
3.998778998778999 0.05200609005987644
4.029304029304029 0.05252700671553612
4.05982905982906 0.053050462156534195
4.09035409035409 0.05357889644801617
4.1208791208791204 0.05411207024008036
4.151404151404152 0.054647861048579216
4.181929181929182 0.05519094783812761
4.212454212454213 0.05573693662881851
4.242979242979243 0.056287684477865696
4.273504273504273 0.05684423726052046
4.304029304029304 0.057403651997447014
4.334554334554334 0.05797033850103617
4.365079365079365 0.05854088254272938
4.395604395604396 0.059115889482200146
4.426129426129426 0.059697977267205715
4.456654456654457 0.06028321757912636
4.487179487179487 0.06087564863264561
4.517704517704518 0.06147307623177767
4.548229548229548 0.062074617482721806
4.5787545787545785 0.06268469337373972
4.609279609279609 0.06329824402928352
4.63980463980464 0.06391884759068489
4.670329670329671 0.06454580090939999
4.700854700854701 0.06517642829567194
4.7313797313797314 0.06581732258200645
4.761904761904762 0.06646206881850958
4.792429792429792 0.06711367517709732
4.822954822954823 0.06777321733534336
4.853479853479853 0.06843678466975689
4.884004884004884 0.06911083776503801
4.914529914529915 0.06979010812938213
4.945054945054945 0.07047597412019968
4.975579975579976 0.07117167487740517
5.006105006105006 0.07187187392264605
5.0366300366300365 0.07258265092968941
5.067155067155067 0.07330034673213959
5.097680097680097 0.07402425911277533
5.128205128205129 0.07476027309894562
5.158730158730159 0.0755013506859541
5.1892551892551895 0.07625305838882923
5.21978021978022 0.07701375894248486
5.25030525030525 0.07778017222881317
5.280830280830281 0.0785614661872387
5.311355311355311 0.079348498955369
5.3418803418803416 0.08014611341059208
5.372405372405372 0.08095528371632099
5.402930402930403 0.08177049458026886
5.433455433455434 0.0826020035892725
5.463980463980464 0.08344106283038855
5.4945054945054945 0.08429055660963058
5.525030525030525 0.085154814645648
5.555555555555555 0.08602601662278175
5.586080586080586 0.08691408205777407
5.616605616605616 0.08781255781650543
5.6471306471306475 0.08872124459594488
5.677655677655678 0.08964864909648895
5.708180708180708 0.09058411233127117
5.738705738705739 0.09153707977384329
5.769230769230769 0.0925041027367115
5.7997557997558 0.09348090831190348
5.83028083028083 0.09448156040161848
5.86080586080586 0.09549169801175594
5.891330891330892 0.09651997685432434
5.921855921855922 0.09756707679480314
5.9523809523809526 0.0986243188381195
5.982905982905983 0.0997098982334137
6.013431013431013 0.10080788843333721
6.043956043956044 0.1019246494397521
6.074481074481074 0.10306653380393982
6.105006105006105 0.10422062687575817
6.135531135531136 0.10540559887886047
6.166056166056166 0.10660863388329744
6.196581196581197 0.10783101059496403
6.227106227106227 0.10908708535134792
6.257631257631258 0.11035817116498947
6.288156288156288 0.11166316363960505
6.318681318681318 0.11299414746463299
6.349206349206349 0.11434490513056517
6.37973137973138 0.11574137769639492
6.410256410256411 0.11715675052255392
6.440781440781441 0.11860969383269548
6.471306471306471 0.12010006979107857
6.501831501831502 0.12161125056445599
6.532356532356532 0.12318363413214684
6.562881562881563 0.12478143814951181
6.593406593406593 0.1264214077964425
6.6239316239316235 0.12811579927802086
6.654456654456655 0.12983757257461548
6.684981684981685 0.13163216970860958
6.715506715506716 0.13346773944795132
6.746031746031746 0.13535119779407978
6.7765567765567765 0.13731549493968487
6.807081807081807 0.13931729551404715
6.837606837606837 0.14140795078128576
6.868131868131868 0.14356496930122375
6.898656898656899 0.14577715564519167
6.929181929181929 0.14811293687671423
6.95970695970696 0.15050258953124285
6.99023199023199 0.15300427563488483
7.020757020757021 0.1556156249716878
7.051282051282051 0.15829110518097878
7.0818070818070815 0.16116322111338377
7.112332112332112 0.16411733906716108
7.142857142857143 0.16721824556589127
7.173382173382174 0.17050720658153296
7.203907203907204 0.17389449384063482
7.2344322344322345 0.17756373528391123
7.264957264957265 0.18139042239636183
7.295482295482295 0.18541810661554337
7.326007326007326 0.18978538643568754
7.356532356532356 0.1943193031474948
7.3870573870573875 0.19927677232772112
7.417582417582418 0.20455341413617134
7.448107448107448 0.21011975407600403
7.478632478632479 0.21634162962436676
7.509157509157509 0.2228728262707591
7.5396825396825395 0.23008765932172537
7.57020757020757 0.23798866011202335
7.6007326007326 0.24632992688566446
7.631257631257632 0.25604110304266214
7.661782661782662 0.266386860050261
7.6923076923076925 0.27792409900575876
7.722832722832723 0.2910418324172497
7.753357753357753 0.30501907877624035
7.783882783882784 0.321756474673748
7.814407814407814 0.3400626564398408
7.844932844932845 0.3605585265904665
7.875457875457876 0.3847935441881418
7.905982905982906 0.4109318982809782
7.936507936507937 0.4422178687527776
7.967032967032967 0.47706045024096966
7.997557997557998 0.5154263619333506
8.028083028083028 0.5601735711097717
8.058608058608058 0.6071676285937428
8.089133089133089 0.6584251141175628
8.11965811965812 0.7093633189797401
8.15018315018315 0.7600771626457572
8.18070818070818 0.7998169045895338
8.21123321123321 0.8316043904051185
8.241758241758241 0.8470516111701727
8.272283272283273 0.8432721346616745
8.302808302808304 0.8293725065886974
8.333333333333334 0.7942034909501672
8.363858363858364 0.7552673704922199
8.394383394383395 0.7105746380984783
8.424908424908425 0.6665173731744289
8.455433455433456 0.6233935402706265
8.485958485958486 0.5856794267892838
8.516483516483516 0.551607521250844
8.547008547008547 0.5214734403416514
8.577533577533577 0.49732828233391047
8.608058608058608 0.4755308385938406
8.638583638583638 0.45851985830813646
8.669108669108669 0.44426534604281187
8.699633699633699 0.43212918750941753
8.73015873015873 0.4236173154786229
8.760683760683762 0.4163015792146325
8.791208791208792 0.4112301915884018
8.821733821733822 0.40784483682364225
8.852258852258853 0.40539208333939314
8.882783882783883 0.4050981802865863
8.913308913308914 0.4055144600570202
8.943833943833944 0.4071209691464901
8.974358974358974 0.40998648572713137
9.004884004884005 0.41346036549657583
9.035409035409035 0.4183795163407922
9.065934065934066 0.42401037365198135
9.096459096459096 0.4304812615737319
9.126984126984127 0.4382290979847312
9.157509157509157 0.4465494342148304
9.188034188034187 0.4561860430985689
9.218559218559218 0.4667493859305978
9.249084249084248 0.4780908031389117
9.27960927960928 0.491098721511662
9.31013431013431 0.5048185819759965
9.340659340659341 0.5200148476287723
9.371184371184372 0.5366047779098153
9.401709401709402 0.5540183130651712
9.432234432234432 0.5738473888486624
9.462759462759463 0.5946358293294907
9.493284493284493 0.6171474922448397
9.523809523809524 0.6416829787194729
9.554334554334554 0.6672498807311058
9.584859584859585 0.6955090705305338
9.615384615384615 0.7249859552830458
9.645909645909645 0.7560329036787152
9.676434676434676 0.7889466155320406
9.706959706959706 0.8225577035918832
9.737484737484737 0.8573552314192057
9.768009768009769 0.8920934041962028
9.7985347985348 0.926777170971036
9.82905982905983 0.9594678757712245
9.85958485958486 0.9907174166291952
9.89010989010989 1.0183374667540193
9.920634920634921 1.0415374301373959
9.951159951159951 1.0618720250204206
9.981684981684982 1.0734717594459653
10.012210012210012 1.081669731065631
10.042735042735043 1.0835407264530659
10.073260073260073 1.0796062014997005
10.103785103785103 1.0727520203217864
10.134310134310134 1.0600107023492455
10.164835164835164 1.0457891346886754
10.195360195360195 1.0294805252924562
10.225885225885225 1.0123480735346675
10.256410256410257 0.9951062044128776
10.286935286935288 0.9786595283076167
10.317460317460318 0.963349835947156
10.347985347985349 0.9491775846108794
10.378510378510379 0.9376453412696719
10.40903540903541 0.9273033225908875
10.43956043956044 0.9196271346881986
10.47008547008547 0.9140088949352503
10.5006105006105 0.9098514681681991
10.531135531135531 0.908949377015233
10.561660561660561 0.9092383868992329
10.592185592185592 0.9117885073646903
10.622710622710622 0.9163829004392028
10.653235653235653 0.9220736110582948
10.683760683760683 0.9304906232282519
10.714285714285714 0.9399154223501682
10.744810744810744 0.9508961224928498
10.775335775335776 0.9636098938062787
10.805860805860807 0.9771203184500337
10.836385836385837 0.9924033153802156
10.866910866910867 1.008490008302033
10.897435897435898 1.0254542045295238
10.927960927960928 1.0435197530314326
10.958485958485959 1.061974611133337
10.989010989010989 1.0811397032812238
11.01953601953602 1.1005365354940295
11.05006105006105 1.1201132433488965
11.08058608058608 1.1395827746018767
11.11111111111111 1.1588498568162322
11.141636141636141 1.177634042687714
11.172161172161172 1.1956139169633389
11.202686202686202 1.2131397603079677
11.233211233211232 1.2289090612903237
11.263736263736265 1.2438518228009343
11.294261294261295 1.2573947571218014
11.324786324786325 1.2690643100067973
11.355311355311356 1.2797931442037225
11.385836385836386 1.288051463663578
11.416361416361417 1.2950679631903768
11.446886446886447 1.3006041897460818
11.477411477411477 1.3040638165548444
11.507936507936508 1.3066657045856118
11.538461538461538 1.3074609190225601
11.568986568986569 1.3073106966912746
11.5995115995116 1.3063588282093406
11.63003663003663 1.3043029829859734
11.66056166056166 1.3019498670473695
11.69108669108669 1.2991005163639784
11.72161172161172 1.2961609177291393
11.752136752136753 1.2931674243882298
11.782661782661783 1.2905082004144788
11.813186813186814 1.2881164019927382
11.843711843711844 1.2862148452550173
11.874236874236875 1.285089141689241
11.904761904761905 1.2843769090250134
11.935286935286936 1.2849170928820968
11.965811965811966 1.286124186590314
11.996336996336996 1.2881997898221016
12.026862026862027 1.2915893290191889
12.057387057387057 1.2955844597890973
12.087912087912088 1.3010161286219954
12.118437118437118 1.307333368808031
12.148962148962148 1.314470355398953
12.179487179487179 1.3230657977983356
12.21001221001221 1.332237091846764
12.24053724053724 1.3425908777862787
12.271062271062272 1.3538056993857026
12.301587301587302 1.3655844517052174
12.332112332112333 1.3785688681527972
12.362637362637363 1.391934160143137
12.393162393162394 1.405993995256722
12.423687423687424 1.4205918116495013
12.454212454212454 1.4354573171585798
12.484737484737485 1.4507909920066595
12.515262515262515 1.4661975121125579
12.545787545787546 1.4817077796906233
12.576312576312576 1.4970895629376173
12.606837606837606 1.5123628471046686
12.637362637362637 1.5271842069923878
12.667887667887667 1.541566009633243
12.698412698412698 1.5555037502199411
12.728937728937728 1.5683805141597986
12.75946275946276 1.580738976597786
12.78998778998779 1.5918820817023516
12.820512820512821 1.6019524270668626
12.851037851037852 1.6112535670399666
12.881562881562882 1.6186031345278025
12.912087912087912 1.6251581301912665
12.942612942612943 1.6301711993291974
12.973137973137973 1.6336521795019507
13.003663003663004 1.636303129605949
13.034188034188034 1.636732860468328
13.064713064713064 1.6363038066774607
13.095238095238095 1.6345351841300726
13.125763125763125 1.6312358509749174
13.156288156288156 1.6272261831909418
13.186813186813186 1.6216121017932892
13.217338217338217 1.6152658015489578
13.247863247863247 1.6081121526658535
13.27838827838828 1.5999201871454716
13.30891330891331 1.5913422834128141
13.33943833943834 1.5820228811353445
13.36996336996337 1.572359156794846
13.4004884004884 1.562425497919321
13.431013431013431 1.5521986735984683
13.461538461538462 1.5419343141838908
13.492063492063492 1.5316376462578773
13.522588522588523 1.521467698737979
13.553113553113553 1.5113702164962888
13.583638583638583 1.5016717240214348
13.614163614163614 1.4921838277950883
13.644688644688644 1.4830563701689243
13.675213675213675 1.4744426496326923
13.705738705738705 1.4660922214388847
13.736263736263735 1.4584684586152434
13.766788766788768 1.4512371532619
13.797313797313798 1.444478309713304
13.827838827838828 1.4384527849033475
13.858363858363859 1.4327539093792439
13.88888888888889 1.4278016677126288
13.91941391941392 1.4233294306322932
13.94993894993895 1.419268230907619
13.98046398046398 1.415977113880217
14.010989010989011 1.4129807585850358
14.041514041514041 1.4105745973065495
14.072039072039072 1.4086241237819195
14.102564102564102 1.4069486362859607
14.133089133089133 1.4059112118557096
14.163614163614163 1.4050754429772496
14.194139194139193 1.4046013271436095
14.224664224664224 1.404447135515511
14.255189255189256 1.4044485809281468
14.285714285714286 1.404768661595881
14.316239316239317 1.4051879197359085
14.346764346764347 1.4057376347482204
14.377289377289378 1.4063782906159759
14.407814407814408 1.407042471691966
14.438339438339439 1.4077059123665094
14.468864468864469 1.4083107626065612
14.4993894993895 1.4088608417659998
14.52991452991453 1.4092163452878594
14.56043956043956 1.4094676682725549
14.59096459096459 1.4094745088368654
14.621489621489621 1.4092321060597897
14.652014652014651 1.4088247856125236
14.682539682539682 1.4079413311555982
14.713064713064712 1.4068572670221329
14.743589743589743 1.4053942458704114
14.774114774114775 1.403509333729744
14.804639804639805 1.4014004142954946
14.835164835164836 1.398670755326748
14.865689865689866 1.3956650542095304
14.896214896214897 1.392262201756239
14.926739926739927 1.3883347399532795
14.957264957264957 1.3841627035290003
14.987789987789988 1.3794098291546106
15.018315018315018 1.3743368713185191
15.048840048840049 1.3689373647794127
15.079365079365079 1.3630152717232704
15.10989010989011 1.3568828189745545
15.14041514041514 1.3503102464601398
15.17094017094017 1.3434446062892675
15.2014652014652 1.3363667028024793
15.231990231990231 1.3288729274645448
15.262515262515263 1.3212401010096073
15.293040293040294 1.3133470453321934
15.323565323565324 1.3052535085007548
15.354090354090355 1.2970528695732355
15.384615384615385 1.2886300357058644
15.415140415140415 1.2801460223272443
15.445665445665446 1.2715655863285065
15.476190476190476 1.2629195153713226
15.506715506715507 1.254249188117683
15.537240537240537 1.2455600472167134
15.567765567765568 1.2368899434804916
15.598290598290598 1.228241041302681
15.628815628815628 1.219672861509025
15.659340659340659 1.2111496906727552
15.68986568986569 1.2027452662587166
15.72039072039072 1.1944481302052736
15.750915750915752 1.186235941015184
15.781440781440782 1.1782373040914536
15.811965811965813 1.1703318301588297
15.842490842490843 1.1626166785135865
15.873015873015873 1.155089620500803
15.903540903540904 1.1476684510707855
15.934065934065934 1.1405606428161263
15.964590964590965 1.133574465289712
15.995115995115995 1.126798669807613
16.025641025641026 1.1202737409621477
16.056166056166056 1.1138741541653872
16.086691086691086 1.107795562595129
16.117216117216117 1.1018784632906318
16.147741147741147 1.096157711930573
16.178266178266178 1.090728223323822
16.208791208791208 1.0854280404746532
16.23931623931624 1.0804223204031587
16.26984126984127 1.0756052937358618
16.3003663003663 1.0709514496847987
16.33089133089133 1.0666073467582464
16.36141636141636 1.062385717406869
16.39194139194139 1.058412996120751
16.42246642246642 1.0546424519270658
16.45299145299145 1.0509951943531632
16.483516483516482 1.0476559465751052
16.514041514041516 1.044425423257053
16.544566544566546 1.0413915468379855
16.575091575091577 1.0385590847581625
16.605616605616607 1.0358287710696459
16.636141636141637 1.0333505775779486
16.666666666666668 1.0309814689680934
16.6971916971917 1.0287572862580419
16.72771672771673 1.026720984838903
16.75824175824176 1.0247680069878697
16.78876678876679 1.0230020051822066
16.81929181929182 1.0213404288515449
16.84981684981685 1.0197774330154061
16.88034188034188 1.0183767899870872
16.91086691086691 1.017039019614458
16.94139194139194 1.0158292092382908
16.971916971916972 1.0147090600803494
17.002442002442002 1.0136488489806652
17.032967032967033 1.0127152679488063
17.063492063492063 1.011823546141386
17.094017094017094 1.0110089043155313
17.124542124542124 1.0102599877864122
17.155067155067155 1.0095449956133962
17.185592185592185 1.0089048380032182
17.216117216117215 1.0082895336672664
17.246642246642246 1.0077103497460485
17.277167277167276 1.007164747454226
17.307692307692307 1.0066327648237348
17.338217338217337 1.0061243055388331
17.368742368742367 1.005620756186545
17.399267399267398 1.0051222648471594
17.42979242979243 1.004619112238288
17.46031746031746 1.0041105151176453
17.49084249084249 1.0035850293934345
17.521367521367523 1.0030382387340069
17.551892551892553 1.0024758633226156
17.582417582417584 1.001865517348051
17.612942612942614 1.0012324070557952
17.643467643467645 1.0005536125972867
17.673992673992675 0.9998225932940841
17.704517704517706 0.9990627495571971
17.735042735042736 0.9982134010642767
17.765567765567766 0.9973242953419685
17.796092796092797 0.996371878311038
17.826617826617827 0.9953332953155041
17.857142857142858 0.9942519571632147
17.887667887667888 0.9930592458695173
17.91819291819292 0.9918030528351665
17.94871794871795 0.9904754785820842
17.97924297924298 0.9890282899141312
18.00976800976801 0.9875275585800409
18.04029304029304 0.9859044598415494
18.07081807081807 0.9841932449489832
18.1013431013431 0.9824115633964539
18.13186813186813 0.9804786397144198
18.162393162393162 0.9784846967086196
18.192918192918192 0.9763682736083865
18.223443223443223 0.9741403581574559
18.253968253968253 0.9718494899570942
18.284493284493283 0.9693812988698483
18.315018315018314 0.9668475650250912
18.345543345543344 0.9641992524266243
18.376068376068375 0.9614194622263312
18.406593406593405 0.9585740612819791
18.437118437118436 0.9555624490603805
18.467643467643466 0.9524691747501493
18.498168498168496 0.9492756221443415
18.52869352869353 0.9459358174353838
18.55921855921856 0.9425310455262661
18.58974358974359 0.9389783060178161
18.62026862026862 0.9353314759209752
18.650793650793652 0.9316024705767632
18.681318681318682 0.9277190156280994
18.711843711843713 0.9237741641700268
18.742368742368743 0.9197040153667331
18.772893772893774 0.9155324334278703
18.803418803418804 0.9112983513623476
18.833943833943835 0.9069087579846382
18.864468864468865 0.9024639148265123
18.894993894993895 0.8979187766090035
18.925518925518926 0.8932707719504833
18.956043956043956 0.8885703142732382
18.986568986568987 0.8837391128763556
19.017094017094017 0.8788514276966453
19.047619047619047 0.8738879440352321
19.078144078144078 0.8688259059563279
19.10866910866911 0.8637197995558381
19.13919413919414 0.8585138749331236
19.16971916971917 0.8532519247382879
19.2002442002442 0.8479365659877658
19.23076923076923 0.8425326943397522
19.26129426129426 0.8370940964668989
19.29181929181929 0.8315842458978295
19.32234432234432 0.8260235581547022
19.35286935286935 0.8204285409301519
19.383394383394382 0.8147599054500461
19.413919413919412 0.809066092595458
19.444444444444443 0.8033255869522691
19.474969474969473 0.7975438795983791
19.505494505494507 0.7917406558990479
19.536019536019538 0.7858871147036552
19.566544566544568 0.7800154881551862
19.5970695970696 0.7741173086687922
19.62759462759463 0.7681907285004854
19.65811965811966 0.7622517319396138
19.68864468864469 0.756287083029747
19.71916971916972 0.750311647541821
19.74969474969475 0.7443249886855483
19.78021978021978 0.7383253155276179
19.81074481074481 0.7323215985670686
19.841269841269842 0.7263113297522068
19.871794871794872 0.7203000131994486
19.902319902319903 0.7142879236489534
19.932844932844933 0.7082798909395933
19.963369963369964 0.7022752352058887
19.993894993894994 0.6962778810411692
20.024420024420024 0.6902910424396396
20.054945054945055 0.6843100870028138
20.085470085470085 0.6783501319587231
20.115995115995116 0.6724002882838249
20.146520146520146 0.6664667082950473
20.177045177045176 0.6605563284829259
20.207570207570207 0.6546576879918575
20.238095238095237 0.6487908689305186
20.268620268620268 0.6429426344111562
20.299145299145298 0.6371155055239797
20.32967032967033 0.6313245166093111
20.36019536019536 0.6255499962717295
20.39072039072039 0.6198137104511261
20.42124542124542 0.6141052804887295
20.45177045177045 0.6084193456918001
20.48229548229548 0.6027824375778437
20.512820512820515 0.5971656842157245
20.543345543345545 0.5915897293016315
20.573870573870575 0.5860511995851994
20.604395604395606 0.5805338909849524
20.634920634920636 0.5750776175409555
20.665445665445667 0.5696441698819399
20.695970695970697 0.5642510298639536
20.726495726495727 0.5589048471301794
20.757020757020758 0.5535822818055749
20.78754578754579 0.5483205849304795
20.81807081807082 0.5430891616269946
20.84859584859585 0.5378952790051699
20.87912087912088 0.5327572515234351
20.90964590964591 0.5276444023475051
20.94017094017094 0.5225898213684559
20.97069597069597 0.5175729375332594
21.001221001221 0.5125893000513315
21.03174603174603 0.5076695345342159
21.062271062271062 0.5027758348733187
21.092796092796092 0.49793602898716927
21.123321123321123 0.49314094334840775
21.153846153846153 0.48837370052933693
21.184371184371184 0.4836776489391923
21.214896214896214 0.4790080124512315
21.245421245421245 0.4743866194039583
21.275946275946275 0.46981640439480543
21.306471306471305 0.4652725737541914
21.336996336996336 0.46079701464623213
21.367521367521366 0.45635239128023386
21.398046398046397 0.45194970164448023
21.428571428571427 0.4476038897410035
21.459096459096457 0.44328423123806715
21.489621489621488 0.4390261750668287
21.520146520146522 0.4348045876249671
21.550671550671552 0.4306181110441685
21.581196581196583 0.42649364192038774
21.611721611721613 0.42239479161798954
21.642246642246644 0.41835014428943396
21.672771672771674 0.41434717271476984
21.703296703296704 0.410372631624341
21.733821733821735 0.4064641809090972
21.764346764346765 0.40258061978966
21.794871794871796 0.39874398056417704
21.825396825396826 0.39495339058339596
21.855921855921856 0.39118728041648865
21.886446886446887 0.38748546969145536
21.916971916971917 0.3838102938607335
21.947496947496948 0.3801746228709817
21.978021978021978 0.3765889937058091
22.00854700854701 0.3730269158259034
22.03907203907204 0.36952119693160057
22.06959706959707 0.3660464370623231
22.1001221001221 0.36260420456528664
22.13064713064713 0.3592152390629053
22.16117216117216 0.35584872774779797
22.19169719169719 0.352530843578279
22.22222222222222 0.3492477601394057
22.252747252747252 0.34599065221846104
22.283272283272282 0.34278945345431566
22.313797313797313 0.339609588496387
22.344322344322343 0.33647111617028713
22.374847374847374 0.3333706706762314
22.405372405372404 0.33029111940413713
22.435897435897434 0.3272673571482301
22.466422466422465 0.32426487654447556
22.496947496947495 0.32129699643701315
22.52747252747253 0.3183699185028672
22.55799755799756 0.3154626125469804
22.58852258852259 0.31260365527123213
22.61904761904762 0.30976934637874365
22.64957264957265 0.3069633059203625
22.68009768009768 0.30420028418302536
22.71062271062271 0.301455894485116
22.741147741147742 0.2987529393285513
22.771672771672772 0.2960776137188077
22.802197802197803 0.2934248289093375
22.832722832722833 0.2908167205750942
22.863247863247864 0.28822616022080183
22.893772893772894 0.28567071072757244
22.924297924297925 0.28314531594514847
22.954822954822955 0.28063714411109686
22.985347985347985 0.2781752897426486
23.015873015873016 0.27572984993457794
23.046398046398046 0.27331350464373827
23.076923076923077 0.27092931419610977
23.107448107448107 0.2685611890628934
23.137973137973137 0.2662332123145461
23.168498168498168 0.2639242196455598
23.1990231990232 0.2616390082985163
23.22954822954823 0.2593876924365759
23.26007326007326 0.25715142488479614
23.29059829059829 0.2549493629485369
23.32112332112332 0.2527686869725585
23.35164835164835 0.2506070611998439
23.38217338217338 0.24848054815083742
23.41269841269841 0.24636811017990112
23.44322344322344 0.24428461212664843
23.473748473748472 0.2422243906185031
23.504273504273506 0.24017881136387587
23.534798534798536 0.2381695006042719
23.565323565323567 0.23617336340248585
23.595848595848597 0.2342013269662857
23.626373626373628 0.23225420527160168
23.656898656898658 0.2303199339658022
23.68742368742369 0.22841846756637096
23.71794871794872 0.22653144225478172
23.74847374847375 0.22466418240219355
23.77899877899878 0.22282314859330654
23.80952380952381 0.22099412512034178
23.84004884004884 0.21919315122067928
23.87057387057387 0.21740846801549196
23.9010989010989 0.21563961915671825
23.931623931623932 0.21389809250831604
23.962148962148962 0.21216779574751854
23.992673992673993 0.2104612234979868
24.023199023199023 0.20877253077924252
24.053724053724054 0.20709616225212812
24.084249084249084 0.2054479755461216
24.114774114774114 0.20381026528775692
24.145299145299145 0.20219233445823193
24.175824175824175 0.20059359353035688
24.206349206349206 0.19900508597493172
24.236874236874236 0.19744330924004316
24.267399267399266 0.19589241221547127
24.297924297924297 0.19435782078653574
24.328449328449327 0.19284349121153355
24.358974358974358 0.1913387170061469
24.389499389499388 0.18985680397599936
24.42002442002442 0.18838727939873934
24.45054945054945 0.1869308976456523
24.48107448107448 0.1854957127943635
24.511599511599513 0.1840694723650813
24.542124542124544 0.1826626406982541
24.572649572649574 0.18126949109137058
24.603174603174605 0.17988665215671062
24.633699633699635 0.1785256713628769
24.664224664224665 0.17717306315898895
24.694749694749696 0.17583676613867283
24.725274725274726 0.17451522778719664
24.755799755799757 0.17320182919502258
24.786324786324787 0.1719102067872882
24.816849816849818 0.1706267585977912
24.847374847374848 0.169356738217175
24.87789987789988 0.16810240037739277
24.90842490842491 0.16685568541288376
24.93894993894994 0.16562764812260866
24.96947496947497 0.16440905537456274
25.0 0.16320140101015568
25.03052503052503 0.16201017890125513
25.06105006105006 0.1608260916545987
25.09157509157509 0.15965790022164583
25.12210012210012 0.1585002075880766
25.152625152625152 0.15735116228461266
25.183150183150182 0.15621915832161903
25.213675213675213 0.15509384591132402
25.244200244200243 0.15398196503520012
25.274725274725274 0.15288150869309902
25.305250305250304 0.1517876721918583
25.335775335775335 0.15071134362369776
25.366300366300365 0.14964129403233528
25.396825396825395 0.14858241006731987
25.427350427350426 0.14753570221364498
25.457875457875456 0.14649510011076927
25.488400488400487 0.14546982292085886
25.51892551892552 0.14445172529667616
25.54945054945055 0.14344271086156368
25.57997557997558 0.14244655147194862
25.610500610500612 0.14145612623542547
25.641025641025642 0.14047879073768854
25.671550671550673 0.13950954098254442
25.702075702075703 0.1385475667193532
25.732600732600734 0.1375989681109786
25.763125763125764 0.1366557441651821
25.793650793650794 0.13572360202670097
25.824175824175825 0.134800317697227
25.854700854700855 0.13388266507536173
25.885225885225886 0.1329788165166974
25.915750915750916 0.1320800157263875
25.946275946275946 0.13119048532098532
25.976800976800977 0.13031046651303768
26.007326007326007 0.12943537440150976
26.037851037851038 0.12857291009277105
26.068376068376068 0.1277159508317709
26.0989010989011 0.1268666023388505
26.12942612942613 0.12602735124528408
26.15995115995116 0.12519273534417152
26.19047619047619 0.12436896841973066
26.22100122100122 0.1235514422878623
26.25152625152625 0.12274004332721233
26.28205128205128 0.12193920463323593
26.31257631257631 0.12114271800965071
26.343101343101342 0.12035544496029615
26.373626373626372 0.11957509070634842
26.404151404151403 0.11879955511540174
26.434676434676433 0.11803494114428759
26.465201465201464 0.11727441661059856
26.495726495726494 0.11652164068073034
26.526251526251528 0.11577635072171688
26.55677655677656 0.11503506265580654
26.58730158730159 0.11430422402918339
26.61782661782662 0.11357764806598425
26.64835164835165 0.11285751964896917
26.67887667887668 0.11214532796293497
26.70940170940171 0.11143689323216677
26.73992673992674 0.11073748394846916
26.77045177045177 0.11004296783357859
26.8009768009768 0.10935369040817022
26.831501831501832 0.10867273714393377
26.862026862026863 0.10799533221870661
26.892551892551893 0.10732568334788084
26.923076923076923 0.10666143707931042
26.953601953601954 0.10600130632519722
26.984126984126984 0.10534991044551134
27.014652014652015 0.10470185428857803
27.045177045177045 0.10406031832098961
27.075702075702075 0.1034246888011694
27.106227106227106 0.10279232915490866
27.136752136752136 0.10216873791068792
27.167277167277167 0.10154842305928469
27.197802197802197 0.1009335434064269
27.228327228327228 0.10032498184591532
27.258852258852258 0.09971950203180313
27.28937728937729 0.09912160597741604
27.31990231990232 0.09852752275764942
27.35042735042735 0.09793790150433779
27.38095238095238 0.09735496155917645
27.41147741147741 0.09677493292838335
27.44200244200244 0.09620141610503197
27.47252747252747 0.0956321731209755
27.503052503052505 0.09506648685783148
27.533577533577535 0.09450781252235174
27.564102564102566 0.09395188465714455
27.594627594627596 0.09340147767215967
27.625152625152626 0.09285576455295086
27.655677655677657 0.09231279697269201
27.686202686202687 0.09177710674703121
27.716727716727718 0.09124400746077299
27.747252747252748 0.09071553219109774
27.77777777777778 0.09019213076680899
27.80830280830281 0.08967127837240696
27.83882783882784 0.08915680181235075
27.86935286935287 0.0886453427374363
27.8998778998779 0.08813773840665817
27.93040293040293 0.08763547148555517
27.96092796092796 0.08713560458272696
27.99145299145299 0.08664126601070166
28.021978021978022 0.08615033887326717
28.052503052503052 0.08566251210868359
28.083028083028083 0.08518031612038612
28.113553113553113 0.08470039814710617
28.144078144078144 0.0842251991853118
28.174603174603174 0.08375375624746084
28.205128205128204 0.08328472543507814
28.235653235653235 0.08282157685607672
28.266178266178265 0.0823605814948678
28.296703296703296 0.0819035554304719
28.327228327228326 0.08145061694085598
28.357753357753356 0.08099979907274246
28.388278388278387 0.08055441454052925
28.418803418803417 0.08011139743030071
28.449328449328448 0.07967168465256691
28.479853479853478 0.07923632301390171
28.510378510378512 0.07880296930670738
28.540903540903543 0.07837432529777288
28.571428571428573 0.07794839888811111
28.601953601953603 0.07752516586333513
28.632478632478634 0.07710649445652962
28.663003663003664 0.07668972946703434
28.693528693528695 0.07627704739570618
28.724053724053725 0.07586736883968115
28.754578754578755 0.07545980345457792
28.785103785103786 0.07505704369395971
28.815628815628816 0.07465608883649111
28.846153846153847 0.07425856776535511
28.876678876678877 0.07386433985084295
28.907203907203908 0.07347187865525484
28.937728937728938 0.07308408059179783
28.96825396825397 0.07269816007465124
28.998778998779 0.07231511175632477
29.02930402930403 0.07193559315055609
29.05982905982906 0.07155775558203459
29.09035409035409 0.07118397299200296
29.12087912087912 0.07081236969679594
29.15140415140415 0.07044312078505754
29.18192918192918 0.07007761392742395
29.21245421245421 0.06971370335668325
29.242979242979242 0.06935329176485538
29.273504273504273 0.06899532116949558
29.304029304029303 0.06863922905176878
29.334554334554333 0.06828707549721003
29.365079365079364 0.06793644092977047
29.395604395604394 0.0675887893885374
29.426129426129425 0.06724382564425468
29.456654456654455 0.06690035667270422
29.487179487179485 0.06656087283045053
29.51770451770452 0.06622288841754198
29.54822954822955 0.06588742043823004
29.57875457875458 0.0655548395588994
29.60927960927961 0.06522367522120476
29.63980463980464 0.06489600241184235
29.67032967032967 0.06457008700817823
29.700854700854702 0.06424625311046839
29.731379731379732 0.06392549816519022
29.761904761904763 0.06360608991235495
29.792429792429793 0.06328970193862915
29.822954822954824 0.0629753079265356
29.853479853479854 0.06266258750110865
29.884004884004884 0.0623531099408865
29.914529914529915 0.06204491760581732
29.945054945054945 0.06173932924866676
29.975579975579976 0.061435929499566555
30.006105006105006 0.06113382242619991
30.036630036630036 0.060835130512714386
30.067155067155067 0.06053766142576933
30.097680097680097 0.06024238560348749
30.128205128205128 0.05994948837906122
30.158730158730158 0.059657794423401356
30.18925518925519 0.05936915520578623
30.21978021978022 0.05908192042261362
30.25030525030525 0.058796499855816364
30.28083028083028 0.05851364601403475
30.31135531135531 0.05823194328695536
30.34188034188034 0.05795287620276213
30.37240537240537 0.057675423100590706
30.4029304029304 0.0573994480073452
30.433455433455432 0.057126184925436974
30.463980463980462 0.056854020804166794
30.494505494505493 0.05658413656055927
30.525030525030527 0.056316045112907887
30.555555555555557 0.056049118749797344
30.586080586080588 0.05578503850847483
30.616605616605618 0.05552200134843588
30.64713064713065 0.05526089575141668
30.67765567765568 0.055001757107675076
30.70818070818071 0.05474364571273327
30.73870573870574 0.05448818951845169
30.76923076923077 0.05423388630151749
30.7997557997558 0.05398120637983084
30.83028083028083 0.053730640560388565
30.86080586080586 0.05348105449229479
30.89133089133089 0.05323377717286348
30.921855921855922 0.05298783257603645
30.952380952380953 0.0527432207018137
30.982905982905983 0.05250085983425379
31.013431013431013 0.05225943587720394
31.043956043956044 0.052020009607076645
31.074481074481074 0.051782078109681606
31.105006105006105 0.051545205526053905
31.135531135531135 0.05131069757044315
31.166056166056165 0.05107708740979433
31.196581196581196 0.05084519274532795
31.227106227106226 0.05061492882668972
31.257631257631257 0.05038554593920708
31.288156288156287 0.05015850346535444
31.318681318681318 0.04993239417672157
31.349206349206348 0.04970772657543421
31.37973137973138 0.049484824761748314
31.41025641025641 0.04926276300102472
31.44078144078144 0.049042738042771816
31.47130647130647 0.04882380552589893
31.501831501831504 0.04860606696456671
31.532356532356534 0.0483902171254158
31.562881562881564 0.04817517288029194
31.593406593406595 0.047961900010704994
31.623931623931625 0.04774985741823912
31.654456654456656 0.04753876943141222
31.684981684981686 0.0473296819254756
31.715506715506717 0.04712137021124363
31.746031746031747 0.04691458307206631
31.776556776556777 0.046709151938557625
31.807081807081808 0.046504479832947254
31.837606837606838 0.046301864087581635
31.86813186813187 0.0461000083014369
31.8986568986569 0.045899445191025734
31.92918192918193 0.04570035543292761
31.95970695970696 0.04550199117511511
31.99023199023199 0.045305442065000534
32.020757020757024 0.045109791681170464
32.05128205128205 0.044915211386978626
32.081807081807085 0.04472222086042166
32.11233211233211 0.0445299306884408
32.142857142857146 0.04433920979499817
32.17338217338217 0.04414951615035534
32.20390720390721 0.043960691429674625
32.234432234432234 0.043773556128144264
32.26495726495727 0.0435870885848999
32.295482295482294 0.04340197704732418
32.32600732600733 0.04321800637990236
32.356532356532355 0.043034713715314865
32.38705738705739 0.04285319894552231
32.417582417582416 0.04267232771962881
32.44810744810745 0.042492615059018135
32.47863247863248 0.04231414292007685
32.50915750915751 0.0421363040804863
32.53968253968254 0.04196007363498211
32.57020757020757 0.041784584522247314
32.6007326007326 0.041610054671764374
32.63125763125763 0.04143687803298235
32.66178266178266 0.0412643076851964
32.69230769230769 0.04109312780201435
32.72283272283272 0.04092280846089125
32.753357753357754 0.04075329005718231
32.78388278388278 0.04058519098907709
32.814407814407815 0.040417673997581005
32.84493284493284 0.04025137610733509
32.875457875457876 0.04008604120463133
32.9059829059829 0.03992133587598801
32.93650793650794 0.039758131839334965
32.967032967032964 0.03959548659622669
32.997557997558 0.03943387884646654
33.02808302808303 0.039273329079151154
33.05860805860806 0.03911333438009024
33.08913308913309 0.038954767398536205
33.11965811965812 0.038796817883849144
33.15018315018315 0.038639744743704796
33.18070818070818 0.038483805023133755
33.211233211233214 0.0383283905684948
33.24175824175824 0.038174234330654144
33.272283272283275 0.038020793348550797
33.3028083028083 0.03786807507276535
33.333333333333336 0.037716579623520374
33.36385836385836 0.03756559453904629
33.3943833943834 0.03741570468991995
33.42490842490842 0.037266612984240055
33.45543345543346 0.037118093110620975
33.485958485958484 0.03697086684405804
33.51648351648352 0.036824132315814495
33.547008547008545 0.03667834214866161
33.57753357753358 0.03653344325721264
33.608058608058606 0.036389026790857315
33.63858363858364 0.03624587692320347
33.66910866910867 0.03610324114561081
33.6996336996337 0.03596141096204519
33.73015873015873 0.035820549353957176
33.76068376068376 0.03568015247583389
33.79120879120879 0.03554087597876787
33.82173382173382 0.03540220204740763
33.85225885225885 0.03526419121772051
33.88278388278388 0.03512721788138151
33.91330891330891 0.034990690648555756
33.943833943833944 0.034855146892368793
33.97435897435897 0.034720287658274174
34.004884004884005 0.034585967659950256
34.03540903540904 0.03445274382829666
34.065934065934066 0.03431995026767254
34.0964590964591 0.034188009798526764
34.12698412698413 0.034056827425956726
34.15750915750916 0.03392606880515814
34.18803418803419 0.03379646223038435
34.21855921855922 0.03366727568209171
34.24908424908425 0.03353881277143955
34.27960927960928 0.033411179669201374
34.31013431013431 0.0332839572802186
34.34065934065934 0.03315774630755186
34.37118437118437 0.03303203731775284
34.401709401709404 0.032906933687627316
34.43223443223443 0.03278272971510887
34.462759462759465 0.032658918760716915
34.49328449328449 0.03253598976880312
34.523809523809526 0.03241363633424044
34.55433455433455 0.032291777431964874
34.584859584859586 0.03217087313532829
34.61538461538461 0.032050346955657005
34.64590964590965 0.0319305956363678
34.676434676434674 0.03181148786097765
34.70695970695971 0.03169277124106884
34.737484737484735 0.03157506138086319
34.76800976800977 0.03145771659910679
34.798534798534796 0.03134103212505579
34.82905982905983 0.03122505359351635
34.85958485958486 0.031109433621168137
34.89010989010989 0.03099473286420107
34.92063492063492 0.03088045585900545
34.95115995115995 0.0307667413726449
34.98168498168498 0.030653787776827812
35.01221001221001 0.030541183426976204
35.042735042735046 0.030429387465119362
35.07326007326007 0.030318078584969044
35.10378510378511 0.030207227915525436
35.134310134310134 0.03009719680994749
35.16483516483517 0.029987500980496407
35.195360195360195 0.029878508299589157
35.22588522588523 0.029770067892968655
35.256410256410255 0.029661990702152252
35.28693528693529 0.029554789885878563
35.317460317460316 0.02944790944457054
35.34798534798535 0.02934163250029087
35.37851037851038 0.029235968366265297
35.40903540903541 0.02913062460720539
35.43956043956044 0.029026104137301445
35.47008547008547 0.028921939432621002
35.5006105006105 0.028818286955356598
35.53113553113553 0.028715300373733044
35.56166056166056 0.028612625785171986
35.592185592185594 0.02851067576557398
35.62271062271062 0.0284091429784894
35.653235653235654 0.028308036737143993
35.68376068376068 0.028207642026245594
35.714285714285715 0.02810754720121622
35.74481074481074 0.028008094988763332
35.775335775335776 0.0279091140255332
35.8058608058608 0.0278104729950428
35.83638583638584 0.027712582610547543
35.866910866910864 0.02761498186737299
35.8974358974359 0.027517938055098057
35.927960927960925 0.02742141392081976
35.95848595848596 0.027325172908604145
35.989010989010985 0.02722970675677061
36.01953601953602 0.027134529314935207
36.05006105006105 0.027039811946451664
36.08058608058608 0.026945670135319233
36.111111111111114 0.026851804926991463
36.14163614163614 0.026758617721498013
36.172161172161175 0.026665781624615192
36.2026862026862 0.02657333482056856
36.233211233211236 0.026481504552066326
36.26373626373626 0.026389936916530132
36.2942612942613 0.026298959739506245
36.324786324786324 0.02620838675647974
36.35531135531136 0.026118132285773754
36.385836385836384 0.026028533466160297
36.41636141636142 0.025939195416867733
36.446886446886445 0.025850368663668633
36.47741147741148 0.025761988945305347
36.507936507936506 0.025673862546682358
36.53846153846154 0.025586431846022606
36.56898656898657 0.02549925073981285
36.5995115995116 0.025412497110664845
36.63003663003663 0.025326242670416832
36.66056166056166 0.025240235961973667
36.69108669108669 0.0251548383384943
36.72161172161172 0.025069745257496834
36.75213675213675 0.02498502191156149
36.78266178266178 0.02490082662552595
36.81318681318681 0.02481686696410179
36.843711843711844 0.024733454920351505
36.87423687423687 0.024650385603308678
36.904761904761905 0.024567613378167152
36.93528693528693 0.024485420435667038
36.965811965811966 0.02440345659852028
36.99633699633699 0.02432196121662855
37.02686202686203 0.024240851402282715
37.05738705738706 0.024159979075193405
37.08791208791209 0.024079719558358192
37.11843711843712 0.023999682627618313
37.14896214896215 0.023920048028230667
37.17948717948718 0.023840843699872494
37.21001221001221 0.02376185916364193
37.24053724053724 0.02368343062698841
37.27106227106227 0.023605260998010635
37.301587301587304 0.023527435027062893
37.33211233211233 0.023450075648725033
37.362637362637365 0.02337292768061161
37.39316239316239 0.02329627238214016
37.423687423687426 0.02321991790086031
37.45421245421245 0.023143845610320568
37.48473748473749 0.023068275302648544
37.51526251526251 0.022992909885942936
37.54578754578755 0.022917975671589375
37.576312576312574 0.0228433795273304
37.60683760683761 0.022769007831811905
37.637362637362635 0.02269517257809639
37.66788766788767 0.022621534764766693
37.698412698412696 0.02254827320575714
37.72893772893773 0.022475386038422585
37.75946275946276 0.022402695380151272
37.78998778998779 0.0223305132240057
37.82051282051282 0.02225855365395546
37.85103785103785 0.02218691725283861
37.88156288156288 0.022115685045719147
37.91208791208791 0.02204464189708233
37.94261294261294 0.021974054165184498
37.97313797313797 0.02190372347831726
38.00366300366301 0.02183365821838379
38.034188034188034 0.02176403533667326
38.06471306471307 0.02169459592550993
38.095238095238095 0.02162555418908596
38.12576312576313 0.02155680675059557
38.156288156288156 0.02148827351629734
38.18681318681319 0.021420211531221867
38.21733821733822 0.021352325566112995
38.24786324786325 0.02128478605300188
38.27838827838828 0.021217571571469307
38.30891330891331 0.021150538697838783
38.33943833943834 0.021083978936076164
38.36996336996337 0.021017606370151043
38.4004884004884 0.020951529033482075
38.43101343101343 0.02088580746203661
38.46153846153846 0.02082025818526745
38.492063492063494 0.020755129866302013
38.52258852258852 0.020690221339464188
38.553113553113555 0.020625563338398933
38.58363858363858 0.020561288110911846
38.614163614163616 0.02049717865884304
38.64468864468864 0.02043344173580408
38.675213675213676 0.020369961857795715
38.7057387057387 0.02030668593943119
38.73626373626374 0.02024382445961237
38.766788766788764 0.02018112037330866
38.7973137973138 0.02011873573064804
38.827838827838825 0.020056636072695255
38.85836385836386 0.01999469753354788
38.888888888888886 0.01993320044130087
38.91941391941392 0.01987185887992382
38.94993894993895 0.019810794852674007
38.98046398046398 0.019750041887164116
39.010989010989015 0.01968944538384676
39.04151404151404 0.019629240036010742
39.072039072039075 0.019569222815334797
39.1025641025641 0.019509438425302505
39.133089133089136 0.019449994899332523
39.16361416361416 0.019390703178942204
39.1941391941392 0.019331754185259342
39.224664224664224 0.01927302498370409
39.25518925518926 0.01921448763459921
39.285714285714285 0.019156315363943577
39.31623931623932 0.019098292104899883
39.346764346764346 0.019040568731725216
39.37728937728938 0.018983090296387672
39.407814407814406 0.018925761803984642
39.43833943833944 0.018868829123675823
39.46886446886447 0.01881203707307577
39.4993894993895 0.018755504861474037
39.52991452991453 0.01869924273341894
39.56043956043956 0.018643122166395187
39.59096459096459 0.018587366677820683
39.62148962148962 0.018531770445406437
39.65201465201465 0.018476393073797226
39.682539682539684 0.018421316519379616
39.71306471306471 0.018366378732025623
39.743589743589745 0.018311764113605022
39.77411477411477 0.018257339484989643
39.804639804639805 0.018203096464276314
39.83516483516483 0.01814916916191578
39.865689865689866 0.01809537597000599
39.89621489621489 0.018041864968836308
39.92673992673993 0.017988573759794235
39.957264957264954 0.017935428768396378
39.98778998778999 0.01788262650370598
40.01831501831502 0.0178299518302083
40.04884004884005 0.01777752209454775
40.07936507936508 0.01772533357143402
40.10989010989011 0.017673272639513016
40.14041514041514 0.017621546983718872
40.17094017094017 0.017569960094988346
40.201465201465204 0.017518581822514534
40.23199023199023 0.017467467114329338
40.262515262515265 0.017416474409401417
40.29304029304029 0.01736578345298767
40.323565323565326 0.017315256409347057
40.35409035409035 0.017264898866415024
40.38461538461539 0.01721483189612627
40.415140415140414 0.017164885066449642
40.44566544566545 0.017115199007093906
40.476190476190474 0.017065701074898243
40.50671550671551 0.017016347497701645
40.537240537240535 0.016967294737696648
40.56776556776557 0.0169183611869812
40.598290598290596 0.016869661398231983
40.62881562881563 0.01682116836309433
40.65934065934066 0.01677278894931078
40.68986568986569 0.01672472432255745
40.72039072039072 0.01667678076773882
40.75091575091575 0.016629029996693134
40.78144078144078 0.016581513918936253
40.81196581196581 0.0165341105312109
40.84249084249084 0.01648698467761278
40.87301587301587 0.016440002247691154
40.9035409035409 0.01639318373054266
40.934065934065934 0.016346619464457035
40.96459096459096 0.01630016602575779
40.995115995115995 0.016253959387540817
41.02564102564103 0.016207914799451828
41.056166056166056 0.016162000596523285
41.08669108669109 0.016116362996399403
41.11721611721612 0.0160708324983716
41.14774114774115 0.016025517135858536
41.17826617826618 0.015980388037860394
41.20879120879121 0.015935366041958332
41.23931623931624 0.015890630893409252
41.26984126984127 0.01584600191563368
41.3003663003663 0.01580155547708273
41.33089133089133 0.01575731672346592
41.36141636141636 0.015713181346654892
41.391941391941394 0.01566930301487446
41.42246642246642 0.015625551342964172
41.452991452991455 0.015581956133246422
41.48351648351648 0.015538585372269154
41.514041514041516 0.015495313331484795
41.54456654456654 0.015452271327376366
41.57509157509158 0.015409373678267002
41.6056166056166 0.015366604551672935
41.63614163614164 0.015324076637625694
41.666666666666664 0.015281647443771362
41.6971916971917 0.01523942407220602
41.727716727716725 0.015197361819446087
41.75824175824176 0.015155401080846786
41.788766788766786 0.015113700181245804
41.81929181929182 0.015072091482579708
41.84981684981685 0.015030656941235065
41.88034188034188 0.014989405870437622
41.91086691086691 0.01494824979454279
41.94139194139194 0.01490733865648508
41.97191697191697 0.014866532757878304
42.002442002442 0.014825874008238316
42.032967032967036 0.014785418286919594
42.06349206349206 0.014745055697858334
42.0940170940171 0.01470490638166666
42.124542124542124 0.014664881862699986
42.15506715506716 0.01462498027831316
42.185592185592185 0.01458529569208622
42.21611721611722 0.014545701444149017
42.246642246642246 0.014506296254694462
42.27716727716728 0.014467034488916397
42.30769230769231 0.014427870512008667
42.33821733821734 0.014388940297067165
42.36874236874237 0.014350097626447678
42.3992673992674 0.014311421662569046
42.42979242979243 0.014272904023528099
42.46031746031746 0.01423447486013174
42.49084249084249 0.014196270145475864
42.52136752136752 0.01415815856307745
42.55189255189255 0.014120186679065228
42.582417582417584 0.01408239733427763
42.61294261294261 0.014044689945876598
42.643467643467645 0.014007183723151684
42.67399267399267 0.013969788327813148
42.704517704517706 0.013932510279119015
42.73504273504273 0.013895426876842976
42.765567765567766 0.013858423568308353
42.79609279609279 0.013821598142385483
42.82661782661783 0.013784904032945633
42.857142857142854 0.013748306781053543
42.88766788766789 0.013711913488805294
42.918192918192915 0.013675600290298462
42.94871794871795 0.013639439828693867
42.979242979242976 0.013603424653410912
43.00976800976801 0.013567490503191948
43.040293040293044 0.013531768694519997
43.07081807081807 0.013496127910912037
43.101343101343105 0.013460619375109673
43.13186813186813 0.013425270095467567
43.162393162393165 0.013389998115599155
43.19291819291819 0.013354914262890816
43.223443223443226 0.01331993006169796
43.25396825396825 0.013285060413181782
43.28449328449329 0.013250359334051609
43.315018315018314 0.01321573555469513
43.34554334554335 0.01318127941340208
43.376068376068375 0.013146934099495411
43.40659340659341 0.013112678192555904
43.437118437118436 0.013078613206744194
43.46764346764347 0.013044620864093304
43.498168498168496 0.013010776601731777
43.52869352869353 0.012977058067917824
43.55921855921856 0.012943413108587265
43.58974358974359 0.012909967452287674
43.62026862026862 0.012876592576503754
43.65079365079365 0.012843344360589981
43.68131868131868 0.0128102358430624
43.71184371184371 0.012777197174727917
43.74236874236874 0.012744338251650333
43.772893772893774 0.012711565010249615
43.8034188034188 0.012678900733590126
43.833943833943835 0.012646390125155449
43.86446886446886 0.012613947503268719
43.894993894993895 0.012581664137542248
43.92551892551892 0.012549478560686111
43.956043956043956 0.012517381459474564
43.98656898656898 0.01248545665293932
44.01709401709402 0.012453598901629448
44.04761904761905 0.012421875260770321
44.07814407814408 0.012390266172587872
44.10866910866911 0.012358729727566242
44.13919413919414 0.01232737023383379
44.16971916971917 0.01229607779532671
44.2002442002442 0.01226490456610918
44.23076923076923 0.012233857996761799
44.26129426129426 0.01220287661999464
44.291819291819294 0.012172063812613487
44.32234432234432 0.012141326442360878
44.352869352869355 0.012110691517591476
44.38339438339438 0.012080195359885693
44.413919413919416 0.012049760669469833
44.44444444444444 0.012019475921988487
44.47496947496948 0.011989280581474304
44.505494505494504 0.011959169991314411
44.53601953601954 0.011929209344089031
44.566544566544565 0.011899312026798725
44.5970695970696 0.011869542300701141
44.627594627594625 0.01183987595140934
44.65811965811966 0.011810281313955784
44.688644688644686 0.011780844070017338
44.71916971916972 0.011751467362046242
44.74969474969475 0.011722208000719547
44.78021978021978 0.011693060398101807
44.81074481074481 0.01166397426277399
44.84126984126984 0.011635040864348412
44.87179487179487 0.011606174521148205
44.9023199023199 0.011577406898140907
44.93284493284493 0.011548767797648907
44.96336996336996 0.011520185507833958
44.99389499389499 0.01149174477905035
45.024420024420024 0.011463378556072712
45.05494505494506 0.011435098014771938
45.085470085470085 0.011406950652599335
45.11599511599512 0.011378861963748932
45.146520146520146 0.011350894346833229
45.17704517704518 0.011323018930852413
45.20757020757021 0.011295211501419544
45.23809523809524 0.011267546564340591
45.26862026862027 0.011239939369261265
45.2991452991453 0.011212440207600594
45.32967032967033 0.011185044422745705
45.36019536019536 0.011157701723277569
45.39072039072039 0.01113050989806652
45.42124542124542 0.01110337395220995
45.45177045177045 0.011076332069933414
45.482295482295484 0.011049402877688408
45.51282051282051 0.011022529564797878
45.543345543345545 0.010995784774422646
45.57387057387057 0.010969111695885658
45.604395604395606 0.010942516848444939
45.63492063492063 0.010916044004261494
45.66544566544567 0.010889623314142227
45.69597069597069 0.010863321833312511
45.72649572649573 0.010837099514901638
45.757020757020754 0.010810944251716137
45.78754578754579 0.010784917511045933
45.818070818070815 0.010758942924439907
45.84859584859585 0.010733071714639664
45.879120879120876 0.010707290843129158
45.90964590964591 0.010681563057005405
45.94017094017094 0.010655972175300121
45.97069597069597 0.01063043437898159
46.001221001221005 0.010604987852275372
46.03174603174603 0.010579639114439487
46.062271062271066 0.010554341599345207
46.09279609279609 0.010529168881475925
46.123321123321126 0.010504056699573994
46.15384615384615 0.010479023680090904
46.18437118437119 0.01045409869402647
46.214896214896214 0.010429221205413342
46.24542124542125 0.010404456406831741
46.275946275946275 0.010379764251410961
46.30647130647131 0.010355133563280106
46.336996336996336 0.010330621153116226
46.36752136752137 0.010306156240403652
46.3980463980464 0.010281791910529137
46.42857142857143 0.010257507674396038
46.45909645909646 0.010233273729681969
46.48962148962149 0.010209166444838047
46.52014652014652 0.01018510665744543
46.55067155067155 0.010161132551729679
46.58119658119658 0.010137246921658516
46.61172161172161 0.010113409720361233
46.64224664224664 0.010089692659676075
46.672771672771674 0.010066026821732521
46.7032967032967 0.010042435489594936
46.733821733821735 0.010018941015005112
46.76434676434676 0.009995494037866592
46.794871794871796 0.00997215136885643
46.82539682539682 0.00994887389242649
46.855921855921856 0.00992565881460905
46.88644688644688 0.009902548044919968
46.91697191697192 0.00987948291003704
46.947496947496944 0.0098565137013793
46.97802197802198 0.009833616204559803
47.00854700854701 0.009810766205191612
47.03907203907204 0.009788029827177525
47.06959706959707 0.009765338152647018
47.1001221001221 0.009742730297148228
47.130647130647134 0.009720202535390854
47.16117216117216 0.009697719477117062
47.191697191697195 0.009675346314907074
47.22222222222222 0.009653021581470966
47.252747252747255 0.00963076762855053
47.28327228327228 0.009608603082597256
47.313797313797316 0.00958648044615984
47.34432234432234 0.009564458392560482
47.37484737484738 0.009542491286993027
47.405372405372404 0.009520585648715496
47.43589743589744 0.0094987777993083
47.466422466422465 0.009477009996771812
47.4969474969475 0.009455332532525063
47.527472527472526 0.009433717466890812
47.55799755799756 0.00941215269267559
47.588522588522586 0.0093906931579113
47.61904761904762 0.00936927180737257
47.64957264957265 0.009347929619252682
47.68009768009768 0.009326658211648464
47.71062271062271 0.00930542778223753
47.74114774114774 0.00928430911153555
47.77167277167277 0.009263227693736553
47.8021978021978 0.009242215193808079
47.83272283272283 0.009221281856298447
47.863247863247864 0.009200389496982098
47.89377289377289 0.00917959213256836
47.924297924297925 0.00915884505957365
47.95482295482295 0.009138156659901142
47.985347985347985 0.009117555804550648
48.01587301587302 0.009096991270780563
48.046398046398046 0.009076513350009918
48.07692307692308 0.009056094102561474
48.10744810744811 0.009035722352564335
48.13797313797314 0.009015444666147232
48.16849816849817 0.008995205163955688
48.1990231990232 0.008975038304924965
48.22954822954823 0.008954936638474464
48.26007326007326 0.008934874087572098
48.29059829059829 0.008914913982152939
48.32112332112332 0.008894991129636765
48.35164835164835 0.008875129744410515
48.382173382173384 0.008855342864990234
48.41269841269841 0.00883559137582779
48.443223443223445 0.008815934881567955
48.47374847374847 0.008796322159469128
48.504273504273506 0.008776765316724777
48.53479853479853 0.00875728577375412
48.56532356532357 0.008737840689718723
48.595848595848594 0.008718480356037617
48.62637362637363 0.00869916845113039
48.656898656898655 0.008679904043674469
48.68742368742369 0.008660725317895412
48.717948717948715 0.00864158384501934
48.74847374847375 0.008622514083981514
48.778998778998776 0.008603501133620739
48.80952380952381 0.008584527298808098
48.84004884004884 0.008565643802285194
48.87057387057387 0.008546794764697552
48.9010989010989 0.008528009057044983
48.93162393162393 0.008509288541972637
48.96214896214896 0.008490601554512978
48.99267399267399 0.008472002111375332
49.02319902319903 0.008453442715108395
49.05372405372405 0.008434935472905636
49.08424908424909 0.008416500873863697
49.114774114774114 0.008398099802434444
49.14529914529915 0.00837977696210146
49.175824175824175 0.008361500687897205
49.20634920634921 0.008343268185853958
49.236874236874236 0.008325115777552128
49.26739926739927 0.00830699410289526
49.2979242979243 0.008288943208754063
49.32844932844933 0.00827094353735447
49.35897435897436 0.008252982050180435
49.38949938949939 0.008235102519392967
49.42002442002442 0.00821725558489561
49.45054945054945 0.00819946825504303
49.48107448107448 0.008181740529835224
49.51159951159951 0.008164044469594955
49.54212454212454 0.008146434091031551
49.572649572649574 0.008128856308758259
49.6031746031746 0.008111330680549145
49.633699633699635 0.008093870244920254
49.66422466422466 0.0080764414742589
49.694749694749696 0.008059085346758366
49.72527472527472 0.008041772060096264
49.75579975579976 0.008024502545595169
49.78632478632478 0.008007303811609745
49.81684981684982 0.007990133948624134
49.847374847374844 0.00797303207218647
49.87789987789988 0.007955977693200111
49.908424908424905 0.007938960567116737
49.93894993894994 0.007922016084194183
49.969474969474966 0.007905102334916592
50.0 0.0078882472589612
