2.411000000000000000e+14
4.822000000000000000e+14
7.233000000000000000e+14
9.644000000000000000e+14
1.205500000000000000e+15
1.446600000000000000e+15
1.687700000000000000e+15
1.928800000000000000e+15
2.169900000000000000e+15
2.411000000000000000e+15
2.652100000000000000e+15
2.893200000000000000e+15
3.134300000000000000e+15
3.375400000000000000e+15
3.616500000000000000e+15
3.857600000000000000e+15
4.098700000000000000e+15
4.339800000000000000e+15
4.580900000000000000e+15
4.822000000000000000e+15
5.063100000000000000e+15
5.304200000000000000e+15
5.545300000000000000e+15
5.786400000000000000e+15
6.027500000000000000e+15
6.268600000000000000e+15
6.509700000000000000e+15
6.750800000000000000e+15
6.991900000000000000e+15
7.233000000000000000e+15
7.474100000000000000e+15
7.715200000000000000e+15
7.956300000000000000e+15
8.197400000000000000e+15
8.438500000000000000e+15
8.679600000000000000e+15
8.920700000000000000e+15
9.161800000000000000e+15
9.402900000000000000e+15
9.644000000000000000e+15
9.885100000000000000e+15
1.012620000000000000e+16
1.036730000000000000e+16
1.060840000000000000e+16
1.084950000000000000e+16
1.109060000000000000e+16
1.133170000000000000e+16
1.157280000000000000e+16
1.181390000000000000e+16
1.205500000000000000e+16
1.229610000000000000e+16
1.253720000000000000e+16
1.277830000000000000e+16
1.301940000000000000e+16
1.326050000000000000e+16
1.350160000000000000e+16
1.374270000000000000e+16
1.398380000000000000e+16
1.422490000000000000e+16
1.446600000000000000e+16
1.470710000000000000e+16
1.494820000000000000e+16
1.518930000000000000e+16
1.543040000000000000e+16
1.567150000000000000e+16
1.591260000000000000e+16
1.615370000000000000e+16
1.639480000000000000e+16
1.663590000000000000e+16
1.687700000000000000e+16
1.711810000000000000e+16
1.735920000000000000e+16
1.760030000000000000e+16
1.784140000000000000e+16
1.808250000000000000e+16
1.832360000000000000e+16
1.856470000000000000e+16
1.880580000000000000e+16
1.904690000000000000e+16
1.928800000000000000e+16
1.952910000000000000e+16
1.977020000000000000e+16
2.001130000000000000e+16
2.025240000000000000e+16
2.049350000000000000e+16
2.073460000000000000e+16
2.097570000000000000e+16
2.121680000000000000e+16
2.145790000000000000e+16
2.169900000000000000e+16
2.194010000000000000e+16
2.218120000000000000e+16
2.242230000000000000e+16
2.266340000000000000e+16
2.290450000000000000e+16
2.314560000000000000e+16
2.338670000000000000e+16
2.362780000000000000e+16
2.386890000000000000e+16
2.411000000000000000e+16
2.435110000000000000e+16
2.459220000000000000e+16
2.483330000000000000e+16
2.507440000000000000e+16
2.531550000000000000e+16
2.555660000000000000e+16
2.579770000000000000e+16
2.603880000000000000e+16
2.627990000000000000e+16
2.652100000000000000e+16
2.676210000000000000e+16
2.700320000000000000e+16
2.724430000000000000e+16
2.748540000000000000e+16
2.772650000000000000e+16
2.796760000000000000e+16
2.820870000000000000e+16
2.844980000000000000e+16
2.869090000000000000e+16
2.893200000000000000e+16
2.917310000000000000e+16
2.941420000000000000e+16
2.965530000000000000e+16
2.989640000000000000e+16
3.013750000000000000e+16
3.037860000000000000e+16
3.061970000000000000e+16
3.086080000000000000e+16
3.110190000000000000e+16
3.134300000000000000e+16
3.158410000000000000e+16
3.182520000000000000e+16
3.206630000000000000e+16
3.230740000000000000e+16
3.254850000000000000e+16
3.278960000000000000e+16
3.303070000000000000e+16
3.327180000000000000e+16
3.351290000000000000e+16
3.375400000000000000e+16
3.399510000000000000e+16
3.423620000000000000e+16
3.447730000000000000e+16
3.471840000000000000e+16
3.495950000000000000e+16
3.520060000000000000e+16
3.544170000000000000e+16
3.568280000000000000e+16
3.592390000000000000e+16
3.616500000000000000e+16
3.640610000000000000e+16
3.664720000000000000e+16
3.688830000000000000e+16
3.712940000000000000e+16
3.737050000000000000e+16
3.761160000000000000e+16
3.785270000000000000e+16
3.809380000000000000e+16
3.833490000000000000e+16
3.857600000000000000e+16
3.881710000000000000e+16
3.905820000000000000e+16
3.929930000000000000e+16
3.954040000000000000e+16
3.978150000000000000e+16
4.002260000000000000e+16
4.026370000000000000e+16
4.050480000000000000e+16
4.074590000000000000e+16
4.098700000000000000e+16
4.122810000000000000e+16
4.146920000000000000e+16
4.171030000000000000e+16
4.195140000000000000e+16
4.219250000000000000e+16
4.243360000000000000e+16
4.267470000000000000e+16
4.291580000000000000e+16
4.315690000000000000e+16
4.339800000000000000e+16
4.363910000000000000e+16
4.388020000000000000e+16
4.412130000000000000e+16
4.436240000000000000e+16
4.460350000000000000e+16
4.484460000000000000e+16
4.508570000000000000e+16
4.532680000000000000e+16
4.556790000000000000e+16
4.580900000000000000e+16
4.605010000000000000e+16
4.629120000000000000e+16
4.653230000000000000e+16
4.677340000000000000e+16
4.701450000000000000e+16
4.725560000000000000e+16
4.749670000000000000e+16
4.773780000000000000e+16
4.797890000000000000e+16
4.822000000000000000e+16
4.846110000000000000e+16
4.870220000000000000e+16
4.894330000000000000e+16
4.918440000000000000e+16
4.942550000000000000e+16
4.966660000000000000e+16
4.990770000000000000e+16
5.014880000000000000e+16
5.038990000000000000e+16
5.063100000000000000e+16
5.087210000000000000e+16
5.111320000000000000e+16
5.135430000000000000e+16
5.159540000000000000e+16
5.183650000000000000e+16
5.207760000000000000e+16
5.231870000000000000e+16
5.255980000000000000e+16
5.280090000000000000e+16
5.304200000000000000e+16
5.328310000000000000e+16
5.352420000000000000e+16
5.376530000000000000e+16
5.400640000000000000e+16
5.424750000000000000e+16
5.448860000000000000e+16
5.472970000000000000e+16
5.497080000000000000e+16
5.521190000000000000e+16
5.545300000000000000e+16
5.569410000000000000e+16
5.593520000000000000e+16
5.617630000000000000e+16
5.641740000000000000e+16
5.665850000000000000e+16
5.689960000000000000e+16
5.714070000000000000e+16
5.738180000000000000e+16
5.762290000000000000e+16
5.786400000000000000e+16
5.810510000000000000e+16
5.834620000000000000e+16
5.858730000000000000e+16
5.882840000000000000e+16
5.906950000000000000e+16
5.931060000000000000e+16
5.955170000000000000e+16
5.979280000000000000e+16
6.003390000000000000e+16
6.027500000000000000e+16
6.051610000000000000e+16
6.075720000000000000e+16
6.099830000000000000e+16
6.123940000000000000e+16
6.148050000000000000e+16
6.172160000000000000e+16
6.196270000000000000e+16
6.220380000000000000e+16
6.244490000000000000e+16
6.268600000000000000e+16
6.292710000000000000e+16
6.316820000000000000e+16
6.340930000000000000e+16
6.365040000000000000e+16
6.389150000000000000e+16
6.413260000000000000e+16
6.437370000000000000e+16
6.461480000000000000e+16
6.485590000000000000e+16
6.509700000000000000e+16
6.533810000000000000e+16
6.557920000000000000e+16
6.582030000000000000e+16
6.606140000000000000e+16
6.630250000000000000e+16
6.654360000000000000e+16
6.678470000000000000e+16
6.702580000000000000e+16
6.726690000000000000e+16
6.750800000000000000e+16
6.774910000000000000e+16
6.799020000000000000e+16
6.823130000000000000e+16
6.847240000000000000e+16
6.871350000000000000e+16
6.895460000000000000e+16
6.919570000000000000e+16
6.943680000000000000e+16
6.967790000000000000e+16
6.991900000000000000e+16
7.016010000000000000e+16
7.040120000000000000e+16
7.064230000000000000e+16
7.088340000000000000e+16
7.112450000000000000e+16
7.136560000000000000e+16
7.160670000000000000e+16
7.184780000000000000e+16
7.208890000000000000e+16
7.233000000000000000e+16
7.257110000000000000e+16
7.281220000000000000e+16
7.305330000000000000e+16
7.329440000000000000e+16
7.353550000000000000e+16
7.377660000000000000e+16
7.401770000000000000e+16
7.425880000000000000e+16
7.449990000000000000e+16
7.474100000000000000e+16
7.498210000000000000e+16
7.522320000000000000e+16
7.546430000000000000e+16
7.570540000000000000e+16
7.594650000000000000e+16
7.618760000000000000e+16
7.642870000000000000e+16
7.666980000000000000e+16
7.691090000000000000e+16
7.715200000000000000e+16
7.739310000000000000e+16
7.763420000000000000e+16
7.787530000000000000e+16
7.811640000000000000e+16
7.835750000000000000e+16
7.859860000000000000e+16
7.883970000000000000e+16
7.908080000000000000e+16
7.932190000000000000e+16
7.956300000000000000e+16
7.980410000000000000e+16
8.004520000000000000e+16
8.028630000000000000e+16
8.052740000000000000e+16
8.076850000000000000e+16
8.100960000000000000e+16
8.125070000000000000e+16
8.149180000000000000e+16
8.173290000000000000e+16
8.197400000000000000e+16
8.221510000000000000e+16
8.245620000000000000e+16
8.269730000000000000e+16
8.293840000000000000e+16
8.317950000000000000e+16
8.342060000000000000e+16
8.366170000000000000e+16
8.390280000000000000e+16
8.414390000000000000e+16
8.438500000000000000e+16
8.462610000000000000e+16
8.486720000000000000e+16
8.510830000000000000e+16
8.534940000000000000e+16
8.559050000000000000e+16
8.583160000000000000e+16
8.607270000000000000e+16
8.631380000000000000e+16
8.655490000000000000e+16
8.679600000000000000e+16
8.703710000000000000e+16
8.727820000000000000e+16
8.751930000000000000e+16
8.776040000000000000e+16
8.800150000000000000e+16
8.824260000000000000e+16
8.848370000000000000e+16
8.872480000000000000e+16
8.896590000000000000e+16
8.920700000000000000e+16
8.944810000000000000e+16
8.968920000000000000e+16
8.993030000000000000e+16
9.017140000000000000e+16
9.041250000000000000e+16
9.065360000000000000e+16
9.089470000000000000e+16
9.113580000000000000e+16
9.137690000000000000e+16
9.161800000000000000e+16
9.185910000000000000e+16
9.210020000000000000e+16
9.234130000000000000e+16
9.258240000000000000e+16
9.282350000000000000e+16
9.306460000000000000e+16
9.330570000000000000e+16
9.354680000000000000e+16
9.378790000000000000e+16
9.402900000000000000e+16
9.427010000000000000e+16
9.451120000000000000e+16
9.475230000000000000e+16
9.499340000000000000e+16
9.523450000000000000e+16
9.547560000000000000e+16
9.571670000000000000e+16
9.595780000000000000e+16
9.619890000000000000e+16
9.644000000000000000e+16
9.668110000000000000e+16
9.692220000000000000e+16
9.716330000000000000e+16
9.740440000000000000e+16
9.764550000000000000e+16
9.788660000000000000e+16
9.812770000000000000e+16
9.836880000000000000e+16
9.860990000000000000e+16
9.885100000000000000e+16
9.909210000000000000e+16
9.933320000000000000e+16
9.957430000000000000e+16
9.981540000000000000e+16
1.000565000000000000e+17
1.002976000000000000e+17
1.005387000000000000e+17
1.007798000000000000e+17
1.010209000000000000e+17
1.012620000000000000e+17
1.015031000000000000e+17
1.017442000000000000e+17
1.019853000000000000e+17
1.022264000000000000e+17
1.024675000000000000e+17
1.027086000000000000e+17
1.029497000000000000e+17
1.031908000000000000e+17
1.034319000000000000e+17
1.036730000000000000e+17
1.039141000000000000e+17
1.041552000000000000e+17
1.043963000000000000e+17
1.046374000000000000e+17
1.048785000000000000e+17
1.051196000000000000e+17
1.053607000000000000e+17
1.056018000000000000e+17
1.058429000000000000e+17
1.060840000000000000e+17
1.063251000000000000e+17
1.065662000000000000e+17
1.068073000000000000e+17
1.070484000000000000e+17
1.072895000000000000e+17
1.075306000000000000e+17
1.077717000000000000e+17
1.080128000000000000e+17
1.082539000000000000e+17
1.084950000000000000e+17
1.087361000000000000e+17
1.089772000000000000e+17
1.092183000000000000e+17
1.094594000000000000e+17
1.097005000000000000e+17
1.099416000000000000e+17
1.101827000000000000e+17
1.104238000000000000e+17
1.106649000000000000e+17
1.109060000000000000e+17
1.111471000000000000e+17
1.113882000000000000e+17
1.116293000000000000e+17
1.118704000000000000e+17
1.121115000000000000e+17
1.123526000000000000e+17
1.125937000000000000e+17
1.128348000000000000e+17
1.130759000000000000e+17
1.133170000000000000e+17
1.135581000000000000e+17
1.137992000000000000e+17
1.140403000000000000e+17
1.142814000000000000e+17
1.145225000000000000e+17
1.147636000000000000e+17
1.150047000000000000e+17
1.152458000000000000e+17
1.154869000000000000e+17
1.157280000000000000e+17
1.159691000000000000e+17
1.162102000000000000e+17
1.164513000000000000e+17
1.166924000000000000e+17
1.169335000000000000e+17
1.171746000000000000e+17
1.174157000000000000e+17
1.176568000000000000e+17
1.178979000000000000e+17
1.181390000000000000e+17
1.183801000000000000e+17
1.186212000000000000e+17
1.188623000000000000e+17
1.191034000000000000e+17
1.193445000000000000e+17
1.195856000000000000e+17
1.198267000000000000e+17
1.200678000000000000e+17
1.203089000000000000e+17
1.205500000000000000e+17
