1.000000000000000062e-09
1.100000000000000089e-08
2.099999999999999945e-08
3.100000000000000627e-08
4.100000000000000317e-08
5.100000000000000007e-08
6.100000000000000359e-08
7.100000000000000049e-08
8.099999999999999739e-08
9.099999999999999429e-08
1.009999999999999912e-07
1.110000000000000013e-07
1.210000000000000115e-07
1.309999999999999951e-07
1.410000000000000053e-07
1.509999999999999889e-07
1.609999999999999991e-07
1.710000000000000092e-07
1.809999999999999929e-07
1.910000000000000030e-07
2.009999999999999867e-07
2.109999999999999968e-07
2.210000000000000069e-07
2.309999999999999906e-07
2.410000000000000537e-07
2.510000000000000109e-07
2.610000000000000210e-07
2.710000000000000311e-07
2.810000000000000413e-07
2.910000000000000514e-07
3.010000000000000086e-07
3.110000000000000187e-07
3.210000000000000289e-07
3.310000000000000390e-07
3.410000000000000492e-07
3.510000000000000064e-07
3.610000000000000165e-07
3.710000000000000266e-07
3.810000000000000368e-07
3.910000000000000469e-07
4.010000000000000041e-07
4.110000000000000142e-07
4.210000000000000244e-07
4.310000000000000345e-07
4.410000000000000446e-07
4.510000000000000548e-07
4.610000000000000120e-07
4.710000000000000221e-07
4.810000000000000322e-07
4.909999999999999365e-07
5.009999999999999466e-07
5.109999999999999568e-07
5.209999999999999669e-07
5.309999999999999770e-07
5.409999999999999872e-07
5.509999999999999973e-07
5.610000000000000074e-07
5.710000000000000176e-07
5.810000000000000277e-07
5.909999999999999320e-07
6.009999999999999421e-07
6.109999999999999522e-07
6.209999999999999624e-07
6.309999999999999725e-07
6.409999999999999826e-07
6.509999999999999928e-07
6.610000000000000029e-07
6.710000000000000130e-07
6.810000000000000232e-07
6.910000000000000333e-07
7.009999999999999376e-07
7.109999999999999477e-07
7.209999999999999578e-07
7.309999999999999680e-07
7.409999999999999781e-07
7.509999999999999883e-07
7.609999999999999984e-07
7.710000000000000085e-07
7.810000000000000187e-07
7.910000000000000288e-07
8.009999999999999330e-07
8.109999999999999432e-07
8.209999999999999533e-07
8.309999999999999635e-07
8.409999999999999736e-07
8.509999999999999837e-07
8.609999999999999939e-07
8.710000000000000040e-07
8.810000000000000141e-07
8.910000000000000243e-07
9.010000000000000344e-07
9.109999999999999387e-07
9.209999999999999488e-07
9.309999999999999589e-07
9.409999999999999691e-07
9.509999999999999792e-07
9.610000000000002011e-07
9.710000000000001053e-07
9.810000000000000096e-07
9.910000000000001256e-07
