7.629994948560155667e-20
6.761230774577809464e-21
2.905606033082068968e-21
1.457051773580874239e-21
5.774791616545483529e-22
1.756451210447298116e-22
4.412959609166765222e-23
9.680836082039965872e-24
1.921386617878633433e-24
3.531574974296258569e-25
6.108583533668976770e-26
1.005821153824764453e-26
1.590028654551016497e-27
2.428884181180438589e-28
3.603446845998708886e-29
5.212901540727363564e-30
7.377282167164788282e-31
1.024046777682121921e-31
1.397347256326059192e-32
1.877805199431302642e-33
2.489064879032987815e-34
3.258670395330669958e-35
4.218535963414717247e-36
5.405458229581745252e-37
6.861673639317622579e-38
8.635464065051308325e-39
1.078181409801505347e-39
1.336312361551802919e-40
1.644997945315861499e-41
2.012199024156000770e-42
2.446868870969146460e-43
2.959050601233081684e-44
3.559982290842164669e-45
4.262210290062798764e-46
5.079711274496528086e-47
6.028023605383575000e-48
7.124388604674554440e-49
8.387902385138344195e-50
9.839678912431576465e-51
1.150302501462997967e-51
1.340362809529852510e-52
1.556975734885159769e-53
1.803247932184245110e-54
2.082588871100338777e-55
2.398735533847022455e-56
2.755778829676167118e-57
3.158191831089643460e-58
3.610859942259148833e-59
4.119113116199574590e-60
4.688760243595342491e-61
5.326125842851669933e-62
6.038089187957794304e-63
6.832126018096792782e-64
7.716352980676587049e-65
8.699574967555408005e-66
9.791335512752820902e-67
1.100197042887047179e-67
1.234266486881343325e-68
1.382551400924559849e-69
1.546358756251598020e-70
1.727099833462422935e-71
1.926297505813701088e-72
2.145593974085052541e-73
2.386758978349901431e-74
2.651698513285741666e-75
2.942464075031233252e-76
3.261262469035026179e-77
3.610466209844392192e-78
3.992624545363175896e-79
4.410475139759799233e-80
4.866956450937199969e-81
5.365220840295357427e-82
5.908648454410888197e-83
6.500861920256550158e-84
7.145741897659197614e-85
7.847443534885441824e-86
8.610413875524322654e-87
9.439410267227349343e-88
1.033951982537800694e-88
1.131618000737333105e-89
1.237520035595097653e-90
1.352278547286256497e-91
1.476555928720030319e-92
1.611059068582393692e-93
1.756542057661606097e-94
1.913809045875720056e-95
2.083717257777416678e-96
2.267180174691473292e-97
2.465170892029751259e-98
2.678725660745400143e-99
2.908947622310471874e-100
3.157010747060528301e-101
3.424163986211682828e-102
3.711735648351908432e-103
4.021138011720796513e-104
4.353872184129902826e-105
4.711533222936361890e-106
5.095815528068675901e-107
5.508518521718440875e-108
5.951552628949653849e-109
