1.555219224019615420e-21
1.561623782075519111e-21
1.568744558410897181e-21
1.574730842645597278e-21
1.578911588353077255e-21
1.581278458006694848e-21
1.582095465482332214e-21
1.581695075481789284e-21
1.580393219952969412e-21
1.578462381053945582e-21
1.576128092091329707e-21
1.573573118395429959e-21
1.570943348601386762e-21
1.568353516242699531e-21
1.565892298698201342e-21
1.563626750455865771e-21
1.561606118179375481e-21
1.559865097088688029e-21
1.558426587626350538e-21
1.557304010367747794e-21
1.556503235661078899e-21
1.556024181664195367e-21
1.555862130241002499e-21
1.556008805063300477e-21
1.556453250794157693e-21
1.557182546849001967e-21
1.558182384221816411e-21
1.559437529370729196e-21
1.560932195228982364e-21
1.562650336034119713e-21
1.564575879808055470e-21
1.566692909917917142e-21
1.568985805141860097e-21
1.571439345997724276e-21
1.574038793712695027e-21
1.576769947072526667e-21
1.579619181448793201e-21
1.582573473528657294e-21
1.585620414634284292e-21
1.588748214994721472e-21
1.591945700902026819e-21
1.595202306328651421e-21
1.598508060291776657e-21
1.601853571010417935e-21
1.605230007704219499e-21
1.608629080720866664e-21
1.612043020545985864e-21
1.615464556140121566e-21
1.618886892957666929e-21
1.622303690929056781e-21
1.625709042627189903e-21
1.629097451789746425e-21
1.632463812328742739e-21
1.635803387925773190e-21
1.639111792284721356e-21
1.642384970091969224e-21
1.645619178716754033e-21
1.648810970670136877e-21
1.651957176829973093e-21
1.655054890430231569e-21
1.658101451806137744e-21
1.661094433881160367e-21
1.664031628377732642e-21
1.666911032730502958e-21
1.669730837678798295e-21
1.672489415513283717e-21
1.675185308950980573e-21
1.677817220612238446e-21
1.680384003073119088e-21
1.682884649466749966e-21
1.685318284607606897e-21
1.687684156613215679e-21
1.689981628998377810e-21
1.692210173217836587e-21
1.694369361634127781e-21
1.696458860888177060e-21
1.698478425651223832e-21
1.700427892737416470e-21
1.702307175557547279e-21
1.704116258895070216e-21
1.705855193986691261e-21
1.707524093890512166e-21
1.709123129125663748e-21
1.710652523568164603e-21
1.712112550588558875e-21
1.713503529417624011e-21
1.714825821727202633e-21
1.716079828413930000e-21
1.717265986574246180e-21
1.718384766659798661e-21
1.719436669802877847e-21
1.720422225302162168e-21
1.721341988259575326e-21
1.722196537359569832e-21
1.722986472782652361e-21
1.723712414245457767e-21
1.724374999160074260e-21
1.724974880905767664e-21
1.725512727206638972e-21
1.725989218609119548e-21
1.726405047053558164e-21
1.726760914534505008e-21
1.727057531844550212e-21
1.727295617396946453e-21
1.727475896122466747e-21
1.727599098436222031e-21
1.727665959270423029e-21
1.727677217169285717e-21
1.727633613442498970e-21
1.727535891373901704e-21
1.727384795482169148e-21
1.727181070830517049e-21
1.726925462382631953e-21
1.726618714402091392e-21
1.726261569892855283e-21
1.725854770078384632e-21
1.725399053917199807e-21
1.724895157652747083e-21
1.724343814395617036e-21
1.723745753736194893e-21
1.723101701386036580e-21
1.722412378846245775e-21
1.721678503101316877e-21
1.720900786336949785e-21
1.720079935680430020e-21
1.719216652962260669e-21
1.718311634497799171e-21
1.717365570887713664e-21
1.716379146836171821e-21
1.715353040985674298e-21
1.714287925767589025e-21
1.713184467267410598e-21
1.712043325103906662e-21
1.710865152321267719e-21
1.709650595293526082e-21
1.708400293640467971e-21
1.707114880154339086e-21
1.705794980736716987e-21
1.704441214344872443e-21
1.703054192947082966e-21
1.701634521486289532e-21
1.700182797851633448e-21
1.698699612857308359e-21
1.697185550228309119e-21
1.695641186592621996e-21
1.694067091479416479e-21
1.692463827322877200e-21
1.690831949471287215e-21
1.689172006200996640e-21
1.687484538734979848e-21
1.685770081265624830e-21
1.684029160981510761e-21
1.682262298097829801e-21
1.680470005890249978e-21
1.678652790731933674e-21
1.676811152133494646e-21
1.674945582785653620e-21
1.673056568604410557e-21
1.671144588778506795e-21
1.669210115819008525e-21
1.667253615610846485e-21
1.665275547466106851e-21
1.663276364178971404e-21
1.661256512082104015e-21
1.659216431104406161e-21
1.657156554829942298e-21
1.655077310557973952e-21
1.652979119363949261e-21
1.650862396161357669e-21
1.648727549764327734e-21
1.646574982950903701e-21
1.644405092526869396e-21
1.642218269390072968e-21
1.640014898595151672e-21
1.637795359418571699e-21
1.635560025423948790e-21
1.633309264527543022e-21
1.631043439063884120e-21
1.628762905851489302e-21
1.626468016258562691e-21
1.624159116268699434e-21
1.621836546546477154e-21
1.619500642502942649e-21
1.617151734360919351e-21
1.614790147220111838e-21
1.612416201121971126e-21
1.610030211114283657e-21
1.607632487315441692e-21
1.605223334978400545e-21
1.602803054554242736e-21
1.600371941755380280e-21
1.597930287618335862e-21
1.595478378566086359e-21
1.593016496469959667e-21
1.590544918711062278e-21
1.588063918241218786e-21
1.585573763643404520e-21
1.583074719191675823e-21
1.580567044910558469e-21
1.578050996633905137e-21
1.575526826063197297e-21
1.572994780825298468e-21
1.570455104529625755e-21
1.567908036824764659e-21
1.565353813454493332e-21
1.562792666313215687e-21
1.560224823500824455e-21
1.557650509376946384e-21
1.555069944614604786e-21
1.552483346253283982e-21
1.549890927751370268e-21
1.547292899038023002e-21
1.544689466564411675e-21
1.542080833354365236e-21
1.539467199054410534e-21
1.536848759983205149e-21
1.534225709180374574e-21
1.531598236454744156e-21
1.528966528431963361e-21
1.526330768601545104e-21
1.523691137363304736e-21
1.521047812073202257e-21
1.518400967088601478e-21
1.515750773812933167e-21
1.513097400739791132e-21
1.510441013496431719e-21
1.507781774886706251e-21
1.505119844933428853e-21
1.502455380920158037e-21
1.499788537432431538e-21
1.497119466398447820e-21
1.494448317129171128e-21
1.491775236357906710e-21
1.489100368279332309e-21
1.486423854587974257e-21
1.483745834516172181e-21
1.481066444871502039e-21
1.478385820073671600e-21
1.475704092190909795e-21
1.473021390975839423e-21
1.470337843900835829e-21
1.467653576192897338e-21
1.464968710868001283e-21
1.462283368764990970e-21
1.459597668578955014e-21
1.456911726894148705e-21
1.454225658216419598e-21
1.451539575005185658e-21
1.448853587704937009e-21
1.446167804776276123e-21
1.443482332726530150e-21
1.440797276139887197e-21
1.438112737707105872e-21
1.435428818254800138e-21
1.432745616774271650e-21
1.430063230449936785e-21
1.427381754687324844e-21
1.424701283140670385e-21
1.422021907740085389e-21
1.419343718718342662e-21
1.416666804637257688e-21
1.413991252413672699e-21
1.411317147345057624e-21
1.408644573134735072e-21
1.405973611916721063e-21
1.403304344280196563e-21
1.400636849293617537e-21
1.397971204528456543e-21
1.395307486082597521e-21
1.392645768603366634e-21
1.389986125310233048e-21
1.387328628017152534e-21
1.384673347154585328e-21
1.382020351791176945e-21
1.379369709655117007e-21
1.376721487155169119e-21
1.374075749401384962e-21
1.371432560225510496e-21
1.368791982201074690e-21
1.366154076663185032e-21
1.363518903728005758e-21
1.360886522311959971e-21
1.358256990150632909e-21
1.355630363817379922e-21
1.353006698741663439e-21
1.350386049227107804e-21
1.347768468469274254e-21
1.345154008573172029e-21
1.342542720570504091e-21
1.339934654436639006e-21
1.337329859107336824e-21
1.334728382495214455e-21
1.332130271505959597e-21
1.329535572054300531e-21
1.326944329079724644e-21
1.324356586561969562e-21
1.321772387536264892e-21
1.319191774108346016e-21
1.316614787469248573e-21
1.314041467909853376e-21
1.311471854835237219e-21
1.308905986778779561e-21
1.306343901416067968e-21
1.303785635578592339e-21
1.301231225267213438e-21
1.298680705665448801e-21
1.296134111152527684e-21
1.293591475316277865e-21
1.291052830965785813e-21
1.288518210143882882e-21
1.285987644139428192e-21
1.283461163499416600e-21
1.280938798040878649e-21
1.278420576862632506e-21
1.275906528356814711e-21
1.273396680220275140e-21
1.270891059465762068e-21
1.268389692432962975e-21
1.265892604799360099e-21
1.263399821590921598e-21
1.260911367192637561e-21
1.258427265358887483e-21
1.255947539223646197e-21
1.253472211310538765e-21
1.251001303542747548e-21
1.248534837252746049e-21
1.246072833191909003e-21
1.243615311539957148e-21
1.241162291914267888e-21
1.238713793379034183e-21
1.236269834454291593e-21
1.233830433124801820e-21
1.231395606848800828e-21
1.228965372566618695e-21
1.226539746709152017e-21
1.224118745206230039e-21
1.221702383494826376e-21
1.219290676527168986e-21
1.216883638778704000e-21
1.214481284255960252e-21
1.212083626504272935e-21
1.209690678615396477e-21
1.207302453235010214e-21
1.204918962570091845e-21
1.202540218396192517e-21
1.200166232064587403e-21
1.197797014509335068e-21
1.195432576254205544e-21
1.193072927419524347e-21
1.190718077728892913e-21
1.188368036515822717e-21
1.186022812730254465e-21
1.183682414944983636e-21
1.181346851361991405e-21
1.179016129818667809e-21
1.176690257793946695e-21
1.174369242414351904e-21
1.172053090459938120e-21
1.169741808370150102e-21
1.167435402249590502e-21
1.165133877873696096e-21
1.162837240694331067e-21
1.160545495845292642e-21
1.158258648147731535e-21
1.155976702115493579e-21
1.153699661960374467e-21
1.151427531597293062e-21
1.149160314649397170e-21
1.146898014453075858e-21
1.144640634062897274e-21
1.142388176256490059e-21
1.140140643539319800e-21
1.137898038149419218e-21
1.135660362062023194e-21
1.133427616994156388e-21
1.131199804409130969e-21
1.128976925520979447e-21
1.126758981298833343e-21
1.124545972471215156e-21
1.122337899530278226e-21
1.120134762735973632e-21
1.117936562120162725e-21
1.115743297490654247e-21
1.113554968435191233e-21
1.111371574325367568e-21
1.109193114320489442e-21
1.107019587371379809e-21
1.104850992224116465e-21
1.102687327423723846e-21
1.100528591317794875e-21
1.098374782060070100e-21
1.096225897613953837e-21
1.094081935755981781e-21
1.091942894079227687e-21
1.089808769996665469e-21
1.087679560744478262e-21
1.085555263385312948e-21
1.083435874811485583e-21
1.081321391748143949e-21
1.079211810756368789e-21
1.077107128236248153e-21
1.075007340429874241e-21
1.072912443424326722e-21
1.070822433154585324e-21
1.068737305406414401e-21
1.066657055819187510e-21
1.064581679888686208e-21
1.062511172969838493e-21
1.060445530279429392e-21
1.058384746898759278e-21
1.056328817776267001e-21
1.054277737730113162e-21
1.052231501450717296e-21
1.050190103503263462e-21
1.048153538330163141e-21
1.046121800253479008e-21
1.044094883477317300e-21
1.042072782090175044e-21
1.040055490067256812e-21
1.038043001272751987e-21
1.036035309462084374e-21
1.034032408284113667e-21
1.032034291283316978e-21
1.030040951901926920e-21
1.028052383482039224e-21
1.026068579267693640e-21
1.024089532406911593e-21
1.022115235953707308e-21
1.020145682870075431e-21
1.018180866027933512e-21
1.016220778211044171e-21
1.014265412116907738e-21
1.012314760358617091e-21
1.010368815466692927e-21
1.008427569890884252e-21
1.006491016001945344e-21
1.004559146093381693e-21
1.002631952383169425e-21
1.000709427015448006e-21
9.987915620621903914e-22
9.968783495248376183e-22
9.949697813359192947e-22
9.930658493606394831e-22
9.911665453984420828e-22
9.892718611845545832e-22
9.873817883914987148e-22
9.854963186305856783e-22
9.836154434533863587e-22
9.817391543531710711e-22
9.798674427663434751e-22
9.780003000738284110e-22
9.761377176024595474e-22
9.742796866263339265e-22
9.724261983681439403e-22
9.705772440004961416e-22
9.687328146472040992e-22
9.668929013845581204e-22
9.650574952425818068e-22
9.632265872062641613e-22
9.614001682167702522e-22
9.595782291726413471e-22
9.577607609309634472e-22
9.559477543085266076e-22
9.541392000829671413e-22
9.523350889938797312e-22
9.505354117439248393e-22
9.487401589999120429e-22
9.469493213938655022e-22
9.451628895240775797e-22
9.433808539561361281e-22
9.416032052239463240e-22
9.398299338307304964e-22
9.380610302500065142e-22
9.362964849265646690e-22
9.345362882774127726e-22
9.327804306927161762e-22
9.310289025367229316e-22
9.292816941486648781e-22
9.275387958436542155e-22
9.258001979135588244e-22
9.240658906278694987e-22
9.223358642345459253e-22
9.206101089608534484e-22
9.188886150141849748e-22
9.171713725828700903e-22
9.154583718369691296e-22
9.137496029290582183e-22
9.120450559949940031e-22
9.103447211546748070e-22
9.086485885127816616e-22
9.069566481595123798e-22
9.052688901712996414e-22
9.035853046115198634e-22
9.019058815311887166e-22
9.002306109696466739e-22
8.985594829552310167e-22
8.968924875059361808e-22
8.952296146300697764e-22
8.935708543268849095e-22
8.919161965872160780e-22
8.902656313940932495e-22
8.886191487233525541e-22
8.869767385442323076e-22
8.853383908199609459e-22
8.837040955083361214e-22
8.820738425622902562e-22
8.804476219304515824e-22
8.788254235576886308e-22
8.772072373856545322e-22
8.755930533533130742e-22
8.739828613974598688e-22
8.723766514532365602e-22
8.707744134546328082e-22
8.691761373349781152e-22
8.675818130274315836e-22
8.659914304654562519e-22
8.644049795832885395e-22
8.628224503163999817e-22
8.612438326019486186e-22
8.596691163792239909e-22
8.580982915900849880e-22
8.565313481793858466e-22
8.549682760954010221e-22
8.534090652902385859e-22
8.518537057202432792e-22
8.503021873464001308e-22
8.487545001347237805e-22
8.472106340566455461e-22
8.456705790893876067e-22
8.441343252163388789e-22
8.426018624274176332e-22
8.410731807194271515e-22
8.395482700964097861e-22
8.380271205699892637e-22
8.365097221597120487e-22
8.349960648933761998e-22
8.334861388073600382e-22
8.319799339469387785e-22
8.304774403666024766e-22
8.289786481303604359e-22
8.274835473120455187e-22
8.259921279956076443e-22
8.245043802754098251e-22
8.230202942565083105e-22
8.215398600549332950e-22
8.200630677979653004e-22
8.185899076244035645e-22
8.171203696848282237e-22
8.156544441418605203e-22
8.141921211704149223e-22
8.127333909579503974e-22
8.112782437047110599e-22
8.098266696239669122e-22
8.083786589422464987e-22
8.069342018995670201e-22
8.054932887496592766e-22
8.040559097601877199e-22
8.026220552129658982e-22
8.011917154041670107e-22
7.997648806445299481e-22
7.983415412595674020e-22
7.969216875897550728e-22
7.955053099907343249e-22
7.940923988334976323e-22
7.926829445045741191e-22
7.912769374062170741e-22
7.898743679565731280e-22
7.884752265898655364e-22
7.870795037565585611e-22
7.856871899235272114e-22
7.842982755742188979e-22
7.829127512088133003e-22
7.815306073443795066e-22
7.801518345150248786e-22
7.787764232720473954e-22
7.774043641840798161e-22
7.760356478372315857e-22
7.746702648352268851e-22
7.733082057995429630e-22
7.719494613695381240e-22
7.705940222025852648e-22
7.692418789741946897e-22
7.678930223781390890e-22
7.665474431265724994e-22
7.652051319501468188e-22
7.638660795981281333e-22
7.625302768385042982e-22
7.611977144580973157e-22
7.598683832626662138e-22
7.585422740770112420e-22
7.572193777450710148e-22
7.558996851300253903e-22
7.545831871143862186e-22
7.532698746000907232e-22
7.519597385085898980e-22
7.506527697809388795e-22
7.493489593778790428e-22
7.480482982799203811e-22
7.467507774874245420e-22
7.454563880206776141e-22
7.441651209199694967e-22
7.428769672456647114e-22
7.415919180782747186e-22
7.403099645185242152e-22
7.390310976874207241e-22
7.377553087263166601e-22
7.364825887969705498e-22
7.352129290816111663e-22
7.339463207829918847e-22
7.326827551244476691e-22
7.314222233499502748e-22
7.301647167241593110e-22
7.289102265324728346e-22
7.276587440810764384e-22
7.264102606969883907e-22
7.251647677281060901e-22
7.239222565432476316e-22
7.226827185321932775e-22
7.214461451057254247e-22
7.202125276956670666e-22
7.189818577549144250e-22
7.177541267574766344e-22
7.165293261985042366e-22
7.153074475943226582e-22
7.140884824824605168e-22
7.128724224216791494e-22
7.116592589919974387e-22
7.104489837947197431e-22
7.092415884524563030e-22
7.080370646091472211e-22
7.068354039300827748e-22
7.056365981019235407e-22
7.044406388327165695e-22
7.032475178519156984e-22
7.020572269103914253e-22
7.008697577804502811e-22
6.996851022558436690e-22
6.985032521517824413e-22
6.973241993049437635e-22
6.961479355734841866e-22
6.949744528370435019e-22
6.938037429967538635e-22
6.926357979752445840e-22
6.914706097166459903e-22
6.903081701865940312e-22
6.891484713722303720e-22
6.879915052822052150e-22
6.868372639466757014e-22
6.856857394173076977e-22
6.845369237672691192e-22
6.833908090912318105e-22
6.822473875053637403e-22
6.811066511473249579e-22
6.799685921762623266e-22
6.788332027728035995e-22
6.777004751390454765e-22
6.765704014985482440e-22
6.754429740963260884e-22
6.743181851988353421e-22
6.731960270939616930e-22
6.720764920910123801e-22
6.709595725206981376e-22
6.698452607351219100e-22
6.687335491077643701e-22
6.676244300334668980e-22
6.665178959284163466e-22
6.654139392301278322e-22
6.643125523974278078e-22
6.632137279104329035e-22
6.621174582705337524e-22
6.610237360003742076e-22
6.599325536438287727e-22
6.588439037659848280e-22
6.577577789531169585e-22
6.566741718126674869e-22
6.555930749732214595e-22
6.545144810844832302e-22
6.534383828172527628e-22
6.523647728633977009e-22
6.512936439358322091e-22
6.502249887684870686e-22
6.491588001162846625e-22
6.480950707551104819e-22
6.470337934817860424e-22
6.459749611140406726e-22
6.449185664904817969e-22
6.438646024705652197e-22
6.428130619345655968e-22
6.417639377835459662e-22
6.407172229393287844e-22
6.396729103444583103e-22
6.386309929621771897e-22
6.375914637763866760e-22
6.365543157916185128e-22
6.355195420329997631e-22
6.344871355462188608e-22
6.334570893974925090e-22
6.324293966735306030e-22
6.314040504815017183e-22
6.303810439489978449e-22
6.293603702239979949e-22
6.283420224748322788e-22
6.273259938901472053e-22
6.263122776788660901e-22
6.253008670701539799e-22
6.242917553133794718e-22
6.232849356780783199e-22
6.222804014539112122e-22
6.212781459506312322e-22
6.202781624980406011e-22
6.192804444459524977e-22
6.182849851641538186e-22
6.172917780423622023e-22
6.163008164901892596e-22
6.153120939370982558e-22
6.143256038323653667e-22
6.133413396450363258e-22
6.123592948638878686e-22
6.113794629973865433e-22
6.104018375736449817e-22
6.094264121403820273e-22
6.084531802648807934e-22
6.074821355339453103e-22
6.065132715538592430e-22
6.055465819503433841e-22
6.045820603685104220e-22
6.036197004728256313e-22
6.026594959470613585e-22
6.017014404942541393e-22
6.007455278366612529e-22
5.997917517157150182e-22
5.988401058919841442e-22
5.978905841451224778e-22
5.969431802738301660e-22
5.959978880958070120e-22
5.950547014477091228e-22
5.941136141851017018e-22
5.931746201824168247e-22
5.922377133329075485e-22
5.913028875486019258e-22
5.903701367602587123e-22
5.894394549173217577e-22
5.885108359878744906e-22
5.875842739585930867e-22
5.866597628347032107e-22
5.857372966399321499e-22
5.848168694164629232e-22
5.838984752248892363e-22
5.829821081441684613e-22
5.820677622715761221e-22
5.811554317226579343e-22
5.802451106311865464e-22
5.793367931491111352e-22
5.784304734465136773e-22
5.775261457115612707e-22
5.766238041504586453e-22
5.757234429874036818e-22
5.748250564645381352e-22
5.739286388419007090e-22
5.730341843973829508e-22
5.721416874266795050e-22
5.712511422432410935e-22
5.703625431782290942e-22
5.694758845804675811e-22
5.685911608163940473e-22
5.677083662700172758e-22
5.668274953428636422e-22
5.659485424539356439e-22
5.650715020396599898e-22
5.641963685538438723e-22
5.633231364676251260e-22
5.624518002694258664e-22
5.615823544649041537e-22
5.607147935769090414e-22
5.598491121454296074e-22
5.589853047275505671e-22
5.581233658974031848e-22
5.572632902461182539e-22
5.564050723817781365e-22
5.555487069293700264e-22
5.546941885307395868e-22
5.538415118445398874e-22
5.529906715461886163e-22
5.521416623278160758e-22
5.512944788982219246e-22
5.504491159828249605e-22
5.496055683236165708e-22
5.487638306791147472e-22
5.479238978243138683e-22
5.470857645506389967e-22
5.462494256659007398e-22
5.454148759942438103e-22
5.445821103761020753e-22
5.437511236681522887e-22
5.429219107432647207e-22
5.420944664904577364e-22
5.412687858148497418e-22
5.404448636376121638e-22
5.396226948959236533e-22
5.388022745429214665e-22
5.379835975476549152e-22
5.371666588950402282e-22
5.363514535858108041e-22
5.355379766364726366e-22
5.347262230792572006e-22
5.339161879620738685e-22
5.331078663484637365e-22
5.323012533175544855e-22
5.314963439640105407e-22
5.306931333979907532e-22
5.298916167450978070e-22
5.290917891463349607e-22
5.282936457580593101e-22
5.274971817519334515e-22
5.267023923148824119e-22
5.259092726490451243e-22
5.251178179717288188e-22
5.243280235153643538e-22
5.235398845274593841e-22
5.227533962705525636e-22
5.219685540221669021e-22
5.211853530747670708e-22
5.204037887357091858e-22
5.196238563272005584e-22
5.188455511862490086e-22
5.180688686646216752e-22
5.172938041287974319e-22
5.165203529599223129e-22
5.157485105537643733e-22
5.149782723206688329e-22
5.142096336855119024e-22
5.134425900876581833e-22
5.126771369809128023e-22
5.119132698334796575e-22
5.111509841279150565e-22
5.103902753610828604e-22
5.096311390441118829e-22
5.088735707023489654e-22
5.081175658753169408e-22
5.073631201166691187e-22
5.066102289941448983e-22
5.058588880895267928e-22
5.051090929985970769e-22
5.043608393310902969e-22
5.036141227106539622e-22
5.028689387748023716e-22
5.021252831748735438e-22
5.013831515759858646e-22
5.006425396569947347e-22
4.999034431104477134e-22
4.991658576425452092e-22
4.984297789730925205e-22
4.976952028354609966e-22
4.969621249765416766e-22
4.962305411567048523e-22
4.955004471497569979e-22
4.947718387428969477e-22
4.940447117366739547e-22
4.933190619449462189e-22
4.925948851948375348e-22
4.918721773266947862e-22
4.911509341940468503e-22
4.904311516635617161e-22
4.897128256150051068e-22
4.889959519411987261e-22
4.882805265479772823e-22
4.875665453541485217e-22
4.868540042914511925e-22
4.861428993045130093e-22
4.854332263508094640e-22
4.847249814006244227e-22
4.840181604370056456e-22
4.833127594557268887e-22
4.826087744652454920e-22
4.819062014866615664e-22
4.812050365536787793e-22
4.805052757125609080e-22
4.798069150220940362e-22
4.791099505535456466e-22
4.784143783906238076e-22
4.777201946294363605e-22
4.770273953784523629e-22
4.763359767584612759e-22
4.756459349025336551e-22
4.749572659559803380e-22
4.742699660763146398e-22
4.735840314332109756e-22
4.728994582084663993e-22
4.722162425959614819e-22
4.715343808016199696e-22
4.708538690433720134e-22
4.701747035511122282e-22
4.694968805666634874e-22
4.688203963437363914e-22
4.681452471478915584e-22
4.674714292565003155e-22
4.667989389587064244e-22
4.661277725553894067e-22
4.654579263591242941e-22
4.647893966941433550e-22
4.641221798963001709e-22
4.634562723130298580e-22
4.627916703033126737e-22
4.621283702376345202e-22
4.614663684979518676e-22
4.608056614776515988e-22
4.601462455815160273e-22
4.594881172256846226e-22
4.588312728376161126e-22
4.581757088560530306e-22
4.575214217309840995e-22
4.568684079236070858e-22
4.562166639062922189e-22
4.555661861625467378e-22
4.549169711869770870e-22
4.542690154852520535e-22
4.536223155740693824e-22
4.529768679811163744e-22
4.523326692450352794e-22
4.516897159153881252e-22
4.510480045526189145e-22
4.504075317280205222e-22
4.497682940236967037e-22
4.491302880325275822e-22
4.484935103581352308e-22
4.478579576148462441e-22
4.472236264276586365e-22
4.465905134322058251e-22
4.459586152747218352e-22
4.453279286120056591e-22
4.446984501113890946e-22
4.440701764506987530e-22
4.434431043182239919e-22
4.428172304126817439e-22
4.421925514431814404e-22
4.415690641291921914e-22
4.409467652005081791e-22
4.403256513972142394e-22
4.397057194696526659e-22
4.390869661783889796e-22
4.384693882941784508e-22
4.378529825979330912e-22
4.372377458806864830e-22
4.366236749435633103e-22
4.360107665977425893e-22
4.353990176644284226e-22
4.347884249748141694e-22
4.341789853700500024e-22
4.335706957012110281e-22
4.329635528292639029e-22
4.323575536250349538e-22
4.317526949691763237e-22
4.311489737521354092e-22
4.305463868741212879e-22
4.299449312450724633e-22
4.293446037846263015e-22
4.287454014220850833e-22
4.281473210963854412e-22
4.275503597560669501e-22
4.269545143592384613e-22
4.263597818735497966e-22
4.257661592761567653e-22
4.251736435536929528e-22
4.245822317022358659e-22
4.239919207272782510e-22
4.234027076436945692e-22
4.228145894757126428e-22
4.222275632568813062e-22
4.216416260300387614e-22
4.210567748472857296e-22
4.204730067699492463e-22
4.198903188685579755e-22
4.193087082228086851e-22
4.187281719215362948e-22
4.181487070626839247e-22
4.175703107532744956e-22
4.169929801093785672e-22
4.164167122560849975e-22
4.158415043274735311e-22
4.152673534665816023e-22
4.146942568253776756e-22
4.141222115647310587e-22
4.135512148543808222e-22
4.129812638729105034e-22
4.124123558077146752e-22
4.118444878549731789e-22
4.112776572196211258e-22
4.107118611153184755e-22
4.101470967644242221e-22
4.095833613979663950e-22
4.090206522556125785e-22
4.084589665856438148e-22
4.078983016449239478e-22
4.073386546988729626e-22
4.067800230214375512e-22
4.062224038950653456e-22
4.056657946106744022e-22
4.051101924676264471e-22
4.045555947736995110e-22
