9.349913299526355402e-20
9.277045255168277377e-20
9.174835762952476319e-20
9.054185354104251317e-20
8.922599014909303656e-20
8.785205531017186808e-20
8.645488087428062912e-20
8.505787457103736078e-20
8.367652924378365354e-20
8.232090443217854695e-20
8.099736179528729010e-20
7.970975136360474783e-20
7.846020957892572832e-20
7.724969528196899584e-20
7.607835361774159794e-20
7.494576746151115295e-20
7.385113433748392308e-20
7.279339282951483017e-20
7.177131387590734915e-20
7.078356709278147174e-20
6.982876902098629875e-20
6.890551811703957762e-20
6.801241993647598735e-20
6.714810501990591805e-20
6.631124133283642294e-20
6.550054263709935209e-20
6.471477382657489005e-20
6.395275400511470289e-20
6.321335789474410521e-20
6.249551601978034889e-20
6.179821400497216048e-20
6.112049124422853302e-20
6.046143913441611853e-20
5.982019902129532283e-20
5.919595996837897430e-20
5.858795643167252961e-20
5.799546590190395611e-20
5.741780655947299714e-20
5.685433497477509420e-20
5.630444387694595635e-20
5.576756000671582376e-20
5.524314206348672406e-20
5.473067875251599220e-20
5.422968693492291512e-20
5.373970988088276662e-20
5.326031562464891726e-20
5.279109541881030820e-20
5.233166228432894209e-20
5.188164965233107784e-20
5.144071009326623318e-20
5.100851412886334794e-20
5.058474912224345944e-20
5.016911824157826195e-20
4.976133949277240642e-20
4.936114481679135409e-20
4.896827924742808351e-20
4.858250012549382734e-20
4.820357636562641293e-20
4.783128777212023059e-20
4.746542440039382632e-20
4.710578596091995256e-20
4.675218126264916564e-20
4.640442769315082032e-20
4.606235073288697156e-20
4.572578350121059159e-20
4.539456633184780640e-20
4.506854637578725280e-20
4.474757722964319929e-20
4.443151858770179739e-20
4.412023591598945711e-20
4.381360014682331288e-20
4.351148739241770701e-20
4.321377867622293284e-20
4.292035968077177341e-20
4.263112051090009493e-20
4.234595547128778265e-20
4.206476285734699106e-20
4.178744475855467618e-20
4.151390687339116684e-20
4.124405833511076175e-20
4.097781154762276676e-20
4.071508203081664846e-20
4.045578827471129935e-20
4.019985160185480625e-20
3.994719603743880804e-20
3.969774818663350175e-20
3.945143711868202475e-20
3.920819425732604284e-20
3.896795327716417750e-20
3.873065000557282578e-20
3.849622232984522121e-20
3.826461010922725575e-20
3.803575509155082766e-20
3.780960083418662286e-20
3.758609262905598019e-20
3.736517743146056380e-20
3.714680379250227579e-20
3.693092179488353108e-20
3.671748299189010745e-20
3.650644034937245172e-20
3.629774819055368548e-20
3.609136214350241772e-20
3.588723909111993116e-20
3.568533712350109543e-20
3.548561549253636442e-20
3.528803456863112302e-20
3.509255579942595471e-20
3.489914167041012836e-20
3.470775566732424987e-20
3.451836224025826177e-20
3.433092676935299023e-20
3.414541553202175625e-20
3.396179567161199874e-20
3.378003516743212304e-20
3.360010280607313419e-20
3.342196815395971757e-20
3.324560153106690448e-20
3.307097398574445431e-20
3.289805727059392596e-20
3.272682381934542728e-20
3.255724672468488919e-20
3.238929971698642454e-20
3.222295714390456655e-20
3.205819395078565939e-20
3.189498566185939492e-20
3.173330836217295180e-20
3.157313868023352178e-20
3.141445377132518834e-20
3.125723130147005895e-20
3.110144943200245092e-20
3.094708680473008872e-20
3.079412252765358018e-20
3.064253616122056697e-20
3.049230770509000578e-20
3.034341758538400472e-20
3.019584664240565041e-20
3.004957611880259769e-20
2.990458764815704207e-20
2.976086324398350190e-20
2.961838528911700453e-20
2.947713652547523396e-20
2.933710004417872083e-20
2.919825927601375777e-20
2.906059798222448013e-20
2.892410024561951737e-20
2.878875046198158714e-20
2.865453333176596086e-20
2.852143385207777982e-20
2.838943730891591403e-20
2.825852926967304193e-20
2.812869557588186996e-20
2.799992233619762764e-20
2.787219591960740716e-20
2.774550294885823431e-20
2.761983029409427146e-20
2.749516506669626719e-20
2.737149461331465819e-20
2.724880651008945629e-20
2.712708855704984878e-20
2.700632877268637114e-20
2.688651538868982917e-20
2.676763684485039826e-20
2.664968178411117632e-20
2.653263904777037025e-20
2.641649767082691609e-20
2.630124687746443517e-20
2.618687607666819363e-20
2.607337485797080148e-20
2.596073298732159234e-20
2.584894040307588645e-20
2.573798721209939406e-20
2.562786368598423554e-20
2.551856025737228398e-20
2.541006751638272761e-20
2.530237620713929313e-20
2.519547722439527013e-20
2.508936161025131120e-20
2.498402055096417203e-20
2.487944537384304219e-20
2.477562754422998492e-20
2.467255866256273445e-20
2.457023046151605926e-20
2.446863480322013242e-20
2.436776367655256276e-20
2.426760919450247687e-20
2.416816359160353734e-20
2.406941922143460333e-20
2.397136855418500596e-20
2.387400417428309669e-20
2.377731877808563389e-20
2.368130517162645802e-20
2.358595626842227059e-20
2.349126508733406353e-20
2.339722475048232708e-20
2.330382848121430901e-20
2.321106960212221158e-20
2.311894153311006651e-20
2.302743778950845718e-20
2.293655198023530063e-20
2.284627780600155199e-20
2.275660905756026026e-20
2.266753961399797960e-20
2.257906344106702832e-20
2.249117458955764475e-20
2.240386719370861357e-20
2.231713546965565236e-20
2.223097371391610802e-20
2.214537630190901496e-20
2.206033768650973288e-20
2.197585239663783385e-20
2.189191503587766100e-20
2.180852028113035211e-20
2.172566288129669309e-20
2.164333765598988963e-20
2.156153949427697496e-20
2.148026335344915177e-20
2.139950425781903987e-20
2.131925729754493513e-20
2.123951762748109551e-20
2.116028046605325070e-20
2.108154109415870057e-20
2.100329485409073745e-20
2.092553714848602910e-20
2.084826343929487515e-20
2.077146924677374711e-20
2.069515014849932961e-20
2.061930177840337071e-20
2.054391982582839239e-20
2.046900003460286508e-20
2.039453820213627629e-20
2.032053017853283275e-20
2.024697186572365744e-20
2.017385921661714451e-20
2.010118823426666265e-20
2.002895497105543231e-20
1.995715552789804419e-20
1.988578605345836015e-20
1.981484274338305929e-20
1.974432183955085327e-20
1.967421962933666675e-20
1.960453244489059930e-20
1.953525666243119335e-20
1.946638870155284874e-20
1.939792502454676389e-20
1.932986213573533440e-20
1.926219658081941929e-20
1.919492494623873968e-20
1.912804385854417606e-20
1.906154998378256008e-20
1.899544002689323257e-20
1.892971073111603068e-20
1.886435887741082468e-20
1.879938128388794221e-20
1.873477480524937475e-20
1.867053633224051355e-20
1.860666279111235167e-20
1.854315114309351146e-20
1.847999838387231074e-20
1.841720154308827522e-20
1.835475768383317517e-20
1.829266390216124341e-20
1.823091732660825851e-20
1.816951511771959270e-20
1.810845446758660139e-20
1.804773259939174559e-20
1.798734676696159865e-20
1.792729425432811937e-20
1.786757237529764398e-20
1.780817847302768104e-20
1.774910991961117543e-20
1.769036411566809380e-20
1.763193848994430456e-20
1.757383049891740919e-20
1.751603762640961533e-20
1.745855738320721811e-20
1.740138730668675308e-20
1.734452496044764017e-20
1.728796793395116807e-20
1.723171384216562659e-20
1.717576032521756291e-20
1.712010504804905633e-20
1.706474570008055107e-20
1.700967999487983713e-20
1.695490566983622506e-20
1.690042048584032697e-20
1.684622222696931746e-20
1.679230870017730732e-20
1.673867773499095929e-20
1.668532718321001195e-20
1.663225491861296159e-20
1.657945883666742032e-20
1.652693685424526808e-20
1.647468690934253513e-20
1.642270696080375333e-20
1.637099498805080627e-20
1.631954899081618497e-20
1.626836698888056787e-20
1.621744702181455365e-20
1.616678714872461000e-20
1.611638544800294945e-20
1.606624001708159720e-20
1.601634897219009104e-20
1.596671044811726188e-20
1.591732259797656522e-20
1.586818359297524938e-20
1.581929162218702662e-20
1.577064489232834620e-20
1.572224162753812523e-20
1.567408006916091303e-20
1.562615847553336264e-20
1.557847512177402764e-20
1.553102829957636377e-20
1.548381631700492646e-20
1.543683749829460462e-20
1.539009018365297816e-20
1.534357272906567561e-20
1.529728350610456362e-20
1.525122090173895460e-20
1.520538331814957394e-20
1.515976917254534392e-20
1.511437689698281871e-20
1.506920493818845416e-20
1.502425175738335718e-20
1.497951583011071645e-20
1.493499564606576380e-20
1.489068970892817021e-20
1.484659653619701466e-20
1.480271465902800994e-20
1.475904262207322016e-20
1.471557898332307128e-20
1.467232231395060659e-20
1.462927119815802919e-20
1.458642423302542623e-20
1.454378002836169291e-20
1.450133720655755693e-20
1.445909440244069137e-20
1.441705026313293410e-20
1.437520344790946314e-20
1.433355262806004851e-20
1.429209648675215166e-20
1.425083371889599001e-20
1.420976303101161471e-20
1.416888314109756221e-20
1.412819277850167249e-20
1.408769068379339089e-20
1.404737560863810720e-20
1.400724631567298132e-20
1.396730157838470991e-20
1.392754018098877961e-20
1.388796091831048671e-20
1.384856259566754566e-20
1.380934402875431064e-20
1.377030404352753177e-20
1.373144147609368822e-20
1.369275517259787409e-20
1.365424398911405952e-20
1.361590679153702795e-20
1.357774245547550812e-20
1.353974986614698663e-20
1.350192791827371380e-20
1.346427551598024719e-20
1.342679157269220332e-20
1.338947501103651863e-20
1.335232476274284635e-20
1.331533976854642793e-20
1.327851897809204183e-20
1.324186134983937563e-20
1.320536585096959287e-20
1.316903145729301329e-20
1.313285715315812918e-20
1.309684193136170660e-20
1.306098479306008878e-20
1.302528474768160992e-20
1.298974081284018567e-20
1.295435201424995829e-20
1.291911738564102820e-20
1.288403596867629594e-20
1.284910681286939801e-20
1.281432897550353639e-20
1.277970152155149382e-20
1.274522352359653827e-20
1.271089406175446936e-20
1.267671222359644882e-20
1.264267710407293676e-20
1.260878780543853074e-20
1.257504343717779643e-20
1.254144311593189566e-20
1.250798596542624975e-20
1.247467111639900921e-20
1.244149770653049552e-20
1.240846488037341025e-20
1.237557178928396800e-20
1.234281759135387346e-20
1.231020145134304479e-20
1.227772254061331495e-20
1.224538003706275298e-20
1.221317312506094980e-20
1.218110099538494785e-20
1.214916284515605108e-20
1.211735787777734208e-20
1.208568530287192437e-20
1.205414433622200139e-20
1.202273419970856624e-20
1.199145412125190707e-20
1.196030333475274426e-20
1.192928108003413660e-20
1.189838660278401938e-20
1.186761915449842550e-20
1.183697799242543946e-20
1.180646237950974263e-20
1.177607158433781745e-20
1.174580488108382739e-20
1.171566154945609108e-20
1.168564087464423061e-20
1.165574214726686898e-20
1.162596466331995949e-20
1.159630772412578024e-20
1.156677063628239648e-20
1.153735271161378205e-20
1.150805326712054866e-20
1.147887162493112813e-20
1.144980711225360752e-20
1.142085906132809853e-20
1.139202680937960032e-20
1.136330969857146881e-20
1.133470707595938235e-20
1.130621829344576797e-20
1.127784270773488806e-20
1.124957968028830926e-20
1.122142857728083781e-20
1.119338876955717404e-20
1.116545963258875051e-20
1.113764054643130590e-20
1.110993089568275523e-20
1.108233006944166958e-20
1.105483746126608822e-20
1.102745246913290411e-20
1.100017449539759538e-20
1.097300294675448347e-20
1.094593723419739751e-20
1.091897677298071338e-20
1.089212098258097502e-20
1.086536928665872643e-20
1.083872111302096203e-20
1.081217589358383888e-20
1.078573306433587935e-20
1.075939206530151841e-20
1.073315234050510978e-20
1.070701333793525112e-20
1.068097450950955300e-20
1.065503531103971795e-20
1.062919520219710989e-20
1.060345364647855083e-20
1.057781011117259003e-20
1.055226406732608610e-20
1.052681498971116827e-20
1.050146235679253017e-20
1.047620565069507726e-20
1.045104435717190368e-20
1.042597796557266641e-20
1.040100596881222572e-20
1.037612786333960754e-20
1.035134314910736473e-20
1.032665132954121348e-20
1.030205191150998737e-20
1.027754440529591032e-20
1.025312832456518254e-20
1.022880318633886733e-20
1.020456851096410906e-20
1.018042382208559920e-20
1.015636864661735404e-20
1.013240251471484727e-20
1.010852495974729174e-20
1.008473551827037996e-20
1.006103372999916912e-20
1.003741913778128815e-20
1.001389128757042751e-20
9.990449728400124036e-21
9.967094012357759365e-21
9.943823694558800610e-21
9.920638333121441294e-21
9.897537489141350594e-21
9.874520726666735562e-21
9.851587612673671163e-21
9.828737717041660528e-21
9.805970612529434438e-21
9.783285874750990049e-21
9.760683082151947092e-21
9.738161815985965762e-21
9.715721660291634056e-21
9.693362201869364139e-21
9.671083030258646803e-21
9.648883737715546684e-21
9.626763919190317832e-21
9.604723172305320223e-21
9.582761097333121327e-21
9.560877297174862504e-21
9.539071377338768330e-21
9.517342945918901184e-21
9.495691613574141529e-21
9.474116993507323166e-21
9.452618701444687479e-21
9.431196355615321117e-21
9.409849576731072163e-21
9.388577987966407609e-21
9.367381214938645493e-21
9.346258885688272800e-21
9.325210630659531180e-21
9.304236082681109506e-21
9.283334876947075661e-21
9.262506650998005430e-21
9.241751044702224250e-21
9.221067700237298716e-21
9.200456262071689095e-21
9.179916376946547777e-21
9.159447693857716349e-21
9.139049864037858079e-21
9.118722540938864244e-21
9.098465380214261966e-21
9.078278039701974128e-21
9.058160179407070264e-21
9.038111461484792797e-21
9.018131550223711172e-21
8.998220112029036980e-21
8.978376815406065477e-21
8.958601330943824740e-21
8.938893331298849704e-21
8.919252491179096138e-21
8.899678487328017111e-21
8.880170998508833565e-21
8.860729705488827452e-21
8.841354291023941817e-21
8.822044439843385399e-21
8.802799838634468935e-21
8.783620176027545299e-21
8.764505142581066987e-21
8.745454430766842224e-21
8.726467734955370813e-21
8.707544751401337970e-21
8.688685178229264641e-21
8.669888715419195434e-21
8.651155064792673939e-21
8.632483929998689458e-21
8.613875016499868988e-21
8.595328031558676730e-21
8.576842684223894967e-21
8.558418685317076343e-21
8.540055747419208311e-21
8.521753584857448286e-21
8.503511913692055909e-21
8.485330451703307258e-21
8.467208918378712992e-21
8.449147034900153739e-21
8.431144524131263754e-21
8.413201110604912370e-21
8.395316520510709530e-21
8.377490481682759582e-21
8.359722723587397015e-21
8.342012977311113284e-21
8.324360975548549847e-21
8.306766452590634129e-21
8.289229144312745588e-21
8.271748788163099950e-21
8.254325123151149996e-21
8.236957889836078127e-21
8.219646830315504101e-21
8.202391688214120534e-21
8.185192208672593232e-21
8.168048138336455489e-21
8.150959225345118258e-21
8.133925219321017224e-21
8.116945871358806542e-21
8.100020934014677443e-21
8.083150161295741545e-21
8.066333308649531527e-21
8.049570132953592083e-21
8.032860392505152115e-21
8.016203847010854116e-21
7.999600257576664100e-21
7.983049386697748434e-21
7.966550998248555297e-21
7.950104857472873573e-21
7.933710730974055746e-21
7.917368386705302488e-21
7.901077593960004419e-21
7.884838123362225306e-21
7.868649746857153663e-21
7.852512237701799609e-21
7.836425370455621001e-21
7.820388920971315086e-21
7.804402666385640237e-21
7.788466385110373115e-21
7.772579856823280868e-21
7.756742862459194147e-21
7.740955184201173407e-21
7.725216605471721851e-21
7.709526910924082633e-21
7.693885886433623333e-21
7.678293319089259550e-21
7.662748997184985321e-21
7.647252710211445677e-21
7.631804248847626555e-21
7.616403404952528158e-21
7.601049971556990286e-21
7.585743742855565819e-21
7.570484514198436318e-21
7.555272082083390832e-21
7.540106244147923566e-21
7.524986799161349606e-21
7.509913547016995871e-21
7.494886288724458280e-21
7.479904826401929621e-21
7.464968963268586116e-21
7.450078503637010089e-21
7.435233252905752561e-21
7.420433017551856738e-21
7.405677605123500350e-21
7.390966824232696682e-21
7.376300484548051267e-21
7.361678396787556205e-21
7.347100372711456696e-21
7.332566225115198827e-21
7.318075767822401431e-21
7.303628815677895659e-21
7.289225184540814198e-21
7.274864691277773781e-21
7.260547153756042652e-21
7.246272390836838928e-21
7.232040222368624456e-21
7.217850469180482915e-21
7.203702953075549096e-21
7.189597496824480292e-21
7.175533924158989389e-21
7.161512059765403534e-21
7.147531729278331137e-21
7.133592759274322847e-21
7.119694977265600249e-21
7.105838211693850758e-21
7.092022291924052602e-21
7.078247048238359996e-21
7.064512311830015401e-21
7.050817914797355063e-21
7.037163690137817568e-21
7.023549471742006559e-21
7.009975094387819661e-21
6.996440393734608998e-21
6.982945206317415447e-21
6.969489369541172783e-21
6.956072721675057790e-21
6.942695101846808766e-21
6.929356350037129794e-21
6.916056307074108552e-21
6.902794814627695817e-21
6.889571715204248165e-21
6.876386852141063138e-21
6.863240069600973105e-21
6.850131212567038418e-21
6.837060126837201456e-21
6.824026659019000844e-21
6.811030656524381979e-21
6.798071967564483479e-21
6.785150441144476286e-21
6.772265927058468986e-21
6.759418275884445470e-21
6.746607338979199585e-21
6.733832968473374365e-21
6.721095017266491470e-21
6.708393339022028788e-21
6.695727788162549931e-21
6.683098219864848037e-21
6.670504490055170818e-21
6.657946455404398210e-21
6.645423973323349424e-21
6.632936901958089245e-21
6.620485100185235836e-21
6.608068427607344519e-21
6.595686744548329936e-21
6.583339912048901743e-21
6.571027791862032657e-21
6.558750246448474646e-21
6.546507138972315005e-21
6.534298333296532413e-21
6.522123693978632753e-21
6.509983086266275142e-21
6.497876376092957395e-21
6.485803430073728577e-21
6.473764115500909826e-21
6.461758300339911471e-21
6.449785853224977937e-21
6.437846643455078587e-21
6.425940540989733873e-21
6.414067416444950571e-21
6.402227141089096829e-21
6.390419586838917903e-21
6.378644626255497715e-21
6.366902132540255033e-21
6.355191979531030672e-21
6.343514041698143845e-21
6.331868194140477871e-21
6.320254312581658400e-21
6.308672273366169207e-21
6.297121953455572552e-21
6.285603230424717510e-21
6.274115982457975373e-21
6.262660088345526224e-21
6.251235427479663553e-21
6.239841879851096624e-21
6.228479326045329577e-21
6.217147647239025482e-21
6.205846725196428323e-21
6.194576442265766923e-21
6.183336681375751412e-21
6.172127326032036582e-21
6.160948260313716097e-21
6.149799368869894935e-21
6.138680536916205416e-21
6.127591650231439830e-21
6.116532595154103325e-21
6.105503258579107477e-21
6.094503527954374331e-21
6.083533291277546525e-21
6.072592437092690638e-21
6.061680854487023109e-21
6.050798433087650449e-21
6.039945063058357606e-21
6.029120635096415129e-21
6.018325040429375810e-21
6.007558170811926237e-21
5.996819918522772957e-21
5.986110176361500802e-21
5.975428837645500430e-21
5.964775796206901886e-21
5.954150946389510411e-21
5.943554183045808466e-21
5.932985401533932171e-21
5.922444497714690629e-21
5.911931367948612330e-21
5.901445909093007353e-21
5.890988018499024313e-21
5.880557594008786283e-21
5.870154533952489866e-21
5.859778737145531348e-21
5.849430102885704318e-21
5.839108530950358919e-21
5.828813921593603235e-21
5.818546175543518965e-21
5.808305193999416976e-21
5.798090878629077803e-21
5.787903131566038798e-21
5.777741855406897075e-21
5.767606953208598164e-21
5.757498328485798385e-21
5.747415885208206921e-21
5.737359527797952704e-21
5.727329161126971624e-21
5.717324690514419311e-21
5.707346021724090693e-21
5.697393060961868135e-21
5.687465714873162812e-21
5.677563890540422287e-21
5.667687495480588431e-21
5.657836437642644123e-21
5.648010625405114801e-21
5.638209967573621937e-21
5.628434373378451543e-21
5.618683752472124948e-21
5.608958014926990628e-21
5.599257071232855917e-21
5.589580832294572070e-21
5.579929209429732928e-21
5.570302114366287819e-21
5.560699459240240219e-21
5.551121156593332126e-21
5.541567119370757766e-21
5.532037260918867530e-21
5.522531494982924559e-21
5.513049735704855324e-21
5.503591897620995683e-21
5.494157895659902393e-21
5.484747645140134529e-21
5.475361061768068008e-21
5.465998061635715369e-21
5.456658561218587698e-21
5.447342477373531713e-21
5.438049727336604471e-21
5.428780228720951839e-21
5.419533899514720060e-21
5.410310658078960553e-21
5.401110423145555776e-21
5.391933113815151112e-21
5.382778649555136399e-21
5.373646950197567283e-21
5.364537935937191139e-21
5.355451527329409797e-21
5.346387645288303211e-21
5.337346211084637320e-21
5.328327146343911788e-21
5.319330373044388940e-21
5.310355813515166321e-21
5.301403390434231962e-21
5.292473026826580578e-21
5.283564646062269584e-21
5.274678171854558614e-21
5.265813528258009927e-21
5.256970639666644473e-21
5.248149430812063365e-21
5.239349826761622002e-21
5.230571752916597432e-21
5.221815135010369997e-21
5.213079899106599723e-21
5.204365971597470410e-21
5.195673279201861508e-21
5.187001748963606499e-21
5.178351308249723451e-21
5.169721884748668143e-21
5.161113406468591692e-21
5.152525801735611740e-21
5.143958999192109952e-21
5.135412927795021259e-21
5.126887516814130603e-21
5.118382695830405813e-21
5.109898394734314666e-21
5.101434543724167540e-21
5.092991073304480369e-21
5.084567914284297734e-21
5.076164997775606975e-21
5.067782255191689118e-21
5.059419618245518696e-21
5.051077018948177113e-21
5.042754389607248707e-21
5.034451662825230354e-21
5.026168771498011785e-21
5.017905648813256606e-21
5.009662228248893147e-21
5.001438443571564695e-21
4.993234228835093258e-21
4.985049518378980203e-21
4.976884246826860998e-21
4.968738349085050982e-21
4.960611760341009136e-21
4.952504416061885360e-21
4.944416251993034650e-21
4.936347204156569637e-21
4.928297208849871759e-21
4.920266202644197212e-21
4.912254122383188873e-21
4.904260905181491284e-21
4.896286488423307709e-21
4.888330809760987283e-21
4.880393807113650533e-21
4.872475418665776524e-21
4.864575582865813333e-21
4.856694238424837420e-21
4.848831324315131753e-21
4.840986779768889562e-21
4.833160544276824062e-21
4.825352557586838355e-21
4.817562759702686311e-21
4.809791090882672560e-21
4.802037491638298327e-21
4.794301902732984748e-21
4.786584265180755566e-21
4.778884520244950668e-21
4.771202609436942636e-21
4.763538474514850284e-21
4.755892057482279279e-21
4.748263300587064273e-21
4.740652146320003501e-21
4.733058537413620473e-21
4.725482416840927161e-21
4.717923727814185691e-21
4.710382413783690341e-21
4.702858418436556311e-21
4.695351685695499464e-21
4.687862159717644662e-21
4.680389784893325066e-21
4.672934505844902502e-21
4.665496267425585574e-21
4.658075014718247026e-21
4.650670693034283222e-21
4.643283247912422486e-21
4.635912625117595116e-21
4.628558770639792876e-21
4.621221630692919457e-21
4.613901151713651464e-21
4.606597280360343054e-21
4.599309963511876384e-21
4.592039148266578288e-21
4.584784781941091792e-21
4.577546812069295793e-21
4.570325186401215705e-21
4.563119852901922065e-21
4.555930759750456979e-21
4.548757855338786148e-21
4.541601088270701233e-21
4.534460407360777149e-21
4.527335761633308286e-21
4.520227100321293639e-21
4.513134372865354972e-21
4.506057528912721945e-21
4.498996518316202948e-21
4.491951291133174735e-21
4.484921797624535957e-21
4.477907988253729145e-21
4.470909813685717566e-21
4.463927224785997428e-21
4.456960172619589024e-21
4.450008608450077527e-21
4.443072483738598872e-21
4.436151750142894091e-21
4.429246359516317009e-21
4.422356263906896855e-21
4.415481415556342199e-21
4.408621766899135161e-21
4.401777270561534593e-21
4.394947879360674050e-21
4.388133546303604843e-21
4.381334224586375208e-21
4.374549867593101191e-21
4.367780428895037538e-21
4.361025862249683944e-21
4.354286121599855191e-21
4.347561161072785137e-21
4.340850934979235221e-21
4.334155397812588677e-21
4.327474504247961293e-21
4.320808209141334744e-21
4.314156467528653811e-21
4.307519234624977771e-21
4.300896465823589652e-21
4.294288116695151379e-21
4.287694142986828839e-21
4.281114500621454542e-21
4.274549145696659455e-21
4.267998034484052224e-21
4.261461123428355511e-21
4.254938369146598764e-21
4.248429728427257561e-21
4.241935158229457665e-21
4.235454615682136189e-21
4.228988058083233604e-21
4.222535442898881999e-21
4.216096727762589560e-21
4.209671870474461177e-21
4.203260829000372398e-21
4.196863561471207334e-21
4.190480026182030354e-21
4.184110181591348070e-21
4.177753986320306610e-21
4.171411399151894164e-21
4.165082379030230046e-21
4.158766885059722098e-21
4.152464876504373057e-21
4.146176312786983846e-21
4.139901153488411047e-21
4.133639358346813072e-21
4.127390887256912144e-21
4.121155700269249502e-21
4.114933757589444373e-21
4.108725019577465726e-21
4.102529446746907041e-21
4.096346999764249036e-21
4.090177639448156257e-21
4.084021326768742811e-21
4.077878022846871211e-21
4.071747688953442941e-21
4.065630286508690524e-21
4.059525777081470347e-21
4.053434122388575797e-21
4.047355284294050393e-21
4.041289224808463307e-21
4.035235906088274410e-21
4.029195290435116559e-21
4.023167340295125288e-21
4.017152018258266233e-21
4.011149287057670837e-21
4.005159109568959268e-21
3.999181448809576120e-21
3.993216267938145681e-21
3.987263530253799361e-21
3.981323199195529452e-21
3.975395238341544391e-21
3.969479611408610489e-21
3.963576282251435024e-21
3.957685214861989162e-21
3.951806373368910614e-21
3.945939722036860410e-21
3.940085225265868378e-21
3.934242847590756122e-21
3.928412553680481001e-21
3.922594308337526749e-21
3.916788076497288088e-21
3.910993823227471123e-21
3.905211513727465916e-21
3.899441113327751403e-21
3.893682587489307079e-21
3.887935901802988582e-21
3.882201021988950659e-21
3.876477913896052087e-21
