1.044237697191569824e+11
1.871546955305003747e+07
8.748431929334701272e+05
1.267908001127857424e+05
3.060489284380000754e+04
9.915510420087191960e+03
3.895879507282804298e+03
1.754132389455060093e+03
8.739619495496178843e+02
4.708352967659056958e+02
2.699213267053922323e+02
1.627719082968729651e+02
1.023665557219752316e+02
6.669827988402866481e+01
4.479343737695693761e+01
3.088001006754921818e+01
2.178026456304209546e+01
1.567433857373689143e+01
1.148347680637130530e+01
8.548516960822389876e+00
6.455679017238416861e+00
4.938882152508741186e+00
3.823273784004955544e+00
2.991676368753711124e+00
2.364151780309780460e+00
1.885272390363674111e+00
1.516028570207326620e+00
1.228586540957295581e+00
1.002833658564250330e+00
8.240652361796401149e-01
6.814127940129898198e-01
5.667614398671919629e-01
4.739946477123643254e-01
3.984611572652809741e-01
3.365944812536392772e-01
2.856385052504889499e-01
2.434476631349050124e-01
2.083400816744035433e-01
1.789887176764690113e-01
1.543399983445958579e-01
1.335525458785511155e-01
1.159506901610100477e-01
1.009889554581107074e-01
8.822475145175208422e-02
7.729724137951005103e-02
6.791089230080082917e-02
5.982259709926360941e-02
5.283153784362501493e-02
4.677116547705343491e-02
4.150282243874886534e-02
3.691064753146098415e-02
3.289748665590733895e-02
2.938159647674782812e-02
2.629397610490543866e-02
2.357619842938886781e-02
2.117864069750093406e-02
1.905903545069411245e-02
1.718127954702428420e-02
1.551445191052256735e-02
1.403200071862832805e-02
1.271106862988069172e-02
1.153193086344527982e-02
1.047752584818308248e-02
9.533062050747054261e-03
8.685687691150866668e-03
7.924212531044366389e-03
7.238872906544987010e-03
6.621132776450616535e-03
6.063514847951497963e-03
5.559456888166149080e-03
5.103189180137340103e-03
4.689629775132300206e-03
4.314294759900014209e-03
3.973221222329589505e-03
3.662900981155774865e-03
3.380223460499646570e-03
3.122426350567553046e-03
2.887052911774482065e-03
2.671914958989117343e-03
2.475060712052651064e-03
2.294746823504819309e-03
2.129413998872186492e-03
1.977665712453568776e-03
1.838249595152994511e-03
1.710041132920202440e-03
1.592029366701042375e-03
1.483304329071831592e-03
1.383045990251696679e-03
1.290514518045952691e-03
1.205041683377253234e-03
1.126023266161603909e-03
1.052912336010281696e-03
9.852132991094522414e-04
9.224766170842014276e-04
8.642941160598661878e-04
8.102948147985597092e-04
7.601412099720084069e-04
7.135259645514633415e-04
6.701689521359013293e-04
6.298146159570726984e-04
5.922296064262040638e-04
5.572006655345736236e-04
5.245327302841415072e-04
4.940472306860190692e-04
4.655805607932891367e-04
4.389827037894738896e-04
4.141159943856363886e-04
3.908540037309291351e-04
3.690805337506787294e-04
3.486887093247997903e-04
3.295801580349647791e-04
3.116642683653111641e-04
2.948575182589405230e-04
2.790828668288379793e-04
2.642692028123541778e-04
2.503508440563564788e-04
2.372670829370464079e-04
2.249617731642833862e-04
2.133829539037186262e-04
2.024825075787020819e-04
1.922158480943770360e-04
1.825416365643822193e-04
1.734215219211630724e-04
1.648199040584564829e-04
1.567037173929069409e-04
1.490422329443744022e-04
1.418068772242701023e-04
1.349710663908112031e-04
1.285100542816974378e-04
1.224007930704132353e-04
1.166218054139127623e-04
1.111530670684198667e-04
1.059758990478533908e-04
1.010728684872033885e-04
9.642769745208672910e-05
9.202517900670006143e-05
8.785109991627404902e-05
8.389216941768736033e-05
8.013595354379027789e-05
7.657081453379472246e-05
7.318585490435643821e-05
6.997086579415693122e-05
6.691627922932532496e-05
6.401312398827134931e-05
6.125298477279358662e-05
5.862796441794765546e-05
5.613064889639845319e-05
5.375407489405759044e-05
5.149169975294554146e-05
4.933737359460486980e-05
4.728531345319135981e-05
4.533007926174872286e-05
4.346655154825135943e-05
4.168991070991995930e-05
3.999561774516832479e-05
3.837939633244441567e-05
3.683721615425721957e-05
3.536527737293105830e-05
3.395999617215783632e-05
3.261799128530271997e-05
3.133607143771328831e-05
3.011122363604067917e-05
2.894060224285446717e-05
2.782151877966104820e-05
2.675143240586201011e-05
2.572794102524516674e-05
2.474877297532479057e-05
2.381177925826351741e-05
2.291492627524637933e-05
2.205628902905992924e-05
2.123404476227966134e-05
2.044646700090587587e-05
1.969191997553076484e-05
1.896885339418383654e-05
1.827579754290366068e-05
1.761135869183667101e-05
1.697421478627782776e-05
1.636311140355806601e-05
1.577685795805759469e-05
1.521432413789253890e-05
1.467443655799444802e-05
1.415617561538462013e-05
1.365857253344499233e-05
1.318070658291385476e-05
1.272170246818944459e-05
1.228072786831712139e-05
1.185699112276921341e-05
1.144973905280565839e-05
1.105825490983344175e-05
1.068185644276588330e-05
1.031989407692441637e-05
9.971749197526926721e-06
9.636832531273184383e-06
9.314582619969944511e-06
9.004464380540496698e-06
8.705967746136179022e-06
8.418606383414871792e-06
8.141916481373585461e-06
7.875455607422594722e-06
7.618801626667796943e-06
