1.360211635150136284e-19
1.354097793580849723e-19
1.345483851457572385e-19
1.335269363882649524e-19
1.324084661608952625e-19
1.312368478999196906e-19
1.300423700060318995e-19
1.288456875530820269e-19
1.276606710723849846e-19
1.264964749656085997e-19
1.253590094976480086e-19
1.242519585176914917e-19
1.231774699805907960e-19
1.221366233466609960e-19
1.211297495207731078e-19
1.201566538812985858e-19
1.192167747376123877e-19
1.183092977151227953e-19
1.174332392601006229e-19
1.165875080000155116e-19
1.157709499329539292e-19
1.149823816521556240e-19
1.142206146377375106e-19
1.134844728404713534e-19
1.127728052113792466e-19
1.120844944179888155e-19
1.114184626846552507e-19
1.107736754686928000e-19
1.101491435146797167e-19
1.095439237012803146e-19
1.089571189976030349e-19
1.083878777717668355e-19
1.078353926373679187e-19
1.072988989797007330e-19
1.067776732698155469e-19
1.062710312483846872e-19
1.057783260411968203e-19
1.052989462524856209e-19
1.048323140702370752e-19
1.043778834083030628e-19
1.039351381029565604e-19
1.035035901760019771e-19
1.030827781723207080e-19
1.026722655765141849e-19
1.022716393108647211e-19
1.018805083150223268e-19
1.014985022064717788e-19
1.011252700198667983e-19
1.007604790226289122e-19
1.004038136037452183e-19
1.000549742323990088e-19
9.971367648290963401e-20
9.937965012238314705e-20
9.905263825748435277e-20
9.873239653680014977e-20
9.841869240536138884e-20
9.811130440801635378e-20
9.781002153849283739e-20
9.751464263113616499e-20
9.722497579247915649e-20
9.694083786995063824e-20
9.666205395519847710e-20
9.638845691965600393e-20
9.611988698013434709e-20
9.585619129236761669e-20
9.559722357057960536e-20
9.534284373126878101e-20
9.509291755953997313e-20
9.484731639641970365e-20
9.460591684570969196e-20
9.436860049903263402e-20
9.413525367782127790e-20
9.390576719109008592e-20
9.368003610791646371e-20
9.345795954363032514e-20
9.323944045878695716e-20
9.302438547006441230e-20
9.281270467228660114e-20
9.260431147083225104e-20
9.239912242374502665e-20
9.219705709290285182e-20
9.199803790365862688e-20
9.180199001240058661e-20
9.160884118152063932e-20
9.141852166131724548e-20
9.123096407839201445e-20
9.104610333012725656e-20
9.086387648486525073e-20
9.068422268743234090e-20
9.050708306967855119e-20
9.033240066572284981e-20
9.016012033161881943e-20
8.999018866917164539e-20
8.982255395365946958e-20
8.965716606522344817e-20
8.949397642371118235e-20
8.933293792677045675e-20
8.917400489100359349e-20
8.901713299600611508e-20
8.886227923112299070e-20
8.870940184476996846e-20
8.855846029617104689e-20
8.840941520938201327e-20
8.826222832946835129e-20
8.811686248072148072e-20
8.797328152679935013e-20
8.783145033268915202e-20
8.769133472839289053e-20
8.755290147424251467e-20
8.741611822776116392e-20
8.728095351198559295e-20
8.714737668517536208e-20
8.701535791183725738e-20
8.688486813499617264e-20
8.675587904964970397e-20
8.662836307734553753e-20
8.650229334182562181e-20
8.637764364568526894e-20
8.625438844799487194e-20
8.613250284283754597e-20
8.601196253871964933e-20
8.589274383880888846e-20
8.577482362196443767e-20
8.565817932451708813e-20
8.554278892276626416e-20
8.542863091616190012e-20
8.531568431113371877e-20
8.520392860554507656e-20
8.509334377373772044e-20
8.498391025214169666e-20
8.487560892542655433e-20
8.476842111316696482e-20
8.466232855700204123e-20
8.455731340826611355e-20
8.445335821606788429e-20
8.435044591580301475e-20
8.424855981807639263e-20
8.414768359802070786e-20
8.404780128499140337e-20
8.394889725262389319e-20
8.385095620923683413e-20
8.375396318856764439e-20
8.365790354082612563e-20
8.356276292405314033e-20
8.346852729577222306e-20
8.337518290492151087e-20
8.328271628405554462e-20
8.319111424180565046e-20
8.310036385558845333e-20
8.301045246455335019e-20
8.292136766275908470e-20
8.283309729257020285e-20
8.274562943826607116e-20
8.265895241985300814e-20
8.257305478707222279e-20
8.248792531359632559e-20
8.240355299140715380e-20
8.231992702534873607e-20
8.223703682784646471e-20
8.215487201379035725e-20
8.207342239557290999e-20
8.199267797827714996e-20
8.191262895500969745e-20
8.183326570237380745e-20
8.175457877607602256e-20
8.167655890666288628e-20
8.159919699538363625e-20
8.152248411017222085e-20
8.144641148174690591e-20
8.137097049982193436e-20
8.129615270942807320e-20
8.122194980733789493e-20
8.114835363859176105e-20
8.107535619312296686e-20
8.100294960247620959e-20
8.093112613661806791e-20
8.085987820083562874e-20
8.078919833272085416e-20
8.071907919923696874e-20
8.064951359386527865e-20
8.058049443382901582e-20
8.051201475739216105e-20
8.044406772123039311e-20
8.037664659787221399e-20
8.030974477320819186e-20
8.024335574406556520e-20
8.017747311584640279e-20
8.011209060022753770e-20
8.004720201292059047e-20
7.998280127148913210e-20
7.991888239322220464e-20
7.985543949306247797e-20
7.979246678158685206e-20
7.972995856303812047e-20
7.966790923340611817e-20
7.960631327855734270e-20
7.954516527241094194e-20
7.948445987515951603e-20
7.942419183153496187e-20
7.936435596911535200e-20
7.930494719667503854e-20
7.924596050257343229e-20
7.918739095318302253e-20
7.912923369135628870e-20
7.907148393492815743e-20
7.901413697525478743e-20
7.895718817578723786e-20
7.890063297067850335e-20
7.884446686342333805e-20
7.878868542553070002e-20
7.873328429522579490e-20
7.867825917618369264e-20
7.862360583629144810e-20
7.856932010643874945e-20
7.851539787933673330e-20
7.846183510836286006e-20
7.840862780643320972e-20
7.835577204489930923e-20
7.830326395247063482e-20
7.825109971416005707e-20
7.819927557025434704e-20
7.814778781530636128e-20
7.809663279715036193e-20
7.804580691593836567e-20
7.799530662319805100e-20
7.794512842091152578e-20
7.789526886061319755e-20
7.784572454250852817e-20
7.779649211461056723e-20
7.774756827189572063e-20
7.769894975547773129e-20
7.765063335179888484e-20
7.760261589183830800e-20
7.755489425033796138e-20
7.750746534504337774e-20
7.746032613596198634e-20
7.741347362463549662e-20
7.736690485342896524e-20
7.732061690483299555e-20
7.727460690078156116e-20
7.722887200198353972e-20
7.718340940726752361e-20
7.713821635294075008e-20
7.709329011216051382e-20
7.704862799431872401e-20
7.700422734443849844e-20
7.696008554258327615e-20
7.691620000327750977e-20
7.687256817493925039e-20
7.682918753932340945e-20
7.678605561097722602e-20
7.674316993670483428e-20
7.670052809504407258e-20
7.665812769575233238e-20
7.661596637930304791e-20
7.657404181639217667e-20
7.653235170745331041e-20
7.649089378218325844e-20
7.644966579907627347e-20
7.640866554496719698e-20
7.636789083458328329e-20
7.632733951010512360e-20
7.628700944073510534e-20
7.624689852227483901e-20
7.620700467670961474e-20
7.616732585180179036e-20
7.612786002069111274e-20
7.608860518150242995e-20
7.604955935696132380e-20
7.601072059401601370e-20
7.597208696346718085e-20
7.593365655960388321e-20
7.589542749984666872e-20
7.585739792439670690e-20
7.581956599589205851e-20
7.578192989906910917e-20
7.574448784043170653e-20
7.570723804792451062e-20
7.567017877061377087e-20
7.563330827837279775e-20
7.559662486157344076e-20
7.556012683078338046e-20
7.552381251646812688e-20
7.548768026869898835e-20
7.545172845686565057e-20
7.541595546939424450e-20
7.538035971347026524e-20
7.534493961476586035e-20
7.530969361717287191e-20
7.527462018253967017e-20
7.523971779041257345e-20
7.520498493778255220e-20
7.517042013883538772e-20
7.513602192470647728e-20
7.510178884324027335e-20
7.506771945875292482e-20
7.503381235179962462e-20
7.500006611894608617e-20
7.496647937254320949e-20
7.493305074050575580e-20
7.489977886609548777e-20
7.486666240770693392e-20
7.483370003865705297e-20
7.480089044697905101e-20
7.476823233521866627e-20
7.473572442023436591e-20
7.470336543300106970e-20
7.467115411841629312e-20
7.463908923511032291e-20
7.460716955525934163e-20
7.457539386440111625e-20
7.454376096125405694e-20
7.451226965753956214e-20
7.448091877780636167e-20
7.444970715925859139e-20
7.441863365158637154e-20
7.438769711679835917e-20
7.435689642905840524e-20
7.432623047452364402e-20
7.429569815118572434e-20
7.426529836871431564e-20
7.423503004830316607e-20
7.420489212251895306e-20
7.417488353515195152e-20
7.414500324106907338e-20
7.411525020607012094e-20
7.408562340674513572e-20
7.405612183033417867e-20
7.402674447459048080e-20
7.399749034764371425e-20
7.396835846786751233e-20
7.393934786374725446e-20
7.391045757375099272e-20
7.388168664620182291e-20
7.385303413915269911e-20
7.382449912026248803e-20
7.379608066667437058e-20
7.376777786489630189e-20
7.373958981068257857e-20
7.371151560891800611e-20
7.368355437350300510e-20
7.365570522724117305e-20
7.362796730172795358e-20
7.360033973724167695e-20
7.357282168263539503e-20
7.354541229523064214e-20
7.351811074071337471e-20
7.349091619303030807e-20
7.346382783428796160e-20
7.343684485465234188e-20
7.340996645225027487e-20
7.338319183307278442e-20
7.335652021087898838e-20
7.332995080710202891e-20
7.330348285075603811e-20
7.327711557834476460e-20
7.325084823377121132e-20
7.322468006824883817e-20
7.319861034021370342e-20
7.317263831523837468e-20
7.314676326594659817e-20
7.312098447192944853e-20
7.309530121966261013e-20
7.306971280242489822e-20
7.304421852021774298e-20
7.301881767968604587e-20
7.299350959404005910e-20
7.296829358297839653e-20
7.294316897261200766e-20
7.291813509538936723e-20
7.289319129002282045e-20
7.286833690141544584e-20
7.284357128058971152e-20
7.281889378461632417e-20
7.279430377654473905e-20
7.276980062533412744e-20
7.274538370578571635e-20
7.272105239847565780e-20
7.269680608968911386e-20
7.267264417135516023e-20
7.264856604098262870e-20
7.262457110159670793e-20
7.260065876167644705e-20
7.257682843509313792e-20
7.255307954104949184e-20
7.252941150401986354e-20
7.250582375369096861e-20
7.248231572490355192e-20
7.245888685759466988e-20
7.243553659674112834e-20
7.241226439230332964e-20
7.238906969917004657e-20
7.236595197710379824e-20
7.234291069068687581e-20
7.231994530926866839e-20
7.229705530691283231e-20
7.227424016234576048e-20
7.225149935890555729e-20
7.222883238449151906e-20
7.220623873151464967e-20
7.218371789684844101e-20
7.216126938178060435e-20
7.213889269196511474e-20
7.211658733737521824e-20
7.209435283225678836e-20
7.207218869508234447e-20
7.205009444850594892e-20
7.202806961931795972e-20
7.200611373840140824e-20
7.198422634068807597e-20
7.196240696511528146e-20
7.194065515458365430e-20
7.191897045591514985e-20
7.189735241981143714e-20
7.187580060081303300e-20
7.185431455725909833e-20
7.183289385124722220e-20
7.181153804859448204e-20
7.179024671879810644e-20
7.176901943499742605e-20
7.174785577393574016e-20
7.172675531592308605e-20
7.170571764479904446e-20
7.168474234789654418e-20
7.166382901600540176e-20
7.164297724333701682e-20
7.162218662748918771e-20
7.160145676941130032e-20
7.158078727336997433e-20
7.156017774691533533e-20
7.153962780084743144e-20
7.151913704918321564e-20
7.149870510912402162e-20
7.147833160102305170e-20
7.145801614835379154e-20
7.143775837767829252e-20
7.141755791861645314e-20
7.139741440381481895e-20
7.137732746891673065e-20
7.135729675253189437e-20
7.133732189620721591e-20
7.131740254439711731e-20
7.129753834443502106e-20
7.127772894650455746e-20
7.125797400361140989e-20
7.123827317155537687e-20
7.121862610890302376e-20
7.119903247696010591e-20
7.117949193974503896e-20
7.116000416396208027e-20
7.114056881897520848e-20
7.112118557678197903e-20
7.110185411198807780e-20
7.108257410178191086e-20
7.106334522590943501e-20
7.104416716664942158e-20
7.102503960878916565e-20
7.100596223960021935e-20
7.098693474881422141e-20
7.096795682859967768e-20
7.094902817353832035e-20
7.093014848060215327e-20
7.091131744913053337e-20
7.089253478080778172e-20
7.087380017964067426e-20
7.085511335193643800e-20
7.083647400628133714e-20
7.081788185351832019e-20
7.079933660672665332e-20
7.078083798120019340e-20
7.076238569442694913e-20
7.074397946606822075e-20
7.072561901793851025e-20
7.070730407398531108e-20
7.068903436026911462e-20
7.067080960494386201e-20
7.065262953823751629e-20
7.063449389243275498e-20
7.061640240184787928e-20
7.059835480281836128e-20
7.058035083367783742e-20
7.056239023473989643e-20
7.054447274828001166e-20
7.052659811851744943e-20
7.050876609159745414e-20
7.049097641557371030e-20
7.047322884039098505e-20
7.045552311786784296e-20
7.043785900167979415e-20
7.042023624734229796e-20
7.040265461219419991e-20
7.038511385538142154e-20
7.036761373784021682e-20
7.035015402228171657e-20
7.033273447317555806e-20
7.031535485673412849e-20
7.029801494089735015e-20
7.028071449531681556e-20
7.026345329134093375e-20
7.024623110199937837e-20
7.022904770198870339e-20
7.021190286765723661e-20
7.019479637699057499e-20
7.017772800959709200e-20
7.016069754669370986e-20
7.014370477109171985e-20
7.012674946718281932e-20
7.010983142092513668e-20
7.009295041982982207e-20
7.007610625294718074e-20
7.005929871085340811e-20
7.004252758563743334e-20
7.002579267088759428e-20
7.000909376167867354e-20
6.999243065455910308e-20
6.997580314753836146e-20
6.995921104007422654e-20
6.994265413306023289e-20
6.992613222881364674e-20
6.990964513106291135e-20
6.989319264493592289e-20
6.987677457694781284e-20
6.986039073498929612e-20
6.984404092831483860e-20
6.982772496753114977e-20
6.981144266458569927e-20
6.979519383275547436e-20
6.977897828663555671e-20
6.976279584212819277e-20
6.974664631643158721e-20
6.973052952802931039e-20
6.971444529667921214e-20
6.969839344340284126e-20
6.968237379047529822e-20
6.966638616141387219e-20
6.965043038096873640e-20
6.963450627511180181e-20
6.961861367102735229e-20
6.960275239710134366e-20
6.958692228291193051e-20
6.957112315921948750e-20
6.955535485795660655e-20
6.953961721221896072e-20
6.952391005625536156e-20
6.950823322545827395e-20
6.949258655635492071e-20
6.947696988659755660e-20
6.946138305495438041e-20
6.944582590130060340e-20
6.943029826660943357e-20
6.941479999294290343e-20
6.939933092344348013e-20
6.938389090232496548e-20
6.936847977486408202e-20
6.935309738739178227e-20
6.933774358728481073e-20
6.932241822295737428e-20
6.930712114385266804e-20
6.929185220043478647e-20
6.927661124418063450e-20
6.926139812757150155e-20
6.924621270408561062e-20
6.923105482818966822e-20
6.921592435533136534e-20
6.920082114193142093e-20
6.918574504537603463e-20
6.917069592400921922e-20
6.915567363712513297e-20
6.914067804496080925e-20
6.912570900868858527e-20
6.911076639040883161e-20
6.909585005314277822e-20
6.908095986082520786e-20
6.906609567829728204e-20
6.905125737129954748e-20
6.903644480646519536e-20
6.902165785131252609e-20
6.900689637423884658e-20
6.899216024451298313e-20
6.897744933226901014e-20
6.896276350849936491e-20
6.894810264504841987e-20
6.893346661460562142e-20
6.891885529069931494e-20
6.890426854769020864e-20
6.888970626076499395e-20
6.887516830593000198e-20
6.886065456000512479e-20
6.884616490061737556e-20
6.883169920619503860e-20
6.881725735596130171e-20
6.880283922992845436e-20
6.878844470889183302e-20
6.877407367442389891e-20
6.875972600886842414e-20
6.874540159533468982e-20
6.873110031769184067e-20
6.871682206056278226e-20
6.870256670931905319e-20
6.868833415007484269e-20
6.867412426968182671e-20
6.865993695572316144e-20
6.864577209650864438e-20
6.863162958106858753e-20
6.861750929914936361e-20
6.860341114120731535e-20
6.858933499840391659e-20
6.857528076260048799e-20
6.856124832635302112e-20
6.854723758290700248e-20
6.853324842619253854e-20
6.851928075081907144e-20
6.850533445207069658e-20
6.849140942590097464e-20
6.847750556892816491e-20
6.846362277843044659e-20
6.844976095234095948e-20
6.843591998924318181e-20
6.842209978836601904e-20
6.840830024957949467e-20
6.839452127338956221e-20
6.838076276093418113e-20
6.836702461397817701e-20
6.835330673490904063e-20
6.833960902673237794e-20
6.832593139306748044e-20
6.831227373814287144e-20
6.829863596679202091e-20
6.828501798444903615e-20
6.827141969714418407e-20
6.825784101150003927e-20
6.824428183472689796e-20
6.823074207461870943e-20
6.821722163954903156e-20
6.820372043846680587e-20
6.819023838089232504e-20
6.817677537691344128e-20
6.816333133718094410e-20
6.814990617290543065e-20
6.813649979585268349e-20
6.812311211834007151e-20
6.810974305323274626e-20
6.809639251393954927e-20
6.808306041440946119e-20
6.806974666912789433e-20
6.805645119311257600e-20
6.804317390191021425e-20
6.802991471159259786e-20
6.801667353875315372e-20
6.800345030050327555e-20
6.799024491446849610e-20
6.797705729878533346e-20
6.796388737209745121e-20
6.795073505355244454e-20
6.793760026279803653e-20
6.792448291997893649e-20
6.791138294573334921e-20
6.789830026118947215e-20
6.788523478796242602e-20
6.787218644815053532e-20
6.785915516433247555e-20
6.784614085956368616e-20
6.783314345737314462e-20
6.782016288176036922e-20
6.780719905719214495e-20
6.779425190859908092e-20
6.778132136137295015e-20
6.776840734136325905e-20
6.775550977487421404e-20
6.774262858866168821e-20
6.772976370993028430e-20
6.771691506633013285e-20
6.770408258595400326e-20
6.769126619733442697e-20
6.767846582944057984e-20
6.766568141167551366e-20
6.765291287387320701e-20
6.764016014629566439e-20
6.762742315963018377e-20
6.761470184498641956e-20
6.760199613389360205e-20
6.758930595829786516e-20
6.757663125055926128e-20
6.756397194344938995e-20
6.755132797014824416e-20
6.753869926424195942e-20
6.752608575971984058e-20
6.751348739097172574e-20
6.750090409278555478e-20
6.748833580034461281e-20
6.747578244922502653e-20
6.746324397539307993e-20
6.745072031520283094e-20
6.743821140539339109e-20
6.742571718308669864e-20
6.741323758578467780e-20
6.740077255136709619e-20
6.738832201808889257e-20
6.737588592457780555e-20
6.736346420983226710e-20
6.735105681321838128e-20
6.733866367446803437e-20
6.732628473367655972e-20
6.731391993130013770e-20
6.730156920815356891e-20
6.728923250540803523e-20
6.727690976458890910e-20
6.726460092757315350e-20
6.725230593658749234e-20
6.724002473420576226e-20
6.722775726334711919e-20
6.721550346727355861e-20
6.720326328958782119e-20
6.719103667423121403e-20
6.717882356548140792e-20
6.716662390795051135e-20
6.715443764658269927e-20
6.714226472665232323e-20
6.713010509376166048e-20
6.711795869383900003e-20
6.710582547313643994e-20
6.709370537822798539e-20
6.708159835600743022e-20
6.706950435368645501e-20
6.705742331879247250e-20
6.704535519916689424e-20
6.703329994296278334e-20
6.702125749864354246e-20
6.700922781498021749e-20
6.699721084105017347e-20
6.698520652623484367e-20
6.697321482021809255e-20
6.696123567298410928e-20
6.694926903481575864e-20
6.693731485629251066e-20
6.692537308828882765e-20
6.691344368197220218e-20
6.690152658880136350e-20
6.688962176052454428e-20
6.687772914917759075e-20
6.686584870708239785e-20
6.685398038684495930e-20
6.684212414135364624e-20
6.683027992377754615e-20
6.681844768756466930e-20
6.680662738644044414e-20
6.679481897440573117e-20
6.678302240573528221e-20
6.677123763497628390e-20
6.675946461694614290e-20
6.674770330673149883e-20
6.673595365968615390e-20
6.672421563142945996e-20
6.671248917784516292e-20
6.670077425507913979e-20
6.668907081953835148e-20
6.667737882788896497e-20
6.666569823705494502e-20
6.665402900421633284e-20
6.664237108680793405e-20
6.663072444251759741e-20
6.661908902928483054e-20
6.660746480529917489e-20
6.659585172899871320e-20
6.658424975906874537e-20
6.657265885444013942e-20
6.656107897428777867e-20
6.654951007802946642e-20
6.653795212532408425e-20
6.652640507607034013e-20
6.651486889040549257e-20
6.650334352870358111e-20
6.649182895157422263e-20
6.648032511986125118e-20
6.646883199464129757e-20
6.645734953722229682e-20
6.644587770914236869e-20
6.643441647216806023e-20
6.642296578829340698e-20
6.641152561973839213e-20
6.640009592894771882e-20
6.638867667858918507e-20
6.637726783155290141e-20
6.636586935094937699e-20
6.635448120010883345e-20
6.634310334257936324e-20
6.633173574212600280e-20
6.632037836272948068e-20
6.630903116858466475e-20
6.629769412409956318e-20
6.628636719389402435e-20
6.627505034279843693e-20
6.626374353585263445e-20
6.625244673830447495e-20
6.624115991560881784e-20
6.622988303342629610e-20
6.621861605762189591e-20
6.620735895426423445e-20
6.619611168962386262e-20
6.618487423017242250e-20
6.617364654258139550e-20
6.616242859372099487e-20
6.615122035065881767e-20
6.614002178065901408e-20
6.612883285118091531e-20
6.611765352987803440e-20
6.610648378459691076e-20
6.609532358337589436e-20
6.608417289444431521e-20
6.607303168622107501e-20
6.606189992731387677e-20
6.605077758651772020e-20
6.603966463281428781e-20
6.602856103537056062e-20
6.601746676353797563e-20
6.600638178685110166e-20
6.599530607502686905e-20
6.598423959796346223e-20
6.597318232573904374e-20
6.596213422861116451e-20
6.595109527701533136e-20
6.594006544156432093e-20
6.592904469304691580e-20
6.591803300242695354e-20
6.590703034084252021e-20
6.589603667960484300e-20
6.588505199019714666e-20
6.587407624427402760e-20
6.586310941366011779e-20
6.585215147034949489e-20
6.584120238650426194e-20
6.583026213445415008e-20
6.581933068669508620e-20
6.580840801588857898e-20
6.579749409486058747e-20
6.578658889660072661e-20
6.577569239426125613e-20
6.576480456115627404e-20
6.575392537076059722e-20
6.574305479670923178e-20
6.573219281279610914e-20
6.572133939297327959e-20
6.571049451135012985e-20
6.569965814219246825e-20
6.568883025992173032e-20
6.567801083911376302e-20
6.566719985449853582e-20
6.565639728095862412e-20
6.564560309352899248e-20
6.563481726739552616e-20
6.562403977789487464e-20
6.561327060051294694e-20
6.560250971088450242e-20
6.559175708479216369e-20
6.558101269816574257e-20
6.557027652708110858e-20
6.555954854775975564e-20
6.554882873656771867e-20
6.553811707001495980e-20
6.552741352475438122e-20
6.551671807758121137e-20
6.550603070543210213e-20
6.549535138538441864e-20
6.548468009465540873e-20
6.547401681060142052e-20
6.546336151071725243e-20
6.545271417263517815e-20
6.544207477412440501e-20
6.543144329309017117e-20
6.542081970757308357e-20
6.541020399574828744e-20
6.539959613592484028e-20
6.538899610654484526e-20
6.537840388618287342e-20
6.536781945354500071e-20
6.535724278746837462e-20
6.534667386692023925e-20
6.533611267099741763e-20
6.532555917892546921e-20
6.531501337005800368e-20
6.530447522387606712e-20
6.529394471998733549e-20
6.528342183812546467e-20
6.527290655814942836e-20
6.526239886004279592e-20
6.525189872391303416e-20
6.524140612999091759e-20
6.523092105862969780e-20
6.522044349030460998e-20
6.520997340561209050e-20
6.519951078526918708e-20
6.518905561011280048e-20
6.517860786109913079e-20
6.516816751930301536e-20
6.515773456591719459e-20
6.514730898225179429e-20
6.513689074973355533e-20
6.512647984990534014e-20
6.511607626442539841e-20
6.510567997506672914e-20
6.509529096371652695e-20
6.508490921237555614e-20
6.507453470315747660e-20
6.506416741828826607e-20
6.505380734010558213e-20
6.504345445105819651e-20
6.503310873370538114e-20
6.502277017071629430e-20
6.501243874486939082e-20
6.500211443905180812e-20
6.499179723625881258e-20
6.498148711959318560e-20
6.497118407226473013e-20
6.496088807758942801e-20
6.495059911898931966e-20
6.494031717999138459e-20
6.493004224422740902e-20
6.491977429543327568e-20
6.490951331744825363e-20
6.489925929421466123e-20
6.488901220977725220e-20
6.487877204828251756e-20
6.486853879397830035e-20
6.485831243121321793e-20
6.484809294443602395e-20
6.483788031819516303e-20
6.482767453713824110e-20
6.481747558601136336e-20
6.480728344965877320e-20
6.479709811302219013e-20
6.478691956114035236e-20
6.477674777914846314e-20
6.476658275227768519e-20
6.475642446585461102e-20
6.474627290530069726e-20
6.473612805613195164e-20
6.472598990395816267e-20
6.471585843448252644e-20
6.470573363350116517e-20
6.469561548690256144e-20
6.468550398066707674e-20
6.467539910086651813e-20
6.466530083366351229e-20
6.465520916531118054e-20
6.464512408215251290e-20
6.463504557061997087e-20
6.462497361723494578e-20
6.461490820860731339e-20
6.460484933143497651e-20
6.459479697250333533e-20
6.458475111868485414e-20
6.457471175693859183e-20
6.456467887430969638e-20
6.455465245792899556e-20
6.454463249501253955e-20
6.453461897286103519e-20
6.452461187885953301e-20
6.451461120047689760e-20
6.450461692526537428e-20
6.449462904086008356e-20
6.448464753497864796e-20
6.447467239542073460e-20
6.446470361006762192e-20
6.445474116688168201e-20
6.444478505390603159e-20
6.443483525926407459e-20
6.442489177115903268e-20
6.441495457787358421e-20
6.440502366776934654e-20
6.439509902928655113e-20
6.438518065094351382e-20
6.437526852133629785e-20
6.436536262913828053e-20
6.435546296309967171e-20
6.434556951204718882e-20
6.433568226488361148e-20
6.432580121058733614e-20
6.431592633821197885e-20
6.430605763688602619e-20
6.429619509581240192e-20
6.428633870426797349e-20
6.427648845160333533e-20
6.426664432724226724e-20
6.425680632068136120e-20
6.424697442148969635e-20
6.423714861930833350e-20
6.422732890385005025e-20
6.421751526489887158e-20
6.420770769230970874e-20
6.419790617600804626e-20
6.418811070598936419e-20
6.417832127231899366e-20
6.416853786513157518e-20
6.415876047463074573e-20
6.414898909108880169e-20
6.413922370484626547e-20
6.412946430631156060e-20
6.411971088596053016e-20
6.410996343433625628e-20
