2.749466612732374188e-20
2.749678998880553451e-20
2.749914685723578606e-20
2.750112033534393182e-20
2.750248377661115386e-20
2.750322984312487817e-20
2.750344155545788077e-20
2.750322516352168915e-20
2.750268229395180931e-20
2.750190117259437440e-20
2.750095546974187790e-20
2.749990560122323002e-20
2.749880055042628482e-20
2.749767961889016549e-20
2.749657397405282202e-20
2.749550798974899061e-20
2.749450039936294467e-20
2.749356528217496669e-20
2.749271290146218539e-20
2.749195041172324673e-20
2.749128245160436907e-20
2.749071163817121989e-20
2.749023897693676477e-20
2.748986420058254735e-20
2.748958604774750894e-20
2.748940249171325319e-20
2.748931092737268712e-20
2.748930832357382419e-20
2.748939134679290019e-20
2.748955646111168370e-20
2.748980000864281197e-20
2.749011827384447001e-20
2.749050753457804527e-20
2.749096410227370355e-20
2.749148435315994497e-20
2.749206475217575146e-20
2.749270187090456360e-20
2.749339240063508887e-20
2.749413316146514840e-20
2.749492110820169116e-20
2.749575333368274626e-20
2.749662707003453156e-20
2.749753968828896403e-20
2.749848869671001455e-20
2.749947173811803756e-20
2.750048658644667168e-20
2.750153114272682444e-20
2.750260343065522783e-20
2.750370159187686087e-20
2.750482388108568474e-20
2.750596866102755276e-20
2.750713439747420125e-20
2.750831965422041180e-20
2.750952308814876162e-20
2.751074344439378197e-20
2.751197955163102516e-20
2.751323031751019719e-20
2.751449472424603603e-20
2.751577182437608376e-20
2.751706073669129896e-20
2.751836064234286755e-20
2.751967078112583206e-20
2.752099044793854628e-20
2.752231898941563818e-20
2.752365580073076755e-20
2.752500032256512198e-20
2.752635203823640305e-20
2.752771047098266322e-20
2.752907518139568519e-20
2.753044576499727733e-20
2.753182184995277956e-20
2.753320309491567687e-20
2.753458918699691688e-20
2.753597983985292482e-20
2.753737479188702569e-20
2.753877380455721392e-20
2.754017666078641249e-20
2.754158316346833051e-20
2.754299313406450148e-20
2.754440641128729026e-20
2.754582284986401179e-20
2.754724231937824350e-20
2.754866470318268597e-20
2.755008989738069513e-20
2.755151780987208018e-20
2.755294835945891245e-20
2.755438147500907594e-20
2.755581709467251009e-20
2.755725516514847779e-20
2.755869564100010875e-20
2.756013848401334178e-20
2.756158366259779196e-20
2.756303115122707549e-20
2.756448092991615437e-20
2.756593298373287244e-20
2.756738730234278592e-20
2.756884387958409260e-20
2.757030271307139584e-20
2.757176380382640146e-20
2.757322715593394671e-20
2.757469277622154351e-20
2.757616067396137694e-20
2.757763086059279680e-20
2.757910334946489298e-20
2.758057815559662691e-20
2.758205529545486212e-20
2.758353478674789250e-20
2.758501664823439607e-20
2.758650089954631565e-20
2.758798756102486591e-20
2.758947665356913119e-20
2.759096819849615875e-20
2.759246221741156635e-20
2.759395873209086286e-20
2.759545776436966420e-20
2.759695933604326214e-20
2.759846346877391486e-20
2.759997018400661153e-20
2.760147950289135509e-20
2.760299144621257083e-20
2.760450603432499106e-20
2.760602328709482389e-20
2.760754322384722954e-20
2.760906586331811795e-20
2.761059122361139910e-20
2.761211932216035012e-20
2.761365017569294248e-20
2.761518380020166510e-20
2.761672021091635070e-20
2.761825942228048680e-20
2.761980144793099354e-20
2.762134630068033051e-20
2.762289399250178149e-20
2.762444453451694794e-20
2.762599793698555959e-20
2.762755420929772260e-20
2.762911335996767836e-20
2.763067539662979510e-20
2.763224032603596794e-20
2.763380815405488458e-20
2.763537888567242255e-20
2.763695252499355108e-20
2.763852907524537641e-20
2.764010853878134283e-20
2.764169091708643862e-20
2.764327621078340117e-20
2.764486441963962030e-20
2.764645554257498633e-20
2.764804957767031007e-20
2.764964652217655525e-20
2.765124637252433569e-20
2.765284912433442375e-20
2.765445477242815631e-20
2.765606331083863527e-20
2.765767473282226507e-20
2.765928903087038654e-20
2.766090619672151854e-20
2.766252622137340711e-20
2.766414909509588704e-20
2.766577480744328607e-20
2.766740334726733464e-20
2.766903470273025620e-20
2.767066886131767094e-20
2.767230580985173422e-20
2.767394553450434128e-20
2.767558802081024758e-20
2.767723325368033969e-20
2.767888121741467143e-20
2.768053189571583101e-20
2.768218527170171840e-20
2.768384132791892449e-20
2.768550004635545429e-20
2.768716140845374501e-20
2.768882539512342534e-20
2.769049198675393630e-20
2.769216116322727250e-20
2.769383290393025989e-20
2.769550718776708039e-20
2.769718399317128485e-20
2.769886329811800461e-20
2.770054508013580806e-20
2.770222931631851502e-20
2.770391598333678836e-20
2.770560505744957532e-20
2.770729651451545840e-20
2.770899033000386188e-20
2.771068647900587915e-20
2.771238493624525053e-20
2.771408567608896189e-20
2.771578867255768680e-20
2.771749389933619859e-20
2.771920132978339122e-20
2.772091093694240242e-20
2.772262269355033965e-20
2.772433657204795191e-20
2.772605254458911488e-20
2.772777058305004534e-20
2.772949065903862387e-20
2.773121274390317587e-20
2.773293680874142114e-20
2.773466282440898404e-20
2.773639076152806023e-20
2.773812059049552358e-20
2.773985228149124382e-20
2.774158580448595274e-20
2.774332112924926087e-20
2.774505822535718668e-20
2.774679706219974592e-20
2.774853760898839057e-20
2.775027983476306251e-20
2.775202370839959633e-20
2.775376919861629759e-20
2.775551627398096044e-20
2.775726490291750001e-20
2.775901505371236818e-20
2.776076669452106565e-20
2.776251979337426876e-20
2.776427431818396842e-20
2.776603023674944654e-20
2.776778751676319217e-20
2.776954612581651086e-20
2.777130603140514588e-20
2.777306720093480330e-20
2.777482960172644827e-20
2.777659320102158328e-20
2.777835796598729769e-20
2.778012386372132331e-20
2.778189086125687932e-20
2.778365892556750515e-20
2.778542802357166463e-20
2.778719812213736826e-20
2.778896918808657276e-20
2.779074118819958056e-20
2.779251408921923477e-20
2.779428785785518630e-20
2.779606246078778184e-20
2.779783786467223467e-20
2.779961403614232010e-20
2.780139094181419717e-20
2.780316854829018229e-20
2.780494682216228819e-20
2.780672573001567846e-20
2.780850523843219450e-20
2.781028531399368972e-20
2.781206592328527357e-20
2.781384703289847125e-20
2.781562860943440752e-20
2.781741061950678586e-20
2.781919302974487369e-20
2.782097580679640327e-20
2.782275891733031014e-20
2.782454232803960999e-20
2.782632600564396858e-20
2.782810991689239197e-20
2.782989402856562800e-20
2.783167830747885650e-20
2.783346272048398237e-20
2.783524723447198283e-20
2.783703181637523055e-20
2.783881643316979876e-20
2.784060105187748948e-20
2.784238563956813863e-20
2.784417016336150584e-20
2.784595459042944717e-20
2.784773888799778079e-20
2.784952302334824909e-20
2.785130696382030615e-20
2.785309067681301959e-20
2.785487412978676781e-20
2.785665729026498537e-20
2.785844012583580603e-20
2.786022260415375998e-20
2.786200469294123035e-20
2.786378635999012029e-20
2.786556757316321321e-20
2.786734830039573759e-20
2.786912850969674519e-20
2.787090816915043516e-20
2.787268724691759246e-20
2.787446571123674341e-20
2.787624353042552190e-20
2.787802067288185506e-20
2.787979710708518497e-20
2.788157280159756412e-20
2.788334772506478076e-20
2.788512184621751458e-20
2.788689513387231162e-20
2.788866755693262551e-20
2.789043908438987674e-20
2.789220968532430126e-20
2.789397932890596761e-20
2.789574798439562554e-20
2.789751562114559675e-20
2.789928220860071981e-20
2.790104771629897607e-20
2.790281211387246465e-20
2.790457537104804046e-20
2.790633745764816876e-20
2.790809834359152707e-20
2.790985799889380561e-20
2.791161639366837534e-20
2.791337349812678755e-20
2.791512928257958029e-20
2.791688371743685616e-20
2.791863677320870363e-20
2.792038842050602158e-20
2.792213863004076000e-20
2.792388737262672651e-20
2.792563461917991738e-20
2.792738034071901704e-20
2.792912450836595783e-20
2.793086709334624499e-20
2.793260806698944417e-20
2.793434740072963279e-20
2.793608506610570702e-20
2.793782103476185725e-20
2.793955527844784489e-20
2.794128776901938160e-20
2.794301847843849035e-20
2.794474737877376425e-20
2.794647444220074572e-20
2.794819964100213108e-20
2.794992294756805948e-20
2.795164433439646800e-20
2.795336377409321196e-20
2.795508123937232379e-20
2.795679670305633799e-20
2.795851013807636937e-20
2.796022151747237186e-20
2.796193081439330705e-20
2.796363800209734875e-20
2.796534305395196732e-20
2.796704594343419446e-20
2.796874664413065933e-20
2.797044512973778712e-20
2.797214137406182920e-20
2.797383535101911588e-20
2.797552703463602629e-20
2.797721639904910276e-20
2.797890341850519527e-20
2.798058806736148549e-20
2.798227032008552894e-20
2.798395015125533324e-20
2.798562753555943029e-20
2.798730244779688233e-20
2.798897486287728793e-20
2.799064475582087228e-20
2.799231210175840896e-20
2.799397687593132825e-20
2.799563905369164493e-20
2.799729861050194020e-20
2.799895552193545200e-20
2.800060976367589440e-20
2.800226131151753588e-20
2.800391014136517522e-20
2.800555622923403926e-20
2.800719955124977075e-20
2.800884008364832614e-20
2.801047780277604774e-20
2.801211268508942901e-20
2.801374470715513265e-20
2.801537384564995442e-20
2.801700007736063664e-20
2.801862337918386211e-20
2.802024372812616991e-20
2.802186110130378681e-20
2.802347547594259726e-20
2.802508682937799283e-20
2.802669513905480611e-20
2.802830038252714813e-20
2.802990253745833015e-20
2.803150158162070719e-20
2.803309749289557568e-20
2.803469024927305916e-20
2.803627982885193969e-20
2.803786620983950144e-20
2.803944937055146444e-20
2.804102928941174386e-20
2.804260594495243194e-20
2.804417931581347902e-20
2.804574938074266946e-20
2.804731611859540499e-20
2.804887950833459030e-20
2.805043952903037434e-20
2.805199615986011410e-20
2.805354938010807980e-20
2.805509916916536455e-20
2.805664550652968575e-20
2.805818837180515641e-20
2.805972774470218881e-20
2.806126360503730798e-20
2.806279593273283267e-20
2.806432470781686333e-20
2.806584991042298121e-20
2.806737152079009183e-20
2.806888951926223844e-20
2.807040388628837330e-20
2.807191460242219518e-20
2.807342164832190263e-20
2.807492500475006753e-20
2.807642465257334024e-20
2.807792057276232319e-20
2.807941274639128800e-20
2.808090115463804308e-20
2.808238577878364475e-20
2.808386660021227083e-20
2.808534360041091973e-20
2.808681676096923591e-20
2.808828606357932931e-20
2.808975149003546242e-20
2.809121302223394792e-20
2.809267064217279963e-20
2.809412433195163624e-20
2.809557407377135023e-20
2.809701984993398152e-20
2.809846164284236840e-20
2.809989943500008131e-20
2.810133320901104969e-20
2.810276294757939949e-20
2.810418863350918233e-20
2.810561024970426115e-20
2.810702777916790096e-20
2.810844120500269055e-20
2.810985051041021759e-20
2.811125567869085785e-20
2.811265669324355867e-20
2.811405353756561614e-20
2.811544619525232615e-20
2.811683464999696022e-20
2.811821888559027805e-20
2.811959888592049740e-20
2.812097463497292099e-20
2.812234611682976189e-20
2.812371331566990282e-20
2.812507621576863136e-20
2.812643480149737508e-20
2.812778905732353305e-20
2.812913896781016889e-20
2.813048451761581819e-20
2.813182569149421765e-20
2.813316247429399816e-20
2.813449485095861257e-20
2.813582280652589632e-20
2.813714632612798922e-20
2.813846539499095629e-20
2.813977999843462522e-20
2.814109012187232160e-20
2.814239575081061009e-20
2.814369687084909583e-20
2.814499346768007537e-20
2.814628552708844033e-20
2.814757303495127421e-20
2.814885597723773801e-20
2.815013434000873923e-20
2.815140810941672119e-20
2.815267727170539825e-20
2.815394181320957522e-20
2.815520172035478027e-20
2.815645697965710840e-20
2.815770757772298076e-20
2.815895350124883161e-20
2.816019473702090977e-20
2.816143127191505592e-20
2.816266309289635953e-20
2.816389018701903848e-20
2.816511254142609606e-20
2.816633014334909820e-20
2.816754298010800503e-20
2.816875103911074954e-20
2.816995430785320747e-20
2.817115277391875803e-20
2.817234642497816946e-20
2.817353524878933428e-20
2.817471923319690213e-20
2.817589836613223764e-20
2.817707263561300515e-20
2.817824202974299421e-20
2.817940653671186674e-20
2.818056614479493439e-20
2.818172084235287565e-20
2.818287061783147707e-20
2.818401545976147072e-20
2.818515535675822730e-20
2.818629029752149130e-20
2.818742027083519439e-20
2.818854526556720872e-20
2.818966527066905800e-20
2.819078027517569482e-20
2.819189026820530201e-20
2.819299523895895567e-20
2.819409517672048065e-20
2.819519007085616774e-20
2.819627991081454491e-20
2.819736468612607643e-20
2.819844438640302442e-20
2.819951900133909377e-20
2.820058852070935389e-20
2.820165293436978129e-20
2.820271223225721146e-20
2.820376640438903190e-20
2.820481544086283307e-20
2.820585933185644446e-20
2.820689806762737493e-20
2.820793163851281865e-20
2.820896003492924591e-20
2.820998324737233087e-20
2.821100126641656634e-20
2.821201408271512544e-20
2.821302168699954251e-20
2.821402407007958681e-20
2.821502122284293146e-20
2.821601313625495483e-20
2.821699980135849980e-20
2.821798120927366915e-20
2.821895735119752459e-20
2.821992821840392431e-20
2.822089380224327017e-20
2.822185409414223687e-20
2.822280908560357937e-20
2.822375876820590417e-20
2.822470313360338645e-20
2.822564217352562563e-20
2.822657587977733839e-20
2.822750424423814807e-20
2.822842725886238604e-20
2.822934491567883288e-20
2.823025720679045962e-20
2.823116412437428326e-20
2.823206566068107190e-20
2.823296180803513406e-20
2.823385255883408397e-20
2.823473790554863092e-20
2.823561784072235055e-20
2.823649235697145617e-20
2.823736144698456399e-20
2.823822510352245244e-20
2.823908331941786952e-20
2.823993608757534024e-20
2.824078340097087170e-20
2.824162525265172440e-20
2.824246163573627380e-20
2.824329254341370938e-20
2.824411796894383005e-20
2.824493790565686958e-20
2.824575234695322576e-20
2.824656128630321971e-20
2.824736471724694533e-20
2.824816263339398654e-20
2.824895502842324262e-20
2.824974189608268759e-20
2.825052323018915344e-20
2.825129902462804131e-20
2.825206927335331542e-20
2.825283397038701563e-20
2.825359310981922729e-20
2.825434668580779237e-20
2.825509469257812892e-20
2.825583712442296022e-20
2.825657397570214023e-20
2.825730524084247307e-20
2.825803091433740003e-20
2.825875099074687319e-20
2.825946546469710262e-20
2.826017433088035781e-20
2.826087758405476301e-20
2.826157521904405047e-20
2.826226723073736184e-20
2.826295361408911576e-20
2.826363436411859860e-20
2.826430947591002464e-20
2.826497894461209672e-20
2.826564276543789189e-20
2.826630093366468085e-20
2.826695344463365712e-20
2.826760029374976250e-20
2.826824147648145837e-20
2.826887698836056319e-20
2.826950682498197563e-20
2.827013098200355422e-20
2.827074945514581644e-20
2.827136224019182430e-20
2.827196933298691961e-20
2.827257072943851327e-20
2.827316642551595289e-20
2.827375641725024592e-20
2.827434070073384302e-20
2.827491927212056579e-20
2.827549212762521558e-20
2.827605926352353139e-20
2.827662067615191899e-20
2.827717636190721023e-20
2.827772631724656669e-20
2.827827053868719083e-20
2.827880902280616346e-20
2.827934176624023313e-20
2.827986876568563553e-20
2.828039001789785279e-20
2.828090551969148104e-20
2.828141526793998967e-20
2.828191925957549868e-20
2.828241749158864021e-20
2.828290996102834792e-20
2.828339666500162827e-20
2.828387760067338600e-20
2.828435276526624957e-20
2.828482215606031840e-20
2.828528577039306656e-20
2.828574360565904186e-20
2.828619565930973944e-20
2.828664192885335503e-20
2.828708241185470068e-20
2.828751710593487374e-20
2.828794600877116056e-20
2.828836911809680179e-20
2.828878643170083587e-20
2.828919794742788238e-20
2.828960366317794943e-20
2.829000357690625313e-20
2.829039768662303701e-20
2.829078599039338546e-20
2.829116848633699503e-20
2.829154517262804800e-20
2.829191604749498375e-20
2.829228110922030609e-20
2.829264035614046896e-20
2.829299378664555743e-20
2.829334139917924557e-20
2.829368319223846543e-20
2.829401916437342508e-20
2.829434931418718134e-20
2.829467364033562770e-20
2.829499214152726564e-20
2.829530481652299997e-20
2.829561166413597035e-20
2.829591268323137672e-20
2.829620787272626868e-20
2.829649723158943111e-20
2.829678075884110132e-20
2.829705845355286672e-20
2.829733031484749633e-20
2.829759634189865785e-20
2.829785653393084550e-20
2.829811089021918139e-20
2.829835941008917475e-20
2.829860209291661363e-20
2.829883893812733017e-20
2.829906994519711031e-20
2.829929511365138685e-20
2.829951444306520938e-20
2.829972793306291322e-20
2.829993558331807732e-20
2.830013739355327748e-20
2.830033336353993593e-20
2.830052349309814070e-20
2.830070778209644708e-20
2.830088623045174517e-20
2.830105883812909139e-20
2.830122560514143761e-20
2.830138653154960710e-20
2.830154161746204176e-20
2.830169086303456738e-20
2.830183426847033947e-20
2.830197183401964467e-20
2.830210355997966600e-20
2.830222944669435048e-20
2.830234949455431281e-20
2.830246370399646224e-20
2.830257207550412293e-20
2.830267460960657653e-20
2.830277130687910433e-20
2.830286216794272847e-20
2.830294719346403135e-20
2.830302638415501724e-20
2.830309974077294374e-20
2.830316726412018336e-20
2.830322895504396470e-20
2.830328481443633039e-20
2.830333484323386616e-20
2.830337904241757452e-20
2.830341741301274234e-20
2.830344995608875426e-20
2.830347667275886399e-20
2.830349756418015820e-20
2.830351263155326764e-20
2.830352187612230092e-20
2.830352529917461581e-20
2.830352290204068085e-20
2.830351468609392482e-20
2.830350065275058029e-20
2.830348080346946098e-20
2.830345513975188343e-20
2.830342366314147447e-20
2.830338637522397862e-20
2.830334327762713168e-20
2.830329437202052835e-20
2.830323966011539949e-20
2.830317914366448582e-20
2.830311282446188134e-20
2.830304070434287693e-20
2.830296278518382790e-20
2.830287906890189517e-20
2.830278955745502127e-20
2.830269425284168954e-20
2.830259315710080375e-20
2.830248627231151363e-20
2.830237360059304628e-20
2.830225514410460389e-20
2.830213090504514706e-20
2.830200088565329853e-20
2.830186508820712647e-20
2.830172351502404219e-20
2.830157616846063766e-20
2.830142305091249889e-20
2.830126416481408559e-20
2.830109951263858069e-20
2.830092909689771583e-20
2.830075292014163892e-20
2.830057098495874564e-20
2.830038329397556507e-20
2.830018984985655511e-20
2.829999065530398202e-20
2.829978571305777606e-20
2.829957502589538100e-20
2.829935859663157354e-20
2.829913642811837907e-20
2.829890852324483093e-20
2.829867488493690422e-20
2.829843551615735327e-20
2.829819041990550700e-20
2.829793959921718474e-20
2.829768305716453361e-20
2.829742079685586012e-20
2.829715282143551573e-20
2.829687913408371031e-20
2.829659973801640983e-20
2.829631463648517988e-20
2.829602383277699305e-20
2.829572733021416276e-20
2.829542513215415666e-20
2.829511724198943414e-20
2.829480366314733199e-20
2.829448439908993196e-20
2.829415945331386218e-20
2.829382882935024299e-20
2.829349253076444016e-20
2.829315056115601675e-20
2.829280292415851044e-20
2.829244962343938536e-20
2.829209066269977933e-20
2.829172604567445569e-20
2.829135577613163480e-20
2.829097985787281952e-20
2.829059829473269884e-20
2.829021109057900956e-20
2.828981824931234962e-20
2.828941977486607584e-20
2.828901567120618955e-20
2.828860594233114401e-20
2.828819059227169993e-20
2.828776962509090144e-20
2.828734304488379320e-20
2.828691085577733613e-20
2.828647306193033521e-20
2.828602966753320474e-20
2.828558067680788408e-20
2.828512609400773534e-20
2.828466592341729664e-20
2.828420016935226401e-20
2.828372883615934097e-20
2.828325192821597368e-20
2.828276944993039311e-20
2.828228140574141038e-20
2.828178780011822414e-20
2.828128863756037251e-20
2.828078392259756446e-20
2.828027365978956553e-20
2.827975785372601122e-20
2.827923650902635886e-20
2.827870963033965888e-20
2.827817722234453078e-20
2.827763928974892232e-20
2.827709583729008554e-20
2.827654686973436602e-20
2.827599239187709461e-20
2.827543240854247302e-20
2.827486692458343548e-20
2.827429594488151622e-20
2.827371947434670513e-20
2.827313751791737548e-20
2.827255008056007929e-20
2.827195716726945708e-20
2.827135878306815359e-20
2.827075493300658907e-20
2.827014562216289913e-20
2.826953085564284441e-20
2.826891063857956989e-20
2.826828497613359883e-20
2.826765387349261011e-20
2.826701733587138406e-20
2.826637536851163393e-20
2.826572797668191562e-20
2.826507516567744110e-20
2.826441694082004232e-20
2.826375330745796653e-20
2.826308427096578608e-20
2.826240983674428999e-20
2.826173001022032155e-20
2.826104479684670601e-20
2.826035420210206407e-20
2.825965823149075166e-20
2.825895689054270948e-20
2.825825018481331255e-20
2.825753811988330399e-20
2.825682070135862653e-20
2.825609793487034421e-20
2.825536982607449802e-20
2.825463638065195536e-20
2.825389760430833786e-20
2.825315350277390099e-20
2.825240408180335352e-20
2.825164934717583946e-20
2.825088930469470932e-20
2.825012396018747205e-20
2.824935331950566854e-20
2.824857738852470318e-20
2.824779617314382580e-20
2.824700967928586077e-20
2.824621791289727930e-20
2.824542087994792256e-20
2.824461858643096555e-20
2.824381103836276064e-20
2.824299824178277736e-20
2.824218020275339181e-20
2.824135692735988657e-20
2.824052842171025820e-20
2.823969469193509078e-20
2.823885574418750178e-20
2.823801158464299760e-20
2.823716221949934117e-20
2.823630765497644964e-20
2.823544789731630409e-20
2.823458295278280509e-20
2.823371282766166436e-20
2.823283752826030849e-20
2.823195706090773448e-20
2.823107143195444354e-20
2.823018064777229065e-20
2.822928471475438218e-20
2.822838363931495561e-20
2.822747742788931925e-20
2.822656608693363567e-20
2.822564962292492763e-20
2.822472804236089758e-20
2.822380135175983735e-20
2.822286955766048977e-20
2.822193266662198842e-20
2.822099068522374332e-20
2.822004362006525436e-20
2.821909147776610526e-20
2.821813426496578302e-20
2.821717198832361774e-20
2.821620465451862011e-20
2.821523227024942725e-20
2.821425484223415828e-20
2.821327237721034207e-20
2.821228488193474874e-20
2.821129236318335353e-20
2.821029482775118035e-20
2.820929228245222952e-20
2.820828473411932734e-20
2.820727218960408393e-20
2.820625465577671271e-20
2.820523213952599426e-20
2.820420464775908973e-20
2.820317218740155897e-20
2.820213476539712570e-20
2.820109238870764752e-20
2.820004506431298944e-20
2.819899279921092164e-20
2.819793560041704114e-20
2.819687347496459736e-20
2.819580642990449805e-20
2.819473447230507463e-20
2.819365760925210624e-20
2.819257584784864520e-20
2.819148919521489664e-20
2.819039765848820045e-20
2.818930124482285675e-20
2.818819996139003559e-20
2.818709381537769271e-20
2.818598281399047324e-20
2.818486696444958530e-20
2.818374627399271574e-20
2.818262074987394592e-20
2.818149039936361321e-20
2.818035522974823885e-20
2.817921524833040751e-20
2.817807046242873122e-20
2.817692087937763269e-20
2.817576650652736940e-20
2.817460735124383494e-20
2.817344342090855908e-20
2.817227472291852113e-20
2.817110126468608379e-20
2.816992305363891486e-20
2.816874009721987896e-20
2.816755240288692913e-20
2.816635997811300459e-20
2.816516283038597651e-20
2.816396096720849157e-20
2.816275439609792980e-20
2.816154312458626016e-20
2.816032716021999840e-20
2.815910651056006862e-20
2.815788118318170700e-20
2.815665118567441363e-20
2.815541652564182013e-20
2.815417721070157525e-20
2.815293324848531483e-20
2.815168464663849325e-20
2.815043141282035935e-20
2.814917355470380600e-20
2.814791107997532794e-20
2.814664399633487132e-20
2.814537231149579762e-20
2.814409603318474518e-20
2.814281516914157504e-20
2.814152972711925664e-20
2.814023971488376543e-20
2.813894514021404079e-20
2.813764601090180546e-20
2.813634233475158360e-20
2.813503411958053226e-20
2.813372137321836916e-20
2.813240410350729445e-20
2.813108231830189445e-20
2.812975602546905130e-20
2.812842523288784070e-20
2.812708994844947171e-20
2.812575018005717239e-20
2.812440593562610556e-20
2.812305722308327849e-20
2.812170405036747674e-20
2.812034642542914975e-20
2.811898435623032665e-20
2.811761785074452592e-20
2.811624691695668922e-20
2.811487156286307907e-20
2.811349179647118856e-20
2.811210762579963906e-20
2.811071905887815612e-20
2.810932610374739494e-20
2.810792876845891630e-20
2.810652706107509628e-20
2.810512098966899988e-20
2.810371056232435692e-20
2.810229578713539958e-20
2.810087667220685632e-20
2.809945322565380753e-20
2.809802545560165532e-20
2.809659337018594909e-20
2.809515697755243361e-20
2.809371628585683238e-20
2.809227130326485965e-20
2.809082203795207601e-20
2.808936849810382816e-20
2.808791069191521283e-20
2.808644862759087816e-20
2.808498231334506583e-20
2.808351175740144854e-20
2.808203696799306987e-20
2.808055795336229007e-20
2.807907472176065368e-20
2.807758728144883532e-20
2.807609564069656755e-20
2.807459980778256253e-20
2.807309979099438571e-20
2.807159559862841968e-20
2.807008723898977991e-20
2.806857472039223653e-20
2.806705805115806986e-20
2.806553723961811257e-20
2.806401229411157511e-20
2.806248322298594944e-20
2.806095003459704511e-20
2.805941273730880876e-20
2.805787133949325783e-20
2.805632584953043252e-20
2.805477627580831142e-20
2.805322262672273937e-20
2.805166491067728298e-20
2.805010313608328480e-20
2.804853731135961657e-20
2.804696744493278752e-20
2.804539354523670369e-20
2.804381562071267991e-20
2.804223367980936760e-20
2.804064773098262237e-20
2.803905778269548595e-20
