8.417512177715553284e+10
1.471358320962658525e+07
7.554439933854652336e+05
1.165296058882901416e+05
2.891439593097339093e+04
9.486024533136635000e+03
3.757289545520051433e+03
1.703697454816267509e+03
8.547437516434783902e+02
4.637345806840432942e+02
2.677693742297146287e+02
1.626669721623742930e+02
1.030741070657271479e+02
6.767890596679097825e+01
4.581154497260558855e+01
3.183703109405072951e+01
2.264034386691929868e+01
1.643012878796909604e+01
1.214006001266513834e+01
9.115788044521382361e+00
6.944773594002828787e+00
5.360565963405271361e+00
4.187286674300029432e+00
3.306535439507825913e+00
2.637167468276421900e+00
2.122654984480714990e+00
1.723024982384226522e+00
1.409618747419070450e+00
1.161626236247653932e+00
9.637574274101207150e-01
8.046544160963741144e-01
6.757937168688712415e-01
5.707177235182601116e-01
4.844901981388689549e-01
4.133061773600316680e-01
3.542095807866605939e-01
3.048867774340171533e-01
2.635142839953736327e-01
2.286454212666502173e-01
1.991252694435708404e-01
1.740263603082793376e-01
1.525996915203784443e-01
1.342371514459395621e-01
1.184425051668943074e-01
1.048088495454214675e-01
9.300098958117808401e-02
8.274158276763550479e-02
7.380018618219014170e-02
6.598455288342147673e-02
5.913368107339227880e-02
5.311223644003573024e-02
4.780605583948641796e-02
4.311850670715559886e-02
3.896752686655122200e-02
3.528320779032367155e-02
3.200581382994444057e-02
2.908415265991519394e-02
2.647422980487247265e-02
2.413813384610896326e-02
2.204310964763987052e-02
2.016078538710929999e-02
1.846652584365788066e-02
1.693888967954201505e-02
1.555917265804450215e-02
1.431102210020525171e-02
1.318011057720155053e-02
1.215385900348632878e-02
1.122120104683294387e-02
1.037238219029734849e-02
9.598787934570212135e-03
8.892796569869625134e-03
8.247652716032135775e-03
7.657358460822882851e-03
7.116579446004500306e-03
6.620563679395984232e-03
6.165071205863379561e-03
5.746313064460553503e-03
5.360898203709237204e-03
5.005787231111942341e-03
4.678252043602743743e-03
4.375840528594912397e-03
4.096345645342603509e-03
3.837778297390534096e-03
3.598343492136502932e-03
3.376419355602172569e-03
3.170538631564034666e-03
2.979372346027084253e-03
2.801715362110714005e-03
2.636473587989089564e-03
2.482652632610677073e-03
2.339347731366285977e-03
2.205734787395140402e-03
2.081062394411083063e-03
1.964644724296572571e-03
1.855855177671965686e-03
1.754120708556169105e-03
1.658916745391318193e-03
1.569762640362022676e-03
1.486217587312789511e-03
1.407876955837835059e-03
1.334368995439897667e-03
1.265351869160583195e-03
1.200510980886603397e-03
1.139556564729654218e-03
1.082221508545038726e-03
1.028259386865407665e-03
9.774426813419214918e-04
9.295611692573472595e-04
8.844204628488344742e-04
8.418406840910414675e-04
8.016552612759023566e-04
7.637098352126171687e-04
7.278612641851318898e-04
6.939767179661834786e-04
6.619328522155425512e-04
6.316150555017035779e-04
6.029167619951525219e-04
5.757388235998095634e-04
5.499889359280821666e-04
5.255811130935552538e-04
5.024352068019886973e-04
4.804764656731228640e-04
4.596351311291648855e-04
4.398460665463071778e-04
4.210484166880205524e-04
4.031852947275239309e-04
3.862034944254958270e-04
3.700532252610790659e-04
3.546878685224967207e-04
3.400637525507098314e-04
3.261399454978325093e-04
3.128780641134439326e-04
3.002420972083659121e-04
2.881982425684554284e-04
2.767147562019056802e-04
2.657618129037443103e-04
2.553113772117482556e-04
2.453370839098665624e-04
2.358141273093394645e-04
2.267191586048122897e-04
2.180301906635753934e-04
2.097265096612173677e-04
2.017885930270800520e-04
1.941980332083635761e-04
1.869374668030960446e-04
1.799905086497757985e-04
1.733416904957257073e-04
1.669764038973724110e-04
1.608808470340730267e-04
1.550419751430270584e-04
1.494474543064492115e-04
1.440856183437734962e-04
1.389454285813826418e-04
1.340164362903959404e-04
1.292887475995433061e-04
1.247529907052569273e-04
1.204002852149430253e-04
1.162222134720726870e-04
1.122107937233515008e-04
1.083584549988916265e-04
1.046580135861003164e-04
1.011026509869850977e-04
9.768589325684172821e-05
9.440159162988597116e-05
9.124390434437826660e-05
8.820727958622375160e-05
8.528643947595277721e-05
8.247636502944590735e-05
7.977228202779861098e-05
7.716964773635990270e-05
7.466413841726331679e-05
7.225163758371971716e-05
6.992822494799432592e-05
6.769016601836382149e-05
6.553390230346707503e-05
6.345604208535237116e-05
6.145335172518982206e-05
5.952274746809139316e-05
5.766128771577064423e-05
5.586616573789446788e-05
5.413470279494653393e-05
5.246434164724663747e-05
5.085264042645867751e-05
4.929726684749663354e-05
4.779599274019058898e-05
4.634668888143336264e-05
4.494732010978636329e-05
4.359594070569296041e-05
4.229069002153902206e-05
4.102978834681052375e-05
3.981153299454380019e-05
3.863429459614000678e-05
3.749651359243502788e-05
3.639669690967764639e-05
3.533341480977964660e-05
3.430529790486424723e-05
3.331103432675766362e-05
3.234936704264646434e-05
3.141909130865970805e-05
3.051905225364182658e-05
