3.296584139892267103e+03 1.736391832171494571e+03 1.390214547971933371e+03 1.180107791183391328e+03
2.339573018112021785e+00 1.229822890513740274e+00 9.831624457805877570e-01 8.332712026449526910e-01
1.888298497531807341e-01 9.898690918955435625e-02 7.897087070857361502e-02 6.678724564857146939e-02
3.878179593475244991e-02 2.027367911143776805e-02 1.614065489956349742e-02 1.362077837418180538e-02
1.214012854435216060e-02 6.329585316616684679e-03 5.029171461963759596e-03 4.235087792618223886e-03
4.843194971338847347e-03 2.518761845546048546e-03 1.997464948516713967e-03 1.678677195989346010e-03
2.263101218960949634e-03 1.174123829642952218e-03 9.294208417310909987e-04 7.795731975984315255e-04
1.182100158104723922e-03 6.118776335246342655e-04 4.835050347021326738e-04 4.047924618978007249e-04
6.707433016362898508e-04 3.464232858122523375e-04 2.732807454704088042e-04 2.283778813262771342e-04
4.057326461652913151e-04 2.091059795921688404e-04 1.646866043718697313e-04 1.373853099417947365e-04
2.582522230736136650e-04 1.328243699379539960e-04 1.044434138685914731e-04 8.698028664638647459e-05
1.713498295240428824e-04 8.795342669153649042e-05 6.905368800621123813e-05 5.741203163458813603e-05
1.176830108962287618e-04 6.028978592601599704e-05 4.726352826771888029e-05 3.923151584008575894e-05
8.321534826567985341e-05 4.255175678792000294e-05 3.330918823766092110e-05 2.760457061036541409e-05
6.032930896804391668e-05 3.079269873663509984e-05 2.406982750843762695e-05 1.991643808632385362e-05
4.469239142700115491e-05 2.277077973314905389e-05 1.777440775787072160e-05 1.468480454886360046e-05
3.373960195846986292e-05 1.716039413008342993e-05 1.337669492307017041e-05 1.103488418689036887e-05
2.589871455461514239e-05 1.314998618301846770e-05 1.023676187489646870e-05 8.432147269782960374e-06
2.017631697606515125e-05 1.022738013609202129e-05 7.951115353636025276e-06 6.539885921335313999e-06
1.592768511766636685e-05 8.060559521104091428e-06 6.258425560473259806e-06 5.140234748596921677e-06
1.272431526063979550e-05 6.429106890327542767e-06 4.985354479644901549e-06 4.088822173362307751e-06
1.027528028710331671e-05 5.183539818963413396e-06 4.014449508275486104e-06 3.287914356213520367e-06
8.379235708909659708e-06 4.220518263392732274e-06 3.264582493278597572e-06 2.670065659691741853e-06
6.894396329134023620e-06 3.467349536225191697e-06 2.678733123403959600e-06 2.187915499844465430e-06
5.719330007480128484e-06 2.872085026464443511e-06 2.216186448404250313e-06 1.807676729324430391e-06
4.780419246219763272e-06 2.397060847231239413e-06 1.847447280482846760e-06 1.504894574107260411e-06
4.023522737049215468e-06 2.014605960223744780e-06 1.550863407777043226e-06 1.261632681976202917e-06
3.408335154437393291e-06 1.704141645688695275e-06 1.310345037071608774e-06 1.064574065884870953e-06
2.904512100767090984e-06 1.450190434162921418e-06 1.113800348111640874e-06 9.037193024087988041e-07
2.488969195615506203e-06 1.240989511979397750e-06 9.520467190260104907e-07 7.714811892302849604e-07
2.143974299790728316e-06 1.067512127666637582e-06 8.180428198517469439e-07 6.620466622781809099e-07
1.855783199427521056e-06 9.227683454169572909e-07 7.063402637157004475e-07 5.709214696785716083e-07
1.613652640590615581e-06 8.012996137766485668e-07 6.126874999210746872e-07 4.946014883620239923e-07
1.409118632476793597e-06 6.988094785537329209e-07 5.337405854722579438e-07 4.303328910567297350e-07
1.235463391824006719e-06 6.118910397513495832e-07 4.668498601774313761e-07 3.759353737782708266e-07
1.087317892884436282e-06 5.378239018147178434e-07 4.099011135116702085e-07 3.296706266238754016e-07
9.603628908031534704e-07 4.744215512069783742e-07 3.611962704813992647e-07 2.901435959786789607e-07
8.511021383894341089e-07 4.199156767515239495e-07 3.193630125207272583e-07 2.562277411866141399e-07
7.566890067519927029e-07 3.728677981669259302e-07 2.832857752699593702e-07 2.270080072591783598e-07
6.747929464395996329e-07 3.321012526757303850e-07 2.520526738383272407e-07 2.017369894640134778e-07
6.034959093080342321e-07 2.966484804678967563e-07 2.249143908070860100e-07 1.798010000637404831e-07
5.412114726861056933e-07 2.657098945824732715e-07 2.012521175836062916e-07 1.606936244980023627e-07
4.866212898702336725e-07 2.386215858945663527e-07 1.805523967594813668e-07 1.439949830922199490e-07
4.386248545010213366e-07 2.148298125358158685e-07 1.623872608781457648e-07 1.293553690977801842e-07
3.962995621198236310e-07 1.938707329652002737e-07 1.463984625940723479e-07 1.164822654096056173e-07
3.588687850353219322e-07 1.753542169405767637e-07 1.322848849645092164e-07 1.051299859235954092e-07
3.256762199665058173e-07 1.589508465328119958e-07 1.197924381821115995e-07 9.509136783527760777e-08
2.961651736140300630e-07 1.443814266910064983e-07 1.087059113337717998e-07 8.619107562257109700e-08
2.698617562597027101e-07 1.314084806502887420e-07 9.884236962466060122e-08 7.828017835717447820e-08
2.463611841926622469e-07 1.198293232578882211e-07 9.004577959559287467e-08 7.123173820606813554e-08
2.253165673615187403e-07 1.094703948951621932e-07 8.218261488509866563e-08 6.493720591031875937e-08
2.064296930995262399e-07 1.001826072372963810e-07 7.513824864583982572e-08 5.930346331189719531e-08
1.894434202888745508e-07 9.183750485381212806e-08 6.881397992081859599e-08 5.425038704449931298e-08
1.741353784656839561e-07 8.432408747335994791e-08 6.312457314302121271e-08 4.970883382003013412e-08
1.603127287226411630e-07 7.754616948183433731e-08 5.799621468704741629e-08 4.561896818899209169e-08
1.478077920276979863e-07 7.142017803391122621e-08 5.336480974810178574e-08 4.192886961863006209e-08
1.364743888907971937e-07 6.587331064228072826e-08 4.917455801023789533e-08 3.859336825911048056e-08
1.261847645531615156e-07 6.084198848017628684e-08 4.537675854143596576e-08 3.557306864134564586e-08
1.168269978512130484e-07 5.627055381320906337e-08 4.192880383870714064e-08 3.283352836678708039e-08
1.083028109985409358e-07 5.211016966956883681e-08 3.879333049176918546e-08 3.034456506442149617e-08
1.005257127927069908e-07 4.831788760302912897e-08 3.593749996051821279e-08 2.807966985191074631e-08
9.341942000499583919e-08 4.485585561681518730e-08 3.333238779431438216e-08 2.601550951476651096e-08
8.691651158246731119e-08 4.169064332025832125e-08 3.095246351135223864e-08 2.413150281729955371e-08
8.095727827466070759e-08 3.879266543472928181e-08 2.877514649953282490e-08 2.240945894323051491e-08
7.548873677624927954e-08 3.613568804618774039e-08 2.678042584883948530e-08 2.083326815821984325e-08
7.046378275341402677e-08 3.369640467223725876e-08 2.495053409887473817e-08 1.938863648988576226e-08
6.584046143319999647e-08 3.145407139260999939e-08 2.326966657807695646e-08 1.806285761077638853e-08
6.158133796953084436e-08 2.939019207903528322e-08 2.172373939761925457e-08 1.684461624760126280e-08
5.765295270600531467e-08 2.748824622922784140e-08 2.030018030210208699e-08 1.572381837443718165e-08
5.402534885291895352e-08 2.573345312061664964e-08 1.898774751787388901e-08 1.469144421731325085e-08
5.067166207914022403e-08 2.411256700064223613e-08 1.777637251567714829e-08 1.373942073345470436e-08
4.756776316475332800e-08 2.261369886065626739e-08 1.665702324741282372e-08 1.286051075529439320e-08
4.469194622911172846e-08 2.122616103077605803e-08 1.562158495134101370e-08 1.204821642705663703e-08
4.202465619067045523e-08 1.994033140859237995e-08 1.466275606551594241e-08 1.129669492633956536e-08
3.954825006982423270e-08 1.874753461574197901e-08 1.377395716149580066e-08 1.060068476766723093e-08
3.724678754657952566e-08 1.763993777954952553e-08 1.294925112220261256e-08 9.955441239994983817e-09
3.510584685780809378e-08 1.661045897567270280e-08 1.218327304968300370e-08 9.356679744216457710e-09
3.311236268578993088e-08 1.565268665293955652e-08 1.147116860897103655e-08 8.800525976845312112e-09
3.125448316855053850e-08 1.476080860235036339e-08 1.080853970026438005e-08 8.283472057964522971e-09
2.952144356776312634e-08 1.392954923592538861e-08 1.019139650893495093e-08 7.802337829960684741e-09
2.790345447376765373e-08 1.315411411380166387e-08 9.616115116225295129e-09 7.354236662362481638e-09
2.639160271951455030e-08 1.243014080474858054e-08 9.079399966733842990e-09 6.936545190480862709e-09
2.497776342421516095e-08 1.175365529024460892e-08 8.578250585190407719e-09 6.546876494146138923e-09
2.365452180001440170e-08 1.112103322888964168e-08 8.109932017244038344e-09 6.183056289847439527e-09
2.241510353679195217e-08 1.052896548909349799e-08 7.671948539254579855e-09 5.843101766825612965e-09
2.125331273599578068e-08 9.974427436075817566e-09 7.262020242250847727e-09 5.525202746669756745e-09
2.016347649818093188e-08 9.454651526235387099e-09 6.878062146840456668e-09 5.227704887987152882e-09
1.914039538400306643e-08 8.967102819577546796e-09 6.518165550227631698e-09 4.949094693819109353e-09
1.817929906758113867e-08 8.509457070528289729e-09 6.180581344701120482e-09 4.687986110548346197e-09
1.727580658675685481e-08 8.079581100300684153e-09 5.863705079911505957e-09 4.443108533837170756e-09
1.642589066881208232e-08 7.675515191005778687e-09 5.566063569734277420e-09 4.213296060277416674e-09
1.562584567433808721e-08 7.295457273760667458e-09 5.286302869163523945e-09 3.997477843455463078e-09
1.487225875759511417e-08 6.937748710851489586e-09 5.023177468050421031e-09 3.794669430487203003e-09
1.416198389005953684e-08 6.600861496162812076e-09 4.775540567057067248e-09 3.603964970139224055e-09
1.349211843594811369e-08 6.283386719099525830e-09 4.542335317335354381e-09 3.424530196746565085e-09
1.285998200520340105e-08 5.984024155539128387e-09 4.322586919498717373e-09 3.255596105538597693e-09
1.226309734146141402e-08 5.701572865332981175e-09 4.115395489719050220e-09 3.096453244927031786e-09
1.169917303053387508e-08 5.434922689841561695e-09 3.919929611495687560e-09 2.946446559992661537e-09
1.116608783946497601e-08 5.183046555213028644e-09 3.735420501018323094e-09 2.804970729001417461e-09
1.066187651772924343e-08 4.944993497828482334e-09 3.561156722259504231e-09 2.671465941431004455e-09
1.018471691102090512e-08 4.719882337740727509e-09 3.396479395138884591e-09 2.545414071822274275e-09
9.732918254689033559e-09 4.506895934198042197e-09 3.240777846433019549e-09 2.426335208892122349e-09
9.304910528490814308e-09 4.305275964617426032e-09 3.093485658674426874e-09 2.313784503849343745e-09
8.899234767221128131e-09 4.114318174780481726e-09 2.954077077189991377e-09 2.207349305821295573e-09
8.514534233151892714e-09 3.933368053679916683e-09 2.822063739756461676e-09 2.106646555796423574e-09
8.149546366265797358e-09 3.761816891439284902e-09 2.696991697171964543e-09 2.011320413574440992e-09
7.803095437165022523e-09 3.599098183147311253e-09 2.578438696421850390e-09 1.921040094944661954e-09
7.474085835414228002e-09 3.444684345359944293e-09 2.466011701107850823e-09 1.835497898726993307e-09
7.161495933066730759e-09 3.298083715492245209e-09 2.359344626460765877e-09 1.754407405449170512e-09
6.864372469328592786e-09 3.158837807400875045e-09 2.258096268609023854e-09 1.677501831330924229e-09
6.581825407832117019e-09 3.026518799193726417e-09 2.161948409864890919e-09 1.604532522930282664e-09
6.313023222900058475e-09 2.900727231736939118e-09 2.070604083648266280e-09 1.535267579304723043e-09
6.057188575556007035e-09 2.781089898496925899e-09 1.983785984322198728e-09 1.469490589872500243e-09
5.813594343937635189e-09 2.667257909287259976e-09 1.901235008688519453e-09 1.406999477346696963e-09
5.581559976252503544e-09 2.558904912214674014e-09 1.822708917207269665e-09 1.347605436173281971e-09
5.360448137528967098e-09 2.455725459658954465e-09 1.747981104178165101e-09 1.291131957849630375e-09
5.149661624199547124e-09 2.357433505499119951e-09 1.676839467172444674e-09 1.237413935344596436e-09
4.948640523047896919e-09 2.263761022031461743e-09 1.609085366943050985e-09 1.186296839596738609e-09
4.756859593286265411e-09 2.174456726130126150e-09 1.544532669882903634e-09 1.137635961743885749e-09
4.573825852535674227e-09 2.089284905191793280e-09 1.483006865855524808e-09 1.091295715343441445e-09
4.399076349282735713e-09 2.008024334295836278e-09 1.424344254899648616e-09 1.047148993386838592e-09
4.232176106006185887e-09 1.930467276810778818e-09 1.368391196917773495e-09 1.005076575399942396e-09
4.072716218623112054e-09 1.856418561396858744e-09 1.315003419005581296e-09 9.649665803601574309e-10
3.920312099216840210e-09 1.785694729001746486e-09 1.264045375571349125e-09 9.267139615558505891e-10
3.774601850191278428e-09 1.718123244029766502e-09 1.215389656837920763e-09 8.902200398693041451e-10
3.635244759062910306e-09 1.653541764390624484e-09 1.168916441719289314e-09 8.553920722846546522e-10
3.501919904065245098e-09 1.591797465608488950e-09 1.124512991424604116e-09 8.221428527113562846e-10
3.374324861610632038e-09 1.532746414600830720e-09 1.082073180467888786e-09 7.903903424744153273e-10
3.252174507441775190e-09 1.476252989124138802e-09 1.041497062056139294e-09 7.600573280583599371e-10
3.135199904017443001e-09 1.422189339234144680e-09 1.002690465094493889e-09 7.310711039048522635e-10
3.023147267322590775e-09 1.370434887425871071e-09 9.655646202882298722e-10 7.033631782567085245e-10
2.915777006877882211e-09 1.320875864406416410e-09 9.300358130394717219e-10 6.768690002155746953e-10
2.812862833254620429e-09 1.273404877714445365e-09 8.960250610344568472e-10 6.515277063387728330e-10
2.714190927882896486e-09 1.227920510637129076e-09 8.634578145966824711e-10 6.272818852442796183e-10
2.619559170378685170e-09 1.184326949090393986e-09 8.322636780442733372e-10 6.040773588230349736e-10
2.528776419013829695e-09 1.142533634323899112e-09 8.023761504380485763e-10 5.818629787760890212e-10
2.441661840315042025e-09 1.102454939489931003e-09 7.737323842414024315e-10 5.605904373015787681e-10
2.358044284108112996e-09 1.064009868277384142e-09 7.462729605357307628e-10 5.402140908543858175e-10
2.277761700624011742e-09 1.027121773959360894e-09 7.199416795466775573e-10 5.206907959902963002e-10
2.200660596557780435e-09 9.917180973374077424e-10 6.946853653382155801e-10 5.019797563876351843e-10
2.126595527221176295e-09 9.577301221879455330e-10 6.704536836242628513e-10 4.840423802132160074e-10
2.055428622158521459e-09 9.250927469284103845e-10 6.471989717321901950e-10 4.668421470669171980e-10
1.987029141803828013e-09 8.937442713228054741e-10 6.248760798298117544e-10 4.503444838007143506e-10
1.921273062948087324e-09 8.636261971397673021e-10 6.034422225980337878e-10 4.345166485642029318e-10
1.858042690960215363e-09 8.346830417617244643e-10 5.828568405958980979e-10 4.193276224800398687e-10
1.797226296864910480e-09 8.068621638218711285e-10 5.630814706237758832e-10 4.047480083996859286e-10
1.738717777527135292e-09 7.801136000173069112e-10 5.440796244445381181e-10 3.907499362328458461e-10
1.682416337327007312e-09 7.543899123122471552e-10 5.258166752720014129e-10 3.773069743833370914e-10
1.628226189832103901e-09 7.296460448054088823e-10 5.082597514813729265e-10 3.643940468602206789e-10
1.576056278086993674e-09 7.058391895907956379e-10 4.913776370379811480e-10 3.519873556660531663e-10
1.525820012243623449e-09 6.829286609918040974e-10 4.751406781788145449e-10 3.400643080944860935e-10
1.477435023351391696e-09 6.608757775950350443e-10 4.595206959164039588e-10 3.286034485972381103e-10
1.430822932213416051e-09 6.396437515529909978e-10 4.444909039668425553e-10 3.175843949060668568e-10
1.385909132296022469e-09 6.191975846641116154e-10 4.300258317333075984e-10 3.069877781188289811e-10
1.342622585752701786e-09 5.995039707747889072e-10 4.161012520037140040e-10 2.967951864803386621e-10
1.300895631692025962e-09 5.805312040812747421e-10 4.026941130461682816e-10 2.869891126085876023e-10
1.260663805881974877e-09 5.622490929400676726e-10 3.897824748089832501e-10 2.775529039351877203e-10
1.221865671141102050e-09 5.446288788236099801e-10 3.773454489532585027e-10 2.684707161457308493e-10
1.184442657720509183e-09 5.276431600841903021e-10 3.653631424656397514e-10 2.597274694212839620e-10
1.148338913029940964e-09 5.112658202129747349e-10 3.538166046169353959e-10 2.513088072965444294e-10
1.113501160106937422e-09 4.954719603032752152e-10 3.426877770489458642e-10 2.432010579633722108e-10
1.079878564270037010e-09 4.802378354476355720e-10 3.319594467872430531e-10 2.353911978605896495e-10
1.047422607436024375e-09 4.655407948172652585e-10 3.216152019918751018e-10 2.278668174021912939e-10
1.016086969617154652e-09 4.513592251898280675e-10 3.116393902710954106e-10 2.206160887064898948e-10
9.858274171476123947e-10 4.376724977077791974e-10 3.020170793953685853e-10 2.136277351983175158e-10
9.566016972192823506e-10 4.244609176644188488e-10 2.927340202601407037e-10 2.068910029652854137e-10
9.283694383354529326e-10 4.117056771286836330e-10 2.837766119562623699e-10 2.003956337573126019e-10
9.010920563175209662e-10 3.993888102325392640e-10 2.751318688165795465e-10 1.941318395262352850e-10
8.747326655242922177e-10 3.874931509567342026e-10 2.667873893161315526e-10 1.880902784093487428e-10
8.492559949661799627e-10 3.760022932616880406e-10 2.587313267116487076e-10 1.822620320672456052e-10
8.246283090177253944e-10 3.649005534205325269e-10 2.509523613137236109e-10 1.766385842923690880e-10
8.008173324514360081e-10 3.541729344208043849e-10 2.434396742921281851e-10 1.712118008102958412e-10
7.777921795340832320e-10 3.438050923100851028e-10 2.361829229213398990e-10 1.659739102009565682e-10
7.555232869435646040e-10 3.337833043690956964e-10 2.291722171794890703e-10 1.609174858718432094e-10
7.339823502800419004e-10 3.240944390033146152e-10 2.223980976195960795e-10 1.560354290197097005e-10
7.131422639597536248e-10 3.147259272512909976e-10 2.158515144372859463e-10 1.513209525214544070e-10
6.929770642934002710e-10 3.056657358143590703e-10 2.095238076640526837e-10 1.467675656987194739e-10
6.734618755636975797e-10 2.969023415186040947e-10 2.034066884197424875e-10 1.423690599043567461e-10
6.545728589284280138e-10 2.884247071255966040e-10 1.974922211621603489e-10 1.381194948822377952e-10
6.362871639862655175e-10 2.802222584137088912e-10 1.917728068756636117e-10 1.340131858550008238e-10
6.185828828528951190e-10 2.722848624567745539e-10 1.862411671443024621e-10 1.300446912972275762e-10
6.014390066044422778e-10 2.646028070314376399e-10 1.808903290584918388e-10 1.262088013542356469e-10
5.848353839540839194e-10 2.571667810888152858e-10 1.757136109073948334e-10 1.225005268691789990e-10
5.687526820360380470e-10 2.499678562301156175e-10 1.707046086121937735e-10 1.189150889835005548e-10
5.531723491788108511e-10 2.429974691295581914e-10 1.658571828581941193e-10 1.154479092779547232e-10
5.380765795568122745e-10 2.362474048514344390e-10 1.611654468863079664e-10 1.120946004234557180e-10
5.234482796161935482e-10 2.297097810113943585e-10 1.566237549068860368e-10 1.088509573129080736e-10
5.092710361770275529e-10 2.233770327350683138e-10 1.522266911011244423e-10 1.057129486469443531e-10
4.955290861198700991e-10 2.172418983699838917e-10 1.479690591773926437e-10 1.026767089481555452e-10
4.822072875702115001e-10 2.112974059093706785e-10 1.438458724517950852e-10 9.973853097993891335e-11
4.692910924994849730e-10 2.055368600889328424e-10 1.398523444241290490e-10 9.689485854753839061e-11
4.567665206661056164e-10 1.999538301199802142e-10 1.359838798221236457e-10 9.414227966019746967e-11
4.446201348245284630e-10 1.945421380244823887e-10 1.322360660884624858e-10 9.147752003461204811e-11
4.328390171345177360e-10 1.892958475396319474e-10 1.286046652865968069e-10 8.889743692104655241e-11
4.214107467067835434e-10 1.842092535614089598e-10 1.250856064027753732e-10 8.639901323458529307e-11
4.103233782248273380e-10 1.792768720984113876e-10 1.216749780230342621e-10 8.397935197502181238e-11
3.995654215863344752e-10 1.744934307088935386e-10 1.183690213651382772e-10 8.163567091986180260e-11
3.891258225106727304e-10 1.698538593955063787e-10 1.151641236466181370e-10 7.936529757581798803e-11
3.789939440621270576e-10 1.653532819337027639e-10 1.120568117711408188e-10 7.716566437502586140e-11
3.691595490413640062e-10 1.609870076111500030e-10 1.090437463164736767e-10 7.503430410300950099e-11
