6.515051583017245740e+00
6.483678814465243079e+00
6.394343971046961173e+00
6.259401107411668441e+00
6.094290758447511891e+00
5.913404519025125872e+00
5.727891983489121763e+00
5.545276440345501712e+00
5.370040385747546274e+00
5.204478196599716888e+00
5.049460852571685976e+00
4.905005547080016903e+00
4.770658896851516673e+00
4.645737939239220182e+00
4.529473719740339632e+00
4.421092286606027599e+00
4.319857214252022182e+00
4.225089342230178069e+00
4.136173525924436767e+00
4.052558335533699818e+00
3.973752207048185436e+00
3.899318055619878542e+00
3.828867464173841828e+00
3.762055031096109392e+00
3.698573155728222428e+00
3.638147369276442777e+00
3.580532226601325974e+00
3.525507727971959326e+00
3.472876219410587773e+00
3.422459714012394461e+00
3.374097577786566937e+00
3.327644528240127908e+00
3.282968899949383790e+00
3.239951137581181140e+00
3.198482482663286497e+00
3.158463825612485731e+00
3.119804699039748108e+00
3.082422392186310312e+00
3.046241169565649276e+00
3.011191579572534138e+00
2.977209841052488315e+00
2.944237297675703857e+00
2.912219931494505420e+00
2.881107928338156210e+00
2.850855288759449824e+00
2.821419479132974306e+00
2.792761118247012675e+00
2.764843695354115560e+00
2.737633316172809472e+00
2.711098473779209428e+00
2.685209841708096068e+00
2.659940086908473944e+00
2.635263700478645887e+00
2.611156844347261696e+00
2.587597212275881908e+00
2.564563903740502582e+00
2.542037309408746282e+00
2.519999007067931451e+00
2.498431666981801857e+00
2.477318965761199365e+00
2.456645507929253291e+00
2.436396754445720347e+00
2.416558957530082985e+00
2.397119101189352008e+00
2.378064846915961539e+00
2.359384484074020349e+00
2.341066884539439563e+00
2.323101461201874773e+00
2.305478129974456003e+00
2.288187274991287268e+00
2.271219716703281044e+00
2.254566682610663619e+00
2.238219780394958391e+00
2.222170973235977343e+00
2.206412557119069362e+00
2.190937139956441904e+00
2.175737622362523105e+00
2.160807179938224021e+00
2.146139246932391664e+00
2.131727501160781912e+00
2.117565850073896527e+00
2.103648417874905974e+00
2.089969533597891171e+00
2.076523720064754830e+00
2.063305683646412536e+00
2.050310304760889046e+00
2.037532629046467036e+00
2.024967859154115146e+00
2.012611347107945203e+00
2.000458587187217141e+00
1.988505209287441566e+00
1.976746972721921125e+00
1.965179760428334088e+00
1.953799573548212543e+00
1.942602526349810121e+00
1.931584841467539171e+00
1.920742845433330626e+00
1.910072964477559587e+00
1.899571720578885348e+00
1.889235727744246418e+00
1.879061688501881378e+00
1.869046390591444284e+00
1.859186703836953392e+00
1.849479577189221402e+00
1.839922035925658506e+00
1.830511178996299115e+00
1.821244176505879331e+00
1.812118267322445186e+00
1.803130756803983825e+00
1.794279014635054459e+00
1.785560472766129614e+00
1.776972623448953792e+00
1.768513017361598827e+00
1.760179261817704788e+00
1.751969019054383958e+00
1.743880004594133615e+00
1.735909985676130862e+00
1.728056779752788152e+00
1.720318253047745882e+00
1.712692319171669419e+00
1.705176937792653113e+00
1.697770113358100463e+00
1.690469893865196749e+00
1.683274369677488336e+00
1.676181672384948307e+00
1.669189973705339725e+00
1.662297484424768212e+00
1.655502453375333971e+00
1.648803166448193469e+00
1.642197945640164303e+00
1.635685148132353550e+00
1.629263165399255753e+00
1.622930422346928747e+00
1.616685376478928404e+00
1.610526517088741727e+00
1.604452364477574333e+00
1.598461469196403861e+00
1.592552411311232818e+00
1.586723799690608949e+00
1.580974271314496526e+00
1.575302490603619709e+00
1.569707148768464400e+00
1.564186963177200518e+00
1.558740676741755316e+00
1.553367057321389133e+00
1.548064897143080598e+00
1.542833012238142620e+00
1.537670241894465217e+00
1.532575448123794315e+00
1.527547515143590662e+00
1.522585348872885991e+00
1.517687876441699890e+00
1.512854045713554196e+00
1.508082824820613954e+00
1.503373201711105445e+00
1.498724183708517899e+00
1.494134797082310229e+00
1.489604086629650048e+00
1.485131115267946944e+00
1.480714963637730364e+00
1.476354729715653846e+00
1.472049528437238353e+00
1.467798491329108890e+00
1.463600766150406240e+00
1.459455516543128439e+00
1.455361921691098903e+00
1.451319175987371368e+00
1.447326488709762105e+00
1.443383083704288250e+00
1.439488199076346397e+00
1.435641086889315243e+00
1.431841012870453955e+00
1.428087256123840687e+00
1.424379108850194697e+00
1.420715876073343820e+00
1.417096875373216491e+00
1.413521436625114758e+00
1.409988901745150791e+00
1.406498624441649081e+00
1.403049969972364419e+00
1.399642314907367791e+00
1.396275046897429428e+00
1.392947564447773789e+00
1.389659276697062795e+00
1.386409603201443241e+00
1.383197973723582663e+00
1.380023828026499366e+00
1.376886615672099357e+00
1.373785795824316036e+00
1.370720837056674579e+00
1.367691217164235251e+00
1.364696422979764234e+00
1.361735950194026934e+00
1.358809303180124495e+00
1.355915994821740078e+00
1.353055546345227178e+00
1.350227487155408523e+00
1.347431354675038495e+00
1.344666694187803158e+00
1.341933058684765978e+00
1.339230008714226816e+00
1.336557112234826095e+00
1.333913944471912139e+00
1.331300087776998708e+00
1.328715131490309176e+00
1.326158671806290545e+00
1.323630311642045365e+00
1.321129660508604253e+00
1.318656334384969986e+00
1.316209955594868752e+00
1.313790152686147961e+00
1.311396560312746207e+00
1.309028819119187670e+00
1.306686575627529656e+00
1.304369482126719770e+00
1.302077196564276118e+00
1.299809382440289873e+00
1.297565708703621201e+00
1.295345849650316961e+00
1.293149484824135165e+00
1.290976298919155774e+00
1.288825981684436073e+00
1.286698227830639363e+00
1.284592736938610535e+00
1.282509213369850798e+00
1.280447366178837143e+00
1.278406909027155480e+00
1.276387560099407903e+00
1.274389042020835028e+00
1.272411081776644304e+00
1.270453410632964797e+00
1.268515764059443551e+00
1.266597881653399593e+00
1.264699507065516926e+00
1.262820387927059862e+00
1.260960275778545192e+00
1.259118925999859639e+00
1.257296097741785079e+00
1.255491553858902654e+00
1.253705060843832708e+00
1.251936388762795671e+00
1.250185311192463677e+00
1.248451605158059419e+00
1.246735051072694667e+00
1.245035432677903176e+00
1.243352536985359080e+00
1.241686154219734606e+00
1.240036077762696864e+00
1.238402104097991341e+00
1.236784032757612506e+00
1.235181666269023815e+00
1.233594810103408435e+00
1.232023272624928945e+00
1.230466865040970248e+00
1.228925401353357705e+00
1.227398698310503189e+00
1.225886575360492392e+00
1.224388854605066745e+00
1.222905360754489301e+00
1.221435921083287468e+00
1.219980365386824639e+00
1.218538525938726247e+00
1.217110237449094967e+00
1.215695337023533051e+00
1.214293664122946037e+00
1.212905060524094081e+00
1.211529370280900020e+00
1.210166439686492845e+00
1.208816117235947729e+00
1.207478253589743478e+00
1.206152701537894556e+00
1.204839315964760349e+00
1.203537953814511008e+00
1.202248474057231231e+00
1.200970737655658427e+00
1.199704607532541045e+00
1.198449948538595766e+00
1.197206627421057101e+00
1.195974512792814082e+00
1.194753475102104501e+00
1.193543386602774259e+00
1.192344121325076944e+00
1.191155555047006986e+00
1.189977565266161275e+00
1.188810031172109483e+00
1.187652833619261994e+00
1.186505855100239870e+00
1.185368979719722660e+00
1.184242093168760279e+00
1.183125082699563180e+00
1.182017837100734603e+00
1.180920246672952700e+00
1.179832203205083863e+00
1.178753599950729480e+00
1.177684331605186818e+00
1.176624294282818228e+00
1.175573385494831369e+00
1.174531504127440007e+00
1.173498550420427611e+00
1.172474425946071985e+00
1.171459033588458487e+00
1.170452277523142293e+00
1.169454063197179039e+00
1.168464297309501410e+00
1.167482887791633672e+00
1.166509743788752385e+00
1.165544775641069286e+00
1.164587894865542150e+00
1.163639014137901384e+00
1.162698047274985047e+00
1.161764909217388286e+00
1.160839516012398764e+00
1.159921784797237621e+00
1.159011633782579542e+00
1.158108982236363271e+00
1.157213750467871893e+00
1.156325859812088463e+00
1.155445232614320306e+00
1.154571792215080661e+00
1.153705462935226356e+00
1.152846170061356146e+00
1.151993839831443101e+00
1.151148399420719670e+00
1.150309776927793015e+00
1.149477901361004140e+00
1.148652702625000854e+00
1.147834111507549437e+00
1.147022059666559901e+00
1.146216479617328643e+00
1.145417304719992257e+00
1.144624469167195846e+00
1.143837907971955170e+00
1.143057556955731080e+00
1.142283352736693125e+00
1.141515232718179007e+00
1.140753135077346325e+00
1.139996998754007063e+00
1.139246763439645704e+00
1.138502369566620764e+00
1.137763758297537287e+00
1.137030871514796981e+00
1.136303651810315118e+00
1.135582042475406617e+00
1.134865987490834893e+00
1.134155431517024137e+00
1.133450319884422353e+00
1.132750598584032042e+00
1.132056214258078342e+00
1.131367114190842127e+00
1.130683246299626132e+00
1.130004559125875607e+00
1.129331001826436198e+00
1.128662524164952385e+00
1.127999076503401588e+00
1.127340609793762827e+00
1.126687075569819729e+00
1.126038425939089649e+00
1.125394613574882685e+00
1.124755591708485492e+00
1.124121314121465653e+00
1.123491735138102632e+00
1.122866809617927730e+00
1.122246492948392627e+00
1.121630741037638712e+00
1.121019510307395661e+00
1.120412757685973038e+00
1.119810440601373802e+00
1.119212516974507077e+00
1.118618945212510818e+00
1.118029684202172191e+00
1.117444693303455194e+00
1.116863932343123755e+00
1.116287361608463868e+00
1.115714941841101204e+00
1.115146634230916645e+00
1.114582400410049523e+00
1.114022202446995680e+00
1.113466002840796332e+00
1.112913764515309989e+00
1.112365450813579182e+00
1.111821025492272019e+00
1.111280452716218781e+00
1.110743697053022006e+00
1.110210723467754956e+00
1.109681497317731580e+00
1.109155984347363066e+00
1.108634150683085906e+00
1.108115962828367440e+00
1.107601387658787573e+00
1.107090392417190206e+00
1.106582944708907945e+00
1.106079012497062086e+00
1.105578564097924765e+00
1.105081568176354390e+00
1.104587993741297458e+00
1.104097810141356550e+00
1.103610987060423598e+00
1.103127494513376439e+00
1.102647302841839982e+00
1.102170382710006225e+00
1.101696705100520868e+00
1.101226241310424125e+00
1.100758962947151920e+00
1.100294841924599698e+00
1.099833850459236650e+00
1.099375961066281437e+00
1.098921146555926764e+00
1.098469380029629683e+00
1.098020634876442969e+00
1.097574884769402681e+00
1.097132103661976332e+00
1.096692265784549036e+00
1.096255345640967382e+00
1.095821318005131273e+00
1.095390157917633500e+00
1.094961840682449727e+00
1.094536341863669104e+00
1.094113637282277951e+00
1.093693703012988960e+00
1.093276515381107039e+00
1.092862050959449549e+00
1.092450286565302076e+00
1.092041199257422823e+00
1.091634766333084539e+00
1.091230965325160396e+00
1.090829773999248742e+00
1.090431170350841361e+00
1.090035132602526158e+00
1.089641639201233803e+00
1.089250668815518797e+00
1.088862200332878727e+00
1.088476212857114822e+00
1.088092685705722706e+00
1.087711598407322011e+00
1.087332930699124622e+00
1.086956662524431350e+00
1.086582774030165677e+00
1.086211245564444816e+00
1.085842057674179628e+00
1.085475191102705406e+00
1.085110626787453292e+00
1.084748345857644347e+00
1.084388329632019810e+00
1.084030559616600664e+00
1.083675017502479632e+00
1.083321685163637582e+00
1.082970544654797695e+00
1.082621578209298940e+00
1.082274768237008411e+00
1.081930097322250317e+00
1.081587548221774719e+00
1.081247103862742254e+00
1.080908747340744824e+00
1.080572461917846061e+00
1.080238231020653306e+00
1.079906038238408916e+00
1.079575867321114435e+00
1.079247702177672075e+00
1.078921526874057957e+00
1.078597325631511561e+00
1.078275082824757147e+00
1.077954782980243387e+00
1.077636410774406084e+00
1.077319951031957102e+00
1.077005388724193047e+00
1.076692708967325496e+00
1.076381897020835865e+00
1.076072938285848934e+00
1.075765818303528798e+00
1.075460522753496129e+00
1.075157037452264097e+00
1.074855348351696716e+00
1.074555441537485612e+00
1.074257303227646565e+00
1.073960919771037137e+00
1.073666277645891398e+00
1.073373363458371976e+00
1.073082163941146749e+00
1.072792665951976199e+00
1.072504856472324741e+00
1.072218722605986052e+00
1.071934251577727260e+00
1.071651430731952459e+00
1.071370247531377107e+00
1.071090689555728170e+00
1.070812744500450053e+00
1.070536400175438718e+00
1.070261644503780918e+00
1.069988465520516741e+00
1.069716851371412814e+00
1.069446790311755269e+00
1.069178270705154477e+00
1.068911281022365989e+00
1.068645809840126137e+00
1.068381845840002953e+00
1.068119377807259740e+00
1.067858394629733310e+00
1.067598885296728195e+00
1.067340838897921085e+00
1.067084244622281464e+00
