8.004446420612641333e+00
7.934821029370177747e+00
7.739220657622492006e+00
7.450914802013119953e+00
7.109154832206528773e+00
6.747655112053254634e+00
6.389940153093120578e+00
6.049878509344151389e+00
5.734241741799308123e+00
5.445300018983370016e+00
5.182762043331886836e+00
4.945031245915139984e+00
4.729952169676106877e+00
4.535225791313612476e+00
4.358625153414402931e+00
4.198096162467573222e+00
4.051794948256556950e+00
3.918091769199472107e+00
3.795558492385403770e+00
3.682949071041224265e+00
3.579178061918712572e+00
3.483299742593281234e+00
3.394489007042225115e+00
3.312024468413266476e+00
3.235273807735266516e+00
3.163681218591606115e+00
3.096756719654974344e+00
3.034067087596228784e+00
2.975228172931690729e+00
2.919898384595747576e+00
2.867773156640425647e+00
2.818580237951519685e+00
2.772075671097690819e+00
2.728040348572030371e+00
2.686277053602234233e+00
2.646607908597427894e+00
2.608872167504910244e+00
2.572924299252069780e+00
2.538632318411856659e+00
2.505876326588463598e+00
2.474547234055939349e+00
2.444545636140291744e+00
2.415780822912068082e+00
2.388169904117833031e+00
2.361637034056665030e+00
2.336112723411832626e+00
2.311533226963851995e+00
2.287839997711492046e+00
2.264979199267846077e+00
2.242901269526034191e+00
2.221560529541094287e+00
2.200914832380431285e+00
2.180925247380996801e+00
2.161555775835916293e+00
2.142773094633753317e+00
2.124546324803675112e+00
2.106846822289840659e+00
2.089647988598305695e+00
2.072925099237135083e+00
2.056655148111071529e+00
2.040816706242010614e+00
2.025389793369877456e+00
2.010355761148735709e+00
1.995697186793805145e+00
1.981397776158667634e+00
1.967442275331018564e+00
1.953816389931503750e+00
1.940506711385078020e+00
1.927500649509997999e+00
1.914786370835948492e+00
1.902352742122700224e+00
1.890189278603160439e+00
1.878286096521983639e+00
1.866633869583014693e+00
1.855223788956243958e+00
1.844047526528749925e+00
1.833097201114147090e+00
1.822365347362085330e+00
1.811844887133624793e+00
1.801529103130186993e+00
1.791411614583220846e+00
1.781486354829634688e+00
1.771747550613850697e+00
1.762189702971685534e+00
1.752807569564375889e+00
1.743596148342715590e+00
1.734550662431912915e+00
1.725666546137464508e+00
1.716939431980901265e+00
1.708365138682385931e+00
1.699939660014140319e+00
1.691659154455233960e+00
1.683519935584284699e+00
1.675518463151859372e+00
1.667651334779368222e+00
1.659915278235704283e+00
1.652307144246840220e+00
1.644823899797438482e+00
1.637462621886836445e+00
1.630220491704839958e+00
1.623094789195635990e+00
1.616082887980631488e+00
1.609182250613459431e+00
1.602390424142488001e+00
1.595705035958141282e+00
1.589123789904190343e+00
1.582644462633751914e+00
1.576264900192313689e+00
1.569983014811441535e+00
1.563796781898127097e+00
1.557704237205888020e+00
1.551703474174787711e+00
1.545792641428574754e+00
1.539969940417999616e+00
1.534233623200186969e+00
1.528581990344778596e+00
1.523013388958183167e+00
1.517526210817943033e+00
1.512118890609854827e+00
1.506789904260979585e+00
1.501537767362206788e+00
1.496361033674523444e+00
1.491258293713495942e+00
1.486228173406972886e+00
1.481269332821277596e+00
1.476380464951567495e+00
1.471560294572321403e+00
1.466807577144196184e+00
1.462121097773771528e+00
1.457499670222935029e+00
1.452942135964917947e+00
1.448447363284147249e+00
1.444014246417317349e+00
1.439641704733242600e+00
1.435328681949255891e+00
1.431074145381968643e+00
1.426877085230512154e+00
1.422736513890364041e+00
1.418651465296046910e+00
1.414620994291120981e+00
1.410644176023956975e+00
1.406720105367909923e+00
1.402847896364524782e+00
1.399026681688642082e+00
1.395255612134189027e+00
1.391533856119579360e+00
1.387860599211764079e+00
1.384235043667959797e+00
1.380656407994141244e+00
1.377123926519541186e+00
1.373636848986282910e+00
1.370194440153510218e+00
1.366795979415240669e+00
1.363440760431342547e+00
1.360128090771017595e+00
1.356857291568201340e+00
1.353627697188359402e+00
1.350438654906138680e+00
1.347289524593434651e+00
1.344179678417382284e+00
1.341108500547865123e+00
1.338075386874121531e+00
1.335079744730081952e+00
1.332120992628057499e+00
1.329198560000449003e+00
1.326311886949144148e+00
1.323460424002315339e+00
1.320643631878269941e+00
1.317860981256173014e+00
1.315111952553269958e+00
1.312396035708446984e+00
1.309712729971837852e+00
1.307061543700290374e+00
1.304441994158445972e+00
1.301853607325242690e+00
1.299295917705657555e+00
1.296768468147481146e+00
1.294270809662966704e+00
1.291802501255171487e+00
1.289363109748841385e+00
1.286952209625679577e+00
1.284569382863847586e+00
1.282214218781570603e+00
1.279886313884702309e+00
1.277585271718125304e+00
1.275310702720860778e+00
1.273062224084785754e+00
1.270839459616810441e+00
1.268642039604443994e+00
1.266469600684633878e+00
1.264321785715755153e+00
1.262198243652696616e+00
1.260098629424909467e+00
1.258022603817368745e+00
1.255969833354326548e+00
1.253939990185805486e+00
1.251932751976730929e+00
1.249947801798637848e+00
1.247984828023885440e+00
1.246043524222288479e+00
1.244123589060119883e+00
1.242224726201408336e+00
1.240346644211455018e+00
1.238489056462547477e+00
1.236651681041761597e+00
1.234834240660834803e+00
1.233036462568040781e+00
1.231258078462000638e+00
1.229498824407406321e+00
1.227758440752577451e+00
1.226036672048831822e+00
1.224333266971595391e+00
1.222647978243229794e+00
1.220980562557520521e+00
1.219330780505787359e+00
1.217698396504574898e+00
1.216083178724891578e+00
1.214484899022942210e+00
1.212903332872334650e+00
1.211338259297712883e+00
1.209789460809783668e+00
1.208256723341710082e+00
1.206739836186823567e+00
1.205238591937643600e+00
1.203752786426147692e+00
1.202282218665292390e+00
1.200826690791724216e+00
1.199386008009678539e+00
1.197959978536017323e+00
1.196548413546399514e+00
1.195151127122533907e+00
1.193767936200516688e+00
1.192398660520206599e+00
1.191043122575614843e+00
1.189701147566305073e+00
1.188372563349761935e+00
1.187057200394712853e+00
1.185754891735377292e+00
1.184465472926635066e+00
1.183188782000073935e+00
1.181924659420910295e+00
1.180672948045762061e+00
1.179433493081252227e+00
1.178206142043416671e+00
1.176990744717919979e+00
1.175787153121034434e+00
1.174595221461391059e+00
1.173414806102462959e+00
1.172245765525780525e+00
1.171087960294862285e+00
1.169941253019826544e+00
1.168805508322704689e+00
1.167680592803395756e+00
1.166566375006298451e+00
1.165462725387554688e+00
1.164369516282935502e+00
1.163286621876331361e+00
1.162213918168836901e+00
1.161151282948422514e+00
1.160098595760182372e+00
1.159055737877132009e+00
1.158022592271567008e+00
1.156999043586951048e+00
1.155984978110327965e+00
1.154980283745254965e+00
1.153984849985233208e+00
1.152998567887636883e+00
1.152021330048123016e+00
1.151053030575514446e+00
1.150093565067142221e+00
1.149142830584655606e+00
1.148200725630255770e+00
1.147267150123384649e+00
1.146342005377827711e+00
1.145425194079238596e+00
1.144516620263074991e+00
1.143616189292931296e+00
1.142723807839268524e+00
1.141839383858522572e+00
1.140962826572603284e+00
1.140094046448743237e+00
1.139232955179725115e+00
1.138379465664459023e+00
1.137533491988902412e+00
1.136694949407329069e+00
1.135863754323928054e+00
1.135039824274730158e+00
1.134223077909852773e+00
1.133413434976066059e+00
1.132610816299663981e+00
1.131815143769634879e+00
1.131026340321131585e+00
1.130244329919233737e+00
1.129469037542991661e+00
1.128700389169749352e+00
1.127938311759747458e+00
1.127182733240984724e+00
1.126433582494352548e+00
1.125690789339022224e+00
1.124954284518087322e+00
1.124223999684454744e+00
1.123499867386977380e+00
1.122781821056828333e+00
1.122069794994109193e+00
1.121363724354685676e+00
1.120663545137250861e+00
1.119969194170610916e+00
1.119280609101185986e+00
1.118597728380721357e+00
1.117920491254213999e+00
1.117248837748038071e+00
1.116582708658274914e+00
1.115922045539238683e+00
1.115266790692197363e+00
1.114616887154280089e+00
1.113972278687573869e+00
1.113332909768403933e+00
1.112698725576791059e+00
1.112069671986084973e+00
1.111445695552774060e+00
1.110826743506460046e+00
1.110212763740003217e+00
1.109603704799827062e+00
1.108999515876390785e+00
1.108400146794807917e+00
1.107805548005627916e+00
1.107215670575770305e+00
1.106630466179601147e+00
1.106049887090160722e+00
1.105473886170534437e+00
1.104902416865362058e+00
1.104335433192487725e+00
1.103772889734745632e+00
1.103214741631879381e+00
1.102660944572589896e+00
1.102111454786713685e+00
1.101566229037530986e+00
1.101025224614189169e+00
1.100488399324258237e+00
1.099955711486398480e+00
1.099427119923148899e+00
1.098902583953830669e+00
1.098382063387561836e+00
1.097865518516389693e+00
1.097352910108523760e+00
1.096844199401681763e+00
1.096339348096542210e+00
1.095838318350294438e+00
1.095341072770298352e+00
1.094847574407836310e+00
1.094357786751972261e+00
1.093871673723496807e+00
1.093389199668979961e+00
1.092910329354902066e+00
1.092435027961890626e+00
1.091963261079036407e+00
1.091494994698307019e+00
1.091030195209037768e+00
1.090568829392517314e+00
1.090110864416649505e+00
1.089656267830703129e+00
1.089205007560140714e+00
1.088757051901524386e+00
1.088312369517506761e+00
1.087870929431891343e+00
1.087432701024772186e+00
1.086997654027749505e+00
1.086565758519214775e+00
1.086136984919709336e+00
1.085711303987353826e+00
1.085288686813347780e+00
1.084869104817535845e+00
1.084452529744041049e+00
1.084038933656964687e+00
1.083628288936153039e+00
1.083220568273023598e+00
1.082815744666457247e+00
1.082413791418751714e+00
1.082014682131634098e+00
1.081618390702333121e+00
1.081224891319713999e+00
1.080834158460463934e+00
1.080446166885340231e+00
1.080060891635471032e+00
1.079678308028711786e+00
1.079298391656058120e+00
1.078921118378104005e+00
1.078546464321562315e+00
1.078174405875828912e+00
1.077804919689599794e+00
1.077437982667539984e+00
1.077073571966996379e+00
1.076711664994763895e+00
1.076352239403893130e+00
1.075995273090551763e+00
1.075640744190924147e+00
1.075288631078159751e+00
1.074938912359367116e+00
1.074591566872647563e+00
1.074246573684173534e+00
1.073903912085309775e+00
1.073563561589776949e+00
1.073225501930851422e+00
1.072889713058608807e+00
1.072556175137207468e+00
1.072224868542209109e+00
1.071895773857937773e+00
1.071568871874876150e+00
1.071244143587101849e+00
1.070921570189756089e+00
1.070601133076549027e+00
1.070282813837302616e+00
1.069966594255527648e+00
1.069652456306032562e+00
1.069340382152567770e+00
1.069030354145502848e+00
1.068722354819537035e+00
1.068416366891439928e+00
1.068112373257825487e+00
1.067810356992956011e+00
1.067510301346578538e+00
1.067212189741786332e+00
1.066916005772918785e+00
1.066621733203481304e+00
1.066329355964100056e+00
1.066038858150501145e+00
1.065750224021522641e+00
1.065463437997146157e+00
1.065178484656565727e+00
1.064895348736272007e+00
1.064614015128172220e+00
1.064334468877729645e+00
1.064056695182133083e+00
1.063780679388486305e+00
1.063506406992026809e+00
1.063233863634365228e+00
1.062963035101752274e+00
1.062693907323364328e+00
1.062426466369617684e+00
1.062160698450500318e+00
1.061896589913930766e+00
1.061634127244136305e+00
1.061373297060052234e+00
1.061114086113745136e+00
1.060856481288856790e+00
1.060600469599066509e+00
1.060346038186577022e+00
1.060093174320618115e+00
1.059841865395972249e+00
1.059592098931518178e+00
1.059343862568793870e+00
1.059097144070580088e+00
1.058851931319501283e+00
1.058608212316645147e+00
1.058365975180199481e+00
1.058125208144111706e+00
1.057885899556755938e+00
1.057648037879631131e+00
1.057411611686063013e+00
1.057176609659932653e+00
1.056943020594416138e+00
1.056710833390742899e+00
1.056480037056970467e+00
1.056250620706773446e+00
1.056022573558250244e+00
1.055795884932742235e+00
1.055570544253672249e+00
1.055346541045395270e+00
1.055123864932064226e+00
1.054902505636510446e+00
1.054682452979139429e+00
1.054463696876840384e+00
1.054246227341908204e+00
1.054030034480981870e+00
1.053815108493993735e+00
1.053601439673135243e+00
1.053389018401831523e+00
1.053177835153733533e+00
1.052967880491721075e+00
1.052759145066915369e+00
1.052551619617711376e+00
1.052345294968815015e+00
1.052140162030295922e+00
1.051936211796652421e+00
1.051733435345887369e+00
1.051531823838595114e+00
1.051331368517061771e+00
1.051132060704373705e+00
1.050933891803540687e+00
1.050736853296626805e+00
1.050540936743894926e+00
1.050346133782959157e+00
1.050152436127949951e+00
1.049959835568688993e+00
1.049768323969872519e+00
1.049577893270268403e+00
1.049388535481919016e+00
1.049200242689357410e+00
1.049013007048829715e+00
1.048826820787531311e+00
