7.072124538132896729e+11
1.219493737074776917e+11
4.855739265806331635e+10
2.590904599600368118e+10
1.607515825417178154e+10
1.093749968860644913e+10
7.920178491718855858e+09
5.998713452155108452e+09
4.700184251371030807e+09
3.781766566837291718e+09
3.108379441890027046e+09
2.600021150731881142e+09
2.206862421368785381e+09
1.896553906590314150e+09
1.647352722457396030e+09
1.444207385466921091e+09
1.276430589850737333e+09
1.136264319455789566e+09
1.017966652874018908e+09
9.172142334103876352e+08
8.307015895639692545e+08
7.558665341619664431e+08
6.906982595346848965e+08
6.336008448922913074e+08
5.832946166593971252e+08
5.387438230747233629e+08
4.991028956975652575e+08
4.636760326577174664e+08
4.318864588594706655e+08
4.032528030080910325e+08
3.773707688440117240e+08
3.538987867577258945e+08
3.325466876946551800e+08
3.130666931058850884e+08
2.952461950827351213e+08
2.789019314202617407e+08
2.638752558893512785e+08
2.500282745470528603e+08
2.372406714846238196e+08
2.254070869171361625e+08
2.144349404427892864e+08
2.042426151391337812e+08
1.947579357198473513e+08
1.859168875631189346e+08
1.776625340062115788e+08
1.699440975951534212e+08
1.627161775167187154e+08
1.559380806225385666e+08
1.495732475850973725e+08
1.435887590331139565e+08
