7.014025420175804548e+00
6.959261816762520425e+00
6.806548782537624298e+00
6.584343173058353926e+00
6.324984198486635734e+00
6.054785683775373961e+00
5.790834099398464829e+00
5.542250750358623357e+00
5.312792995784217709e+00
5.103127228980696373e+00
4.912356273597348277e+00
4.738913135100116136e+00
4.581037108299190308e+00
4.437006310505787532e+00
4.305238314380999576e+00
4.184323336293763518e+00
4.073025016743921256e+00
3.970267068237795183e+00
3.875114969719790192e+00
3.786757098644524255e+00
3.704487232295414323e+00
3.627689120763655684e+00
3.555823244600988087e+00
3.488415608302098292e+00
3.425048322958587743e+00
3.365351712759704128e+00
3.308997696893799301e+00
3.255694228864020712e+00
3.205180608585158630e+00
3.157223514021982425e+00
3.111613626668142452e+00
3.068162748410774743e+00
3.026701326505975675e+00
2.987076319002032854e+00
2.949149345549638035e+00
2.912795078668673376e+00
2.877899838668533938e+00
2.844360361942267268e+00
2.812082717597678361e+00
2.780981351615199770e+00
2.750978241141710079e+00
2.722002144307530180e+00
2.693987933221889008e+00
2.666875999663880226e+00
2.640611724521344961e+00
2.615145003304487403e+00
2.590429821123686249e+00
2.566423871413099356e+00
2.543088213432920686e+00
2.520386964221049020e+00
2.498287021207641345e+00
2.476757812170755635e+00
2.455771069610968915e+00
2.435300626967338733e+00
2.415322234396397594e+00
2.395813392095165639e+00
2.376753199376410386e+00
2.358122217902383966e+00
2.339902347657576431e+00
2.322076714394160302e+00
2.304629567418865044e+00
2.287546186709283447e+00
2.270812798453576864e+00
2.254416498200871644e+00
2.238345180893429820e+00
2.222587477125383515e+00
2.207132695039126347e+00
2.191970767329346259e+00
2.177092202877284777e+00
2.162488042584945980e+00
2.148149819021248241e+00
2.134069519529620429e+00
2.120239552480840395e+00
2.106652716385027713e+00
2.093302171604131345e+00
2.080181414431077513e+00
2.067284253323480314e+00
2.054604787100116958e+00
2.042137384926121513e+00
2.029876667929185530e+00
2.017817492303495275e+00
2.005954933771650239e+00
1.994284273286258014e+00
1.982800983864315914e+00
1.971500718456567380e+00
1.960379298763337719e+00
1.949432704916177705e+00
1.938657065951779668e+00
1.928048651011400549e+00
1.917603861204783655e+00
1.907319222083059262e+00
1.897191376670014140e+00
1.887217079005520493e+00
1.877393188158958948e+00
1.867716662674187234e+00
1.858184555410865579e+00
1.848794008750055395e+00
1.839542250134762247e+00
1.830426587918542403e+00
1.821444407497680107e+00
1.812593167704392716e+00
1.803870397440639373e+00
1.795273692533573051e+00
1.786800712795453938e+00
1.778449179272227010e+00
1.770216871666244529e+00
1.762101625919888503e+00
1.754101331947834241e+00
1.746213931506846340e+00
1.738437416192788465e+00
1.730769825555402264e+00
1.723209245322266714e+00
1.715753805723832848e+00
1.708401679912361137e+00
1.701151082467906583e+00
1.694000267985225516e+00
1.686947529735824070e+00
1.679991198399963359e+00
1.673129640863765255e+00
1.666361259076865942e+00
1.659684488966634230e+00
1.653097799405081059e+00
1.646599691224930329e+00
1.640188696281706715e+00
1.633863376558748470e+00
1.627622323312479580e+00
1.621464156255297606e+00
1.615387522773789275e+00
1.609391097180046248e+00
1.603473579994072029e+00
1.597633697255390839e+00
1.591870199862157831e+00
1.586181862936110409e+00
1.580567485211893164e+00
1.575025888449375522e+00
1.569555916867658496e+00
1.564156436599569933e+00
1.558826335165545141e+00
1.553564520965851736e+00
1.548369922790194586e+00
1.543241489343795347e+00
1.538178188789119494e+00
1.533179008302449908e+00
1.528242953644609159e+00
1.523369048745105481e+00
1.518556335299096727e+00
1.513803872376562776e+00
1.509110736043141721e+00
1.504476018992078057e+00
1.499898830186814802e+00
1.495378294513768802e+00
1.490913552444838697e+00
1.486503759709271399e+00
1.482148086974453438e+00
1.477845719535333613e+00
1.473595857012064414e+00
1.469397713055610843e+00
1.465250515060976477e+00
1.461153503887783422e+00
1.457105933587926394e+00
1.453107071140062212e+00
1.449156196190665380e+00
1.445252600801457232e+00
1.441395589202942196e+00
1.437584477553911277e+00
1.433818593706637889e+00
1.430097276977660981e+00
1.426419877923895685e+00
1.422785758123987332e+00
1.419194289964673228e+00
1.415644856432034526e+00
1.412136850907498964e+00
1.408669676968425488e+00
1.405242748193179958e+00
1.401855487970488534e+00
1.398507329313063430e+00
1.395197714675298073e+00
1.391926095774916217e+00
1.388691933418541247e+00
1.385494697330981850e+00
1.382333865988216948e+00
1.379208926453930451e+00
1.376119374219525238e+00
1.373064713047519314e+00
1.370044454818251101e+00
1.367058119379785053e+00
1.364105234400950994e+00
1.361185335227452331e+00
1.358297964740932340e+00
1.355442673220981220e+00
1.352619018209934909e+00
1.349826564380482763e+00
1.347064883405958202e+00
1.344333553833259476e+00
1.341632160958371012e+00
1.338960296704374109e+00
1.336317559501937646e+00
1.333703554172191552e+00
1.331117891811953502e+00
1.328560189681253334e+00
1.326030071093083240e+00
1.323527165305352860e+00
1.321051107414970227e+00
1.318601538254033922e+00
1.316178104288049155e+00
1.313780457516168232e+00
1.311408255373361254e+00
1.309061160634532150e+00
1.306738841320479239e+00
1.304440970605707184e+00
1.302167226728013105e+00
1.299917292899851917e+00
1.297690857221383887e+00
1.295487612595231042e+00
1.293307256642866720e+00
1.291149491622602064e+00
1.289014024349161680e+00
1.286900566114800082e+00
1.284808832611916696e+00
1.282738543857149693e+00
1.280689424116929320e+00
1.278661201834428995e+00
1.276653609557912405e+00
1.274666383870441955e+00
1.272699265320899054e+00
1.270751998356332679e+00
1.268824331255558047e+00
1.266916016064022266e+00
1.265026808529878366e+00
1.263156468041275682e+00
1.261304757564798873e+00
1.259471443585084893e+00
1.257656296045544186e+00
1.255859088290195213e+00
1.254079597006583446e+00
1.252317602169745747e+00
1.250572886987231014e+00
1.248845237845122913e+00
1.247134444255063368e+00
1.245440298802258816e+00
1.243762597094437705e+00
1.242101137711739023e+00
1.240455722157539631e+00
1.238826154810158009e+00
1.237212242875458390e+00
1.235613796340319759e+00
1.234030627926936630e+00
1.232462553047967591e+00
1.230909389762498307e+00
1.229370958732787678e+00
1.227847083181818455e+00
1.226337588851596161e+00
1.224842303962214274e+00
1.223361059171653498e+00
1.221893687536292905e+00
1.220440024472151608e+00
1.218999907716809883e+00
1.217573177292014419e+00
1.216159675466957246e+00
1.214759246722205255e+00
1.213371737714272980e+00
1.211996997240833318e+00
1.210634876206533095e+00
1.209285227589421030e+00
1.207947906407978556e+00
1.206622769688719288e+00
1.205309676434366040e+00
1.204008487592598042e+00
1.202719066025329075e+00
1.201441276478542264e+00
1.200174985552644680e+00
1.198920061673345083e+00
1.197676375063039478e+00
1.196443797712694934e+00
1.195222203354224799e+00
1.194011467433345075e+00
1.192811467082903754e+00
1.191622081096664676e+00
1.190443189903557020e+00
1.189274675542359105e+00
1.188116421636829845e+00
1.186968313371257855e+00
1.185830237466439785e+00
1.184702082156065206e+00
1.183583737163512506e+00
1.182475093679037137e+00
1.181376044337349107e+00
1.180286483195579939e+00
1.179206305711618441e+00
1.178135408722813970e+00
1.177073690425054053e+00
1.176021050352176189e+00
1.174977389355744695e+00
1.173942609585167274e+00
1.172916614468138219e+00
1.171899308691419339e+00
1.170890598181941966e+00
1.169890390088222709e+00
1.168898592762102284e+00
1.167915115740771448e+00
1.166939869729113788e+00
1.165972766582336950e+00
1.165013719288890304e+00
1.164062641953671706e+00
1.163119449781510273e+00
1.162184059060924479e+00
1.161256387148147606e+00
1.160336352451417641e+00
1.159423874415524303e+00
1.158518873506618974e+00
1.157621271197260659e+00
1.156730989951719080e+00
1.155847953211514678e+00
1.154972085381191560e+00
1.154103311814329569e+00
1.153241558799779964e+00
1.152386753548125808e+00
1.151538824178363951e+00
1.150697699704799515e+00
1.149863310024160201e+00
1.149035585902910217e+00
1.148214458964772255e+00
1.147399861678456867e+00
1.146591727345577683e+00
1.145789990088769361e+00
1.144994584839996721e+00
1.144205447329042835e+00
1.143422514072191198e+00
1.142645722361082194e+00
1.141875010251747646e+00
1.141110316553823001e+00
1.140351580819930266e+00
1.139598743335224151e+00
1.138851745107111180e+00
1.138110527855126453e+00
1.137375034000972063e+00
1.136645206658712270e+00
1.135920989625120336e+00
1.135202327370183450e+00
1.134489165027747770e+00
1.133781448386317781e+00
1.133079123879995764e+00
1.132382138579560271e+00
1.131690440183688917e+00
1.131003977010316408e+00
1.130322697988119796e+00
1.129646552648146951e+00
1.128975491115566054e+00
1.128309464101545867e+00
1.127648422895261682e+00
1.126992319356021621e+00
1.126341105905517059e+00
1.125694735520190948e+00
1.125053161723722495e+00
1.124416338579626862e+00
1.123784220683968327e+00
1.123156763158184912e+00
1.122533921642021149e+00
1.121915652286568532e+00
1.121301911747414337e+00
1.120692657177887464e+00
1.120087846222415084e+00
1.119487437009971886e+00
1.118891388147634336e+00
1.118299658714226652e+00
1.117712208254064699e+00
1.117128996770795801e+00
1.116549984721327160e+00
1.115975133009846409e+00
1.115404402981931220e+00
1.114837756418748826e+00
1.114275155531337269e+00
1.113716562954977451e+00
1.113161941743642691e+00
1.112611255364534868e+00
1.112064467692700731e+00
1.111521543005723478e+00
1.110982445978499600e+00
1.110447141678085003e+00
1.109915595558623957e+00
1.109387773456346649e+00
1.108863641584643345e+00
1.108343166529208279e+00
1.107826315243256587e+00
1.107313055042810523e+00
1.106803353602052065e+00
1.106297178948746129e+00
1.105794499459724189e+00
1.105295283856445820e+00
1.104799501200608436e+00
1.104307120889830740e+00
1.103818112653397465e+00
1.103332446548060508e+00
1.102850092953904237e+00
1.102371022570271197e+00
1.101895206411740658e+00
1.101422615804171334e+00
1.100953222380793850e+00
1.100486998078365142e+00
1.100023915133373276e+00
1.099563946078296883e+00
1.099107063737919665e+00
1.098653241225693744e+00
1.098202451940159419e+00
1.097754669561406216e+00
1.097309868047596781e+00
1.096868021631527190e+00
1.096429104817243871e+00
1.095993092376704503e+00
1.095559959346483758e+00
1.095129681024531232e+00
1.094702232966968669e+00
1.094277590984931825e+00
1.093855731141462506e+00
1.093436629748437916e+00
1.093020263363541744e+00
1.092606608787282108e+00
1.092195643060048349e+00
1.091787343459206472e+00
1.091381687496236097e+00
1.090978652913910274e+00
1.090578217683506601e+00
1.090180360002061644e+00
1.089785058289664654e+00
1.089392291186782602e+00
1.089002037551624724e+00
1.088614276457544605e+00
1.088228987190473562e+00
1.087846149246392224e+00
1.087465742328837193e+00
1.087087746346434569e+00
1.086712141410476562e+00
1.086338907832523404e+00
1.085968026122040131e+00
1.085599476984066225e+00
1.085233241316915231e+00
1.084869300209903020e+00
1.084507634941112242e+00
1.084148226975180762e+00
1.083791057961122517e+00
1.083436109730178565e+00
1.083083364293692563e+00
1.082732803841017111e+00
1.082384410737450731e+00
1.082038167522195060e+00
1.081694056906346013e+00
1.081352061770906925e+00
1.081012165164829009e+00
1.080674350303080455e+00
1.080338600564735296e+00
1.080004899491093795e+00
1.079673230783820603e+00
1.079343578303112894e+00
1.079015926065890474e+00
1.078690258244007660e+00
1.078366559162491800e+00
1.078044813297801552e+00
1.077725005276110259e+00
1.077407119871608865e+00
1.077091142004833912e+00
1.076777056741014205e+00
1.076464849288441217e+00
1.076154504996858385e+00
1.075846009355872601e+00
1.075539347993385686e+00
1.075234506674044521e+00
1.074931471297714047e+00
1.074630227897967139e+00
1.074330762640594461e+00
1.074033061822134094e+00
1.073737111868417582e+00
1.073442899333138634e+00
1.073150410896434703e+00
1.072859633363490994e+00
1.072570553663160231e+00
1.072283158846597528e+00
1.071997436085918576e+00
1.071713372672868259e+00
1.071430956017509040e+00
1.071150173646926440e+00
1.070871013203948285e+00
1.070593462445883493e+00
1.070317509243272625e+00
1.070043141578655987e+00
1.069770347545357714e+00
1.069499115346284501e+00
1.069229433292737674e+00
1.068961289803242343e+00
1.068694673402389661e+00
1.068429572719692855e+00
1.068165976488459235e+00
1.067903873544675308e+00
1.067643252825903666e+00
1.067384103370196513e+00
1.067126414315019645e+00
1.066870174896193735e+00
1.066615374446842512e+00
1.066362002396358699e+00
1.066110048269381716e+00
1.065859501684785382e+00
