2.004333366830753693e+00
2.004126647205087153e+00
2.003507712539774221e+00
2.002480201272125004e+00
2.001050065875913386e+00
1.999225413586603883e+00
1.997016298586718142e+00
1.994434478588706039e+00
1.991493149730869661e+00
1.988206673334007801e+00
1.984590306600507281e+00
1.980659947129668863e+00
1.976431898555153666e+00
1.971922662022205897e+00
1.967148755871854116e+00
1.962126563945656432e+00
1.956872211437178599e+00
1.951401466191168499e+00
1.945729662738209020e+00
1.939871646075074896e+00
1.933841732175839656e+00
1.927653682367809651e+00
1.921320688962718126e+00
1.914855369845152921e+00
1.908269770048411029e+00
1.901575368667048238e+00
1.894783089749846106e+00
1.887903316077665039e+00
1.880945904955520387e+00
1.873920205337149980e+00
1.866835075755934881e+00
1.859698902662443087e+00
1.852519618869263862e+00
1.845304721883531895e+00
1.838061291968694277e+00
1.830796009824833703e+00
1.823515173812400914e+00
1.816224716671343886e+00
1.808930221707256036e+00
1.801636938430637658e+00
1.794349797645701905e+00
1.787073425992273590e+00
1.779812159949226924e+00
1.772570059311098900e+00
1.765350920151445457e+00
1.758158287287689303e+00
1.750995466262483813e+00
1.743865534856979149e+00
1.736771354151027680e+00
1.729715579144983195e+00
1.722700668957521053e+00
1.715728896613203158e+00
1.708802358433265889e+00
1.701922983042488013e+00
1.695092540004554227e+00
1.688312648098182489e+00
1.681584783245543946e+00
1.674910286104397628e+00
1.668290369335145851e+00
1.661726124553394079e+00
1.655218528978721348e+00
1.648768451789856648e+00
1.642376660196372296e+00
1.636043825236717097e+00
1.629770527312259798e+00
1.623557261466739732e+00
1.617404442420407928e+00
1.611312409367841703e+00
1.605281430548327837e+00
1.599311707597398158e+00
1.593403379687989840e+00
1.587556527469453194e+00
1.581771176812440061e+00
1.576047302367464376e+00
1.570384830944798749e+00
1.564783644723067191e+00
1.559243584293738660e+00
1.553764451548514502e+00
1.548346012416339512e+00
1.542987999456637116e+00
1.537690114315084511e+00
1.532452030048055747e+00
1.527273393321679773e+00
1.522153826491215334e+00
1.517092929566252968e+00
1.512090282067092506e+00
1.507145444777341359e+00
1.502257961397730046e+00
1.497427360105845651e+00
1.492653155026284484e+00
1.487934847615668410e+00
1.483271927966641535e+00
1.478663876034883140e+00
1.474110162792990897e+00
1.469610251314867444e+00
1.465163597794206130e+00
1.460769652500360394e+00
1.456427860674878616e+00
1.452137663371735776e+00
1.447898498244225785e+00
1.443709800281290256e+00
1.439571002495988905e+00
1.435481536568606442e+00
1.431440833446899319e+00
1.427448323905714078e+00
1.423503439068234622e+00
1.419605610890939618e+00
1.415754272614264675e+00
1.411948859180854665e+00
1.408188807623225181e+00
1.404473557422566188e+00
1.400802550840248628e+00
1.397175233223669100e+00
1.393591053287843273e+00
1.390049463374150918e+00
1.386549919687579902e+00
1.383091882513696413e+00
1.379674816416552430e+00
1.376298190418640432e+00
1.372961478163984950e+00
1.369664158065368564e+00
1.366405713436661840e+00
1.363185632611152887e+00
1.360003409046767864e+00
1.356858541418945352e+00
1.353750533701996606e+00
1.350678895239629806e+00
1.347643140805355522e+00
1.344642790653418407e+00
1.341677370560863336e+00
1.338746411861342134e+00
1.335849451471170068e+00
1.332986031908198310e+00
1.330155701303949556e+00
1.327358013409521753e+00
1.324592527595653380e+00
1.321858808847399036e+00
1.319156427753784389e+00
1.316484960492802614e+00
1.313843988812121166e+00
1.311233100005797514e+00
1.308651886887322258e+00
1.306099947759284285e+00
1.303576886379917532e+00
1.301082311926789137e+00
1.298615838957869917e+00
1.296177087370216752e+00
1.293765682356479374e+00
1.291381254359409425e+00
1.289023439024599149e+00
1.286691877151585395e+00
1.284386214643516322e+00
1.282106102455512708e+00
1.279851196541872849e+00
1.277621157802275365e+00
1.275415652027076518e+00
1.273234349841851687e+00
1.271076926651270256e+00
1.268943062582411629e+00
1.266832442427634930e+00
1.264744755587075442e+00
1.262679696010851949e+00
1.260636962141086004e+00
1.258616256853771320e+00
1.256617287400598304e+00
1.254639765350767711e+00
1.252683406532872024e+00
1.250747930976878974e+00
1.248833062856297360e+00
1.246938530430537373e+00
1.245064065987538715e+00
1.243209405786677157e+00
1.241374290002016600e+00
1.239558462665922178e+00
1.237761671613057501e+00
1.235983668424817106e+00
1.234224208374201881e+00
1.232483050371167899e+00
1.230759956908463293e+00
1.229054694007988724e+00
1.227367031167673206e+00
1.225696741308902160e+00
1.224043600724507685e+00
1.222407389027315716e+00
1.220787889099290036e+00
1.219184887041252274e+00
1.217598172123214084e+00
1.216027536735308390e+00
1.214472776339316162e+00
1.212933689420839123e+00
1.211410077442069744e+00
1.209901744795180534e+00
1.208408498756355698e+00
1.206930149440424538e+00
1.205466509756140558e+00
1.204017395362065646e+00
1.202582624623098617e+00
1.201162018567604184e+00
1.199755400845173181e+00
1.198362597685006747e+00
1.196983437854897581e+00
1.195617752620835583e+00
1.194265375707211030e+00
1.192926143257633242e+00
1.191599893796327247e+00
1.190286468190145053e+00
1.188985709611146468e+00
1.187697463499781669e+00
1.186421577528626203e+00
1.185157901566713301e+00
1.183906287644410860e+00
1.182666589918873523e+00
1.181438664640030556e+00
1.180222370117140596e+00
1.179017566685867102e+00
1.177824116675899369e+00
1.176641884379094005e+00
1.175470736018145557e+00
1.174310539715754054e+00
1.173161165464316813e+00
1.172022485096107847e+00
1.170894372253953764e+00
1.169776702362395060e+00
1.168669352599331024e+00
1.167572201868122717e+00
1.166485130770182010e+00
1.165408021577995390e+00
1.164340758208621374e+00
1.163283226197611819e+00
1.162235312673390641e+00
1.161196906332045753e+00
1.160167897412558213e+00
1.159148177672442159e+00
1.158137640363797516e+00
1.157136180209768161e+00
1.156143693381395332e+00
1.155160077474865821e+00
1.154185231489145425e+00
1.153219055803984761e+00
1.152261452158306554e+00
1.151312323628953971e+00
1.150371574609800884e+00
1.149439110791215191e+00
1.148514839139874066e+00
1.147598667878915402e+00
1.146690506468432069e+00
1.145790265586295043e+00
1.144897857109299144e+00
1.144013194094633867e+00
1.143136190761661286e+00
1.142266762474013042e+00
1.141404825721976435e+00
1.140550298105196703e+00
1.139703098315654861e+00
1.138863146120943748e+00
1.138030362347824953e+00
1.137204668866064194e+00
1.136385988572538253e+00
1.135574245375608138e+00
1.134769364179762041e+00
1.133971270870511194e+00
1.133179892299547964e+00
1.132395156270140646e+00
1.131616991522786053e+00
1.130845327721099247e+00
1.130080095437936638e+00
1.129321226141760670e+00
1.128568652183217891e+00
1.127822306781959272e+00
1.127082124013668807e+00
1.126348038797309936e+00
1.125619986882592904e+00
1.124897904837638629e+00
1.124181730036859506e+00
1.123471400649032947e+00
1.122766855625577431e+00
1.122068034689021943e+00
1.121374878321668378e+00
1.120687327754434692e+00
1.120005324955892112e+00
1.119328812621474434e+00
1.118657734162868955e+00
1.117992033697585930e+00
1.117331656038688115e+00
1.116676546684702398e+00
1.116026651809687520e+00
1.115381918253464333e+00
1.114742293512012816e+00
1.114107725728016973e+00
1.113478163681570710e+00
1.112853556781030040e+00
1.112233855054016951e+00
1.111619009138567815e+00
1.111008970274422358e+00
1.110403690294460954e+00
1.109803121616271149e+00
1.109207217233857179e+00
1.108615930709476505e+00
1.108029216165616004e+00
1.107447028277085854e+00
1.106869322263249300e+00
1.106296053880372554e+00
1.105727179414097483e+00
1.105162655672031535e+00
1.104602439976462680e+00
1.104046490157180260e+00
1.103494764544418638e+00
1.102947221961905422e+00
1.102403821720025823e+00
1.101864523609088931e+00
1.101329287892704567e+00
1.100798075301259837e+00
1.100270847025503818e+00
1.099747564710228165e+00
1.099228190448046316e+00
1.098712686773274383e+00
1.098201016655900419e+00
1.097693143495656054e+00
1.097189031116169611e+00
1.096688643759223591e+00
1.096191946079085211e+00
1.095698903136938407e+00
1.095209480395390678e+00
1.094723643713075845e+00
1.094241359339328312e+00
1.093762593908945258e+00
1.093287314437029867e+00
1.092815488313909400e+00
1.092347083300133193e+00
1.091882067521548150e+00
1.091420409464444186e+00
1.090962077970780486e+00
1.090507042233476831e+00
1.090055271791780633e+00
1.089606736526703923e+00
1.089161406656525832e+00
1.088719252732366138e+00
1.088280245633822307e+00
1.087844356564676263e+00
1.087411557048659549e+00
1.086981818925286003e+00
1.086555114345745476e+00
1.086131415768858188e+00
1.085710695957090577e+00
1.085292927972626442e+00
1.084878085173501150e+00
1.084466141209789125e+00
1.084057070019850189e+00
1.083650845826630515e+00
1.083247443134013555e+00
1.082846836723234452e+00
1.082449001649334885e+00
1.082053913237680298e+00
1.081661547080519536e+00
1.081271879033600447e+00
1.080884885212832103e+00
1.080500541990996544e+00
1.080118825994504483e+00
1.079739714100204306e+00
1.079363183432232365e+00
1.078989211358909239e+00
1.078617775489681962e+00
1.078248853672109320e+00
1.077882423988890670e+00
1.077518464754936067e+00
1.077156954514480347e+00
1.076797872038237180e+00
1.076441196320591764e+00
1.076086906576837476e+00
1.075734982240448279e+00
1.075385402960390202e+00
1.075038148598472576e+00
1.074693199226734341e+00
1.074350535124868777e+00
1.074010136777683977e+00
1.073671984872598184e+00
1.073336060297172212e+00
1.073002344136671171e+00
1.072670817671669274e+00
1.072341462375677290e+00
1.072014259912812850e+00
1.071689192135494517e+00
1.071366241082175375e+00
1.071045388975101487e+00
1.070726618218105219e+00
1.070409911394428537e+00
1.070095251264573832e+00
1.069782620764188730e+00
1.069472003001973759e+00
1.069163381257623779e+00
1.068856738979796717e+00
1.068552059784106723e+00
1.068249327451148423e+00
1.067948525924546033e+00
1.067649639309029341e+00
1.067352651868535895e+00
1.067057548024338276e+00
1.066764312353197797e+00
1.066472929585541518e+00
1.066183384603664797e+00
1.065895662439958702e+00
1.065609748275157642e+00
1.065325627436615630e+00
1.065043285396602313e+00
1.064762707770620098e+00
1.064483880315748365e+00
1.064206788929006997e+00
1.063931419645739895e+00
1.063657758638023143e+00
1.063385792213092484e+00
1.063115506811791899e+00
1.062846889007042384e+00
1.062579925502331601e+00
1.062314603130221524e+00
1.062050908850877828e+00
1.061788829750617280e+00
1.061528353040475103e+00
1.061269466054789445e+00
1.061012156249803828e+00
1.060756411202292471e+00
1.060502218608196934e+00
1.060249566281284528e+00
1.059998442151823372e+00
1.059748834265272999e+00
1.059500730780994493e+00
1.059254119970975294e+00
1.059008990218568647e+00
1.058765330017255923e+00
1.058523127969414945e+00
1.058282372785113612e+00
1.058043053280912194e+00
1.057805158378683164e+00
1.057568677104448573e+00
1.057333598587226975e+00
1.057099912057898994e+00
1.056867606848086227e+00
1.056636672389043685e+00
1.056407098210566442e+00
1.056178873939910279e+00
1.055951989300726312e+00
1.055726434112008061e+00
1.055502198287051163e+00
1.055279271832429089e+00
1.055057644846977949e+00
1.054837307520795964e+00
1.054618250134256030e+00
1.054400463057027837e+00
1.054183936747115302e+00
1.053968661749903779e+00
1.053754628697219919e+00
1.053541828306402417e+00
1.053330251379385185e+00
1.053119888801792081e+00
1.052910731542041178e+00
1.052702770650459474e+00
1.052495997258413585e+00
1.052290402577443995e+00
1.052085977898413294e+00
1.051882714590668177e+00
1.051680604101204342e+00
1.051479637953845803e+00
1.051279807748436657e+00
1.051081105160036167e+00
1.050883521938129617e+00
1.050687049905845383e+00
1.050491680959181329e+00
1.050297407066242972e+00
1.050104220266487864e+00
1.049912112669981967e+00
1.049721076456662017e+00
1.049531103875608773e+00
1.049342187244328928e+00
1.049154318948043008e+00
1.048967491438985711e+00
1.048781697235711574e+00
1.048596928922410187e+00
1.048413179148228291e+00
1.048230440626602311e+00
1.048048706134596220e+00
1.047867968512248060e+00
1.047688220661924685e+00
1.047509455547684709e+00
1.047331666194646349e+00
1.047154845688364810e+00
1.046978987174216780e+00
1.046804083856792689e+00
1.046630128999293197e+00
1.046457115922935666e+00
1.046285038006367074e+00
1.046113888685082260e+00
1.045943661450851270e+00
1.045774349851149809e+00
1.045605947488600584e+00
1.045438448020418187e+00
1.045271845157860868e+00
1.045106132665688747e+00
1.044941304361628687e+00
1.044777354115846268e+00
1.044614275850420215e+00
1.044452063538826581e+00
