3.010450641382000185e+02 1.621487298555095151e+02 1.319460416866544676e+02 1.138807816172702729e+02
1.962150165263905344e-01 1.055837787615413470e-01 8.585832948355681671e-02 7.405198297292325815e-02
1.434385425036497318e-02 7.708024937182039391e-03 6.261929681101817587e-03 5.395583658455493058e-03
2.698691421068043737e-03 1.448253979780874095e-03 1.175411898006238718e-03 1.011802917184311370e-03
7.816619385214924106e-04 4.189516644390642417e-04 3.397165919935774751e-04 2.921628345927693507e-04
2.907576268594396765e-04 1.556596267130643603e-04 1.261156354224527408e-04 1.083707105747469182e-04
1.274387775089775112e-04 6.815395711681201734e-05 5.517669446411084614e-05 4.737671296354945379e-05
6.273764567978626838e-05 3.351988702657849304e-05 2.711860211563549156e-05 2.326865727342488019e-05
3.368326561708827013e-05 1.798078604419852891e-05 1.453779844554298723e-05 1.246586979495908340e-05
1.934263215339660386e-05 1.031717701617070820e-05 8.336771373427744627e-06 7.144365759026324656e-06
1.172094976164399689e-05 6.247201452874700282e-06 5.045317455589862842e-06 4.321307662629622966e-06
7.421775097069723952e-06 3.953037406515549621e-06 3.190923012494786099e-06 2.731621224250480498e-06
4.875005765586890884e-06 2.594888494825335252e-06 2.093634247148477664e-06 1.791417637413431528e-06
3.303145651383614745e-06 1.757151266505709290e-06 1.417099812124221309e-06 1.211995297878744365e-06
2.298547055073562068e-06 1.222047007634471362e-06 9.851430166042668204e-07 8.422000314531968961e-07
1.636905487749392123e-06 8.698103205352299292e-07 7.009153547605064542e-07 5.989722302538557334e-07
1.189588399399974214e-06 6.317945187295621290e-07 5.089263486749161491e-07 4.347401047053040003e-07
8.801366371913070185e-07 4.672160732838509246e-07 3.762204100418331258e-07 3.212612113384892467e-07
6.616543314792491104e-07 3.510722842505724693e-07 2.826006743166284984e-07 2.412331332893946096e-07
5.045700233324235877e-07 2.676040456726022312e-07 2.153412509036285945e-07 1.837573521624705033e-07
3.897711902878423932e-07 2.066303192349929962e-07 1.662232249212075803e-07 1.417973710316760725e-07
3.046292447044186511e-07 1.614267272221551121e-07 1.298197685553599967e-07 1.107085014811791071e-07
2.406321151917172791e-07 1.274625916456951810e-07 1.024754899561540411e-07 8.736309223429014938e-08
1.919379960748082227e-07 1.016296875525133648e-07 8.168332849429388787e-08 6.961663384520332905e-08
1.544713145737932291e-07 8.176032268988525618e-08 6.569530545691192705e-08 5.597432826411015448e-08
1.253457172948305650e-07 6.631985229664469588e-08 5.327423023384991320e-08 4.537845621290234427e-08
1.024887008172897252e-07 5.420671600437058320e-08 4.353227020165932339e-08 3.707016728554680796e-08
8.439311922579025238e-08 4.462010667998262403e-08 3.582414524217712913e-08 3.049805968649477470e-08
6.995001992210987512e-08 3.697097762585240520e-08 2.967531748313711886e-08 2.525672862519410691e-08
5.833450994096030990e-08 3.082130006877562582e-08 2.473298771884791400e-08 2.104484106840500087e-08
4.892675179382632320e-08 2.584202919441568062e-08 2.073219211575124269e-08 1.763613601376799140e-08
4.125657392734044835e-08 2.178364272615656796e-08 1.747204450369673154e-08 1.485910730189696374e-08
3.496417297563266222e-08 1.845524446111638908e-08 1.479888886843140303e-08 1.258259890877780783e-08
2.977192161853620266e-08 1.570957722791672093e-08 1.259421861855895379e-08 1.070547794154034932e-08
2.546393235864758735e-08 1.343216176979811654e-08 1.076592334835873285e-08 9.149153556330432960e-09
2.187109840512587219e-08 1.153334854318075368e-08 9.241884383416718333e-09 7.852104345084023379e-09
1.886004296832498649e-08 9.942447625842321117e-09 7.965245671869181600e-09 6.765838060620326231e-09
1.632488506288567683e-08 8.603355804038699683e-09 6.890891468371810052e-09 5.851882902666474560e-09
1.418105382085767546e-08 7.471272333569204755e-09 5.982801385958810200e-09 5.079528640915929105e-09
1.236060579624873663e-08 6.510213276099002719e-09 5.212048915237323322e-09 4.424117578225002128e-09
1.080865415494514293e-08 5.691116473453990959e-09 4.555275783073996540e-09 3.865742047870477449e-09
9.480626872988824908e-09 4.990386797412217963e-09 3.993520956181513657e-09 3.388244852003428312e-09
8.340147633982936668e-09 4.388772035587238679e-09 3.511315932388744265e-09 2.978447128877765327e-09
7.357387765033338104e-09 3.870488833065473344e-09 3.095981390769711084e-09 2.625548167733489772e-09
6.507776882946231017e-09 3.422539019834140185e-09 2.737077127902960309e-09 2.320656099962345627e-09
5.770988457350616090e-09 3.034171821095318982e-09 2.425969432068536548e-09 2.056418843970083150e-09
5.130137356524038230e-09 2.696458532515884597e-09 2.155488980286687125e-09 1.826732315481063669e-09
4.571141800277350093e-09 2.401954402737282632e-09 1.919658918338355981e-09 1.626508533488330315e-09
4.082213530981321085e-09 2.144428514280334162e-09 1.713477657130460080e-09 1.451490415566623690e-09
3.653448511598700463e-09 1.918646967295018205e-09 1.532744554424350482e-09 1.298103162010184452e-09
3.276496841421779123e-09 1.720198059486025905e-09 1.373919380459982396e-09 1.163334459613735159e-09
2.944295401938331542e-09 1.545350715515015703e-09 1.234008527620467966e-09 1.044637496559761677e-09
2.650850409335472221e-09 1.390939364190415712e-09 1.110472490448186432e-09 9.398521172254560549e-10
2.391059849990319677e-09 1.254269947739129308e-09 1.001150338720032369e-09 8.471404671930521932e-10
2.160567926136755310e-09 1.133042888794753902e-09 9.041978250919399563e-10 7.649342631105510868e-10
1.955645299629470767e-09 1.025289721854342350e-09 8.180364780537402143e-10 6.918914274297062705e-10
1.773090210339051438e-09 9.293207795290478334e-10 7.413115810924096698e-10 6.268602975887112703e-10
1.610146550316696648e-09 8.436818567427202634e-10 6.728573677448528017e-10 5.688499851143064247e-10
1.464435761628143419e-09 7.671181932531996432e-10 6.116680979320015596e-10 5.170057465663323795e-10
1.333900044616708502e-09 6.985444430021697059e-10 5.568739449615946839e-10 4.705884534777826035e-10
1.216754852206561418e-09 6.370195579571269747e-10 5.077208310668368144e-10 4.289574262889148380e-10
1.111449033588943473e-09 5.817257196281540630e-10 4.635535146598256029e-10 3.915560382782503137e-10
1.016631299374608272e-09 5.319506150670462540e-10 4.238013640776433197e-10 3.578996077292105418e-10
9.311219270747871242e-10 4.870724849236531531e-10 3.879663577601141425e-10 3.275651862490640688e-10
8.538888237512077794e-10 4.465474760268427238e-10 3.556129351421509058e-10 3.001829230745834685e-10
7.840272220694642932e-10 4.098989153950210078e-10 3.263593904324612635e-10 2.754287430794007605e-10
7.207424147610446224e-10 3.767081907867331214e-10 2.998705562827885513e-10 2.530181229419177600e-10
6.633350368780604509e-10 3.466069781798919885e-10 2.758515687867953380e-10 2.327007878087312315e-10
6.111884901049547753e-10 3.192706015136578646e-10 2.540425413731675624e-10 2.142561815784292861e-10
5.637581726319096669e-10 2.944123466858819481e-10 2.342140046195369491e-10 1.974895890385777875e-10
5.205622347485849033e-10 2.717785817899316282e-10 2.161629931144883065e-10 1.822288086255316963e-10
4.811736268087626772e-10 2.511445601828480356e-10 1.997096802680243001e-10 1.683212914241489782e-10
4.452132444783675875e-10 2.323108032260320672e-10 1.846944782399085607e-10 1.556316758849250836e-10
4.123440077554240264e-10 2.150999762483741086e-10 1.709755335784457871e-10 1.440396591707760560e-10
3.822657363794773093e-10 1.993541851062468203e-10 1.584265602672502369e-10 1.334381555047048272e-10
3.547107059261196812e-10 1.849326321828971513e-10 1.469349610888157697e-10 1.237316997347807906e-10
3.294397869135780453e-10 1.717095802074350653e-10 1.364001958736785333e-10 1.148350608561851765e-10
3.062390842835254430e-10 1.595725802254600323e-10 1.267323615897213805e-10 1.066720356677307156e-10
2.849170071853866019e-10 1.484209266990346397e-10 1.178509545624965235e-10 9.917439728385628477e-11
2.653017095223451975e-10 1.381643082808626596e-10 1.096837895873263971e-10 9.228097702859685388e-11
2.472388505586327165e-10 1.287216274817972008e-10 1.021660544465839604e-10 8.593686143258420197e-11
2.305896323286094888e-10 1.200199663841924455e-10 9.523948150310343956e-11 8.009268874184748981e-11
2.152290768639764231e-10 1.119936788707019930e-10 8.885162070324308176e-11 7.470403161335380875e-11
2.010445115598615435e-10 1.045835926414249871e-10 8.295520057307752533e-11 6.973085458703399248e-11
1.879342354930944731e-10 9.773630666626670271e-11 7.750756569639412527e-11 6.513703654529211863e-11
1.758063433186300241e-10 9.140357173381779889e-11 7.247018077968676792e-11 6.088994974646540001e-11
1.645776866120578806e-10 8.554174347076792605e-11 6.780819278361088966e-11 5.696008818793926931e-11
1.541729552881520392e-10 8.011129866484901016e-11 6.349004377093895891e-11 5.332073905046266690e-11
1.445238640828991782e-10 7.507640696944787836e-11 5.948712811997672128e-11 4.994769182494136776e-11
1.355684311023608954e-10 7.040455113264133938e-11 5.577348860641613232e-11 4.681898044939091472e-11
1.272503371685994234e-10 6.606618980526911659e-11 5.232554658801895100e-11 4.391465440579777213e-11
1.195183561747746804e-10 6.203445776506162217e-11 4.912186215404489189e-11 4.121657526029497332e-11
1.123258479353221749e-10 5.828489906630323917e-11 4.614292064063883519e-11 3.870823558864861070e-11
1.056303061138770730e-10 5.479522920344180129e-11 4.337094237763860915e-11 3.637459762378735965e-11
9.939295475747919908e-11 5.154512287628172487e-11 4.078971293256499034e-11 3.420194930243922606e-11
9.357838778262509205e-11 4.851602437557433557e-11 3.838443146325901847e-11 3.217777568182955389e-11
8.815424646557939218e-11 4.569097798080386036e-11 3.614157508965542665e-11 3.029064395157725705e-11
8.309093060180909084e-11 4.305447608510672768e-11 3.404877745422036433e-11 2.853010048610235159e-11
7.836133953086098654e-11 4.059232304263363412e-11 3.209471986531863360e-11 2.688657857386083690e-11
7.394063968484678434e-11 3.829151297728519911e-11 3.026903361303865451e-11 2.535131562566203627e-11
6.980605572062979104e-11 3.614012000374356307e-11 2.856221221690036962e-11 2.391627880869326481e-11
6.593668264607475983e-11 3.412719949644572602e-11 2.696553251290299119e-11 2.257409817865554444e-11
6.231331665640400905e-11 3.224269920333533185e-11 2.547098361653173066e-11 2.131800649215091867e-11
5.891830266381141146e-11 3.047737914206520075e-11 2.407120291118521734e-11 2.014178497732491538e-11
5.573539673722015639e-11 2.882273933954774907e-11 2.275941831020940663e-11 1.903971442462960927e-11
5.274964187384093867e-11 2.727095458369336698e-11 2.152939612719710006e-11 1.800653103302205352e-11
4.994725570383429406e-11 2.581481545086626354e-11 2.037539396506209980e-11 1.703738651133304361e-11
4.731552888715938960e-11 2.444767495574046281e-11 1.929211810100062692e-11 1.612781199110367621e-11
4.484273310045341905e-11 2.316340024336155951e-11 1.827468490301711083e-11 1.527368535691846984e-11
4.251803763395348644e-11 2.195632880759152895e-11 1.731858586524334981e-11 1.447120164403617492e-11
4.033143372616680698e-11 2.082122877685240457e-11 1.641965589471475047e-11 1.371684619169494094e-11
3.827366585903335074e-11 1.975326285815057026e-11 1.557404452235598698e-11 1.300737027450170314e-11
3.633616932029307601e-11 1.874795557459242603e-11 1.477818974634029116e-11 1.233976896437636051e-11
3.451101341403861444e-11 1.780116347071814766e-11 1.402879424730224663e-11 1.171126100210241371e-11
3.279084976619551626e-11 1.690904799461157362e-11 1.332280374260693139e-11 1.111927048106535920e-11
3.116886522996188887e-11 1.606805079643787759e-11 1.265738727144732197e-11 1.056141016661123267e-11
2.963873894796260688e-11 1.527487121029331943e-11 1.202991922433852416e-11 1.003546629295433094e-11
2.819460317381526457e-11 1.452644571043788085e-11 1.143796294993463976e-11 9.539384695988332738e-12
2.683100749665556597e-11 1.381992915448501042e-11 1.087925578930244374e-11 9.071258154955661672e-12
2.554288614852687233e-11 1.315267764525898595e-11 1.035169540309897378e-11 8.629314828921270364e-12
2.432552810692914191e-11 1.252223286007699259e-11 9.853327270739705637e-12 8.211907685567692934e-12
2.317454973370912727e-11 1.192630771141386681e-11 9.382333252805856744e-12 7.817504830144557852e-12
2.208586971725595219e-11 1.136277321647352797e-11 8.937021118792252309e-12 7.444680651610921027e-12
2.105568610800124424e-11 1.082964646530999432e-11 8.515814951991792220e-12 7.092107711230881637e-12
2.008045525782519597e-11 1.032507958797910563e-11 8.117246351981781247e-12 6.758549306234738677e-12
1.915687249240444873e-11 9.847349630898466041e-12 7.739946362932781738e-12 6.442852647734370550e-12
1.828185436205901680e-11 9.394849261282671329e-12 7.382638062910231729e-12 6.143942597973995227e-12
1.745252233146380233e-11 8.966078226308332637e-12 7.044129755566583071e-12 5.860815917277382562e-12
1.666618778188211000e-11 8.559635500652823515e-12 6.723308711210761083e-12 5.592535975790746312e-12
1.592033821151562374e-11 8.174212062326940469e-12 6.419135409259971736e-12 5.338227889374455444e-12
1.521262453029661563e-11 7.808584242363367070e-12 6.130638238589498254e-12 5.097074042820023538e-12
1.454084935510092053e-11 7.461607598997017635e-12 5.856908616352684113e-12 4.868309967006917662e-12
1.390295622005347590e-11 7.132211271542600608e-12 5.597096489495811570e-12 4.651220539709247908e-12
1.329701962442891863e-11 6.819392773290336896e-12 5.350406186482322519e-12 4.445136482550089592e-12
1.272123584771365345e-11 6.522213186452732553e-12 5.116092589707598988e-12 4.249431129115147859e-12
1.217391446776955967e-11 6.239792725544515841e-12 4.893457601762211622e-12 4.063517441505281400e-12
1.165347052379585679e-11 5.971306638602138201e-12 4.681846881118313397e-12 3.886845254654981745e-12
1.115841727098961359e-11 5.715981418383066493e-12 4.480646824998425289e-12 3.718898729594482127e-12
1.068735947851098014e-11 5.473091298156897808e-12 4.289281779160787437e-12 3.559193998506086560e-12
1.023898722661927167e-11 5.241955008937819353e-12 4.107211456123115883e-12 3.407276985939465487e-12
9.812070162704756591e-12 5.021932777034389501e-12 3.933928544965484706e-12 3.262721391921720267e-12
9.405452179438149243e-12 4.812423542629082253e-12 3.768956497320090443e-12 3.125126823940418206e-12
9.018046481432809862e-12 4.612862381766047770e-12 3.611847475486313497e-12 2.994117065904578153e-12
8.648831009693430094e-12 4.422718115636888685e-12 3.462180449816689378e-12 2.869338473210741993e-12
8.296844195741298196e-12 4.241491092427744076e-12 3.319559433616262747e-12 2.750458483969937175e-12
7.961181019682748925e-12 4.068711128238356543e-12 3.183611844793917742e-12 2.637164237294637535e-12
7.640989348649960226e-12 3.903935594718826108e-12 3.053986984410633765e-12 2.529161290312057881e-12
7.335466534010200589e-12 3.746747642101978356e-12 2.930354623093766088e-12 2.426172426267733591e-12
7.043856247532182266e-12 3.596754547249848422e-12 2.812403687037415116e-12 2.327936546718924186e-12
6.765445538330145482e-12 3.453586177189120811e-12 2.699841035992534549e-12 2.234207641395910298e-12
6.499562093895627026e-12 3.316893559391616870e-12 2.592390326274126542e-12 2.144753829837049210e-12
6.245571689884503392e-12 3.186347550768141655e-12 2.489790952381323514e-12 2.059356469384454803e-12
6.002875814567197830e-12 3.061637597994556844e-12 2.391797061345390249e-12 1.977809324566506917e-12
5.770909454982237046e-12 2.942470582382759442e-12 2.298176634394613615e-12 1.899917793294336559e-12
5.549139032868577553e-12 2.828569743052169742e-12 2.208710630958258030e-12 1.825498185665935817e-12
5.337060479398651402e-12 2.719673672653595123e-12 2.123192190427804984e-12 1.754377051506532737e-12
5.134197438600408920e-12 2.615535380351600207e-12 2.041425887456111127e-12 1.686390553080416927e-12
4.940099590149312572e-12 2.515921417187013009e-12 1.963227036906634238e-12 1.621383879689784412e-12
4.754341082938053218e-12 2.420611059322238587e-12 1.888421044868836239e-12 1.559210701133223886e-12
4.576519071497362506e-12 2.329395545020856991e-12 1.816842802434138857e-12 1.499732657231770724e-12
4.406252347951830399e-12 2.242077361532996952e-12 1.748336119182041504e-12 1.442818880846267063e-12
4.243180062754936960e-12 2.158469578351565748e-12 1.682753193560181133e-12 1.388345552007758483e-12
4.086960527961877385e-12 2.078395223573912532e-12 1.619954117557034439e-12 1.336195480964345331e-12
3.937270097270921033e-12 2.001686700350907383e-12 1.559806413263263284e-12 1.286257718114697936e-12
3.793802117498396632e-12 1.928185240632933003e-12 1.502184599099107413e-12 1.238427188951777703e-12
3.656265946551387711e-12 1.857740393631275493e-12 1.446969783651880586e-12 1.192604352281162256e-12
3.524386033329322055e-12 1.790209546605691059e-12 1.394049285220910713e-12 1.148694880107915824e-12
3.397901055323803985e-12 1.725457475765985360e-12 1.343316275308439056e-12 1.106609357705246471e-12
3.276563109996932589e-12 1.663355925238282303e-12 1.294669444424770825e-12 1.066263002487860861e-12
3.160136956305131873e-12 1.603783212196767517e-12 1.248012688695654019e-12 1.027575400414035118e-12
3.048399302999801405e-12 1.546623856400084139e-12 1.203254815870120515e-12 9.904702587335945075e-13
2.941138140579556123e-12 1.491768232498987394e-12 1.160309269428624258e-12 9.548751739847982737e-13
2.838152113993785582e-12 1.439112243599622358e-12 1.119093869585103898e-12 9.207214142223796105e-13
2.739249933404573080e-12 1.388557014675274969e-12 1.079530570063087296e-12 8.879437145320251885e-13
2.644249820505693135e-12 1.340008604519772889e-12 1.041545229605846270e-12 8.564800849540639407e-13
2.552978988074350631e-12 1.293377735028273455e-12 1.005067397254398514e-12 8.262716300014403404e-13
2.465273150594888118e-12 1.248579536676782274e-12 9.700301104953054923e-13 7.972623790146109759e-13
2.380976063944926170e-12 1.205533309150836887e-12 9.363697054432604115e-13 7.693991266492156134e-13
2.299939092274410029e-12 1.164162296147046298e-12 9.040256382817690250e-13 7.426312828416293597e-13
2.222020800337334911e-12 1.124393473438799592e-12 8.729403172391172472e-13 7.169107316429735361e-13
2.147086569655989489e-12 1.086157349360239787e-12 8.430589444268004904e-13 6.921916983543735214e-13
2.075008237008507145e-12 1.049387776920635191e-12 8.143293669138055170e-13 6.684306244352522995e-13
2.005663753833349942e-12 1.014021776815034162e-12 7.867019364529478516e-13 6.455860496925853940e-13
1.938936865239858491e-12 9.799993706470312010e-13 7.601293773152211368e-13 6.236185012925919514e-13
1.874716807402345278e-12 9.472634237256504180e-13 7.345666617248835621e-13 6.024903891673654011e-13
1.812898022197303826e-12 9.157594968412670858e-13 7.099708924221687902e-13 5.821659074177732313e-13
1.753379888019509292e-12 8.854357064653119800e-13 6.863011919122092489e-13 5.626109413407014658e-13
1.696066465783383015e-12 8.562425928554010147e-13 6.635185979881261883e-13 5.437929797334969791e-13
1.640866259181870711e-12 8.281329955819496303e-13 6.415859651436369132e-13 5.256810321515680272e-13
1.587691988335899340e-12 8.010619360241145326e-13 6.204678715158183912e-13 5.082455508164400239e-13
1.536460376024400093e-12 7.749865064126342049e-13 6.001305310223268084e-13 4.914583568915148838e-13
1.487091945737516283e-12 7.498657650246416554e-13 5.805417103792529463e-13 4.752925708612401343e-13
1.439510830844759722e-12 7.256606371611837356e-13 5.616706507062141725e-13 4.597225467666114103e-13
1.393644594215545098e-12 7.023338215620364194e-13 5.434879934442554790e-13 4.447238100659327728e-13
1.349424057672028323e-12 6.798497019345988535e-13 5.259657103297929893e-13 4.302729989046481885e-13
1.306783140693778278e-12 6.581742632943168928e-13 5.090770371842710511e-13 4.163478085919164704e-13
1.265658707830743101e-12 6.372750128333850236e-13 4.927964112945518031e-13 4.029269390945423746e-13
1.225990424315283226e-12 6.171209050523739595e-13 4.770994121732923557e-13 3.899900453708744581e-13
1.187720619396145861e-12 5.976822709061943260e-13 4.619627055018974599e-13 3.775176903785196863e-13
1.150794156947135504e-12 5.789307507314001928e-13 4.473639900710305760e-13 3.654913006001717723e-13
