# Specview output: created Fri Mar 07 11:48:44 EST 2014
null 
Angstrom 
Arbitrary 
1.0 1.1511774063110352
1.2 1.1513359546661377
1.4 1.1515227556228638
1.6 1.1517373323440552
1.8 1.1519793272018433
2.0 1.1522480249404907
2.2 1.152543067932129
2.4 1.1528637409210205
2.6 1.1532094478607178
2.8 1.1535797119140625
3.0 1.1539738178253174
3.2 1.1543910503387451
3.4 1.154830813407898
3.6 1.1552926301956177
3.8 1.155775547027588
4.0 1.1562790870666504
4.2 1.1568026542663574
4.4 1.1573455333709717
4.6 1.1579071283340454
4.8 1.1584868431091309
5.0 1.1590840816497803
5.2 1.1596981287002563
5.4 1.1603283882141113
5.6 1.1609745025634766
5.8 1.1616357564926147
6.0 1.1623115539550781
6.2 1.1630014181137085
6.4 1.1637048721313477
6.6 1.1644213199615479
6.8 1.1651502847671509
7.0 1.165891408920288
7.2 1.1666439771652222
7.4 1.167407751083374
7.6 1.168182134628296
7.8 1.1689668893814087
8.0 1.1697614192962646
8.2 1.1705653667449951
8.4 1.171378254890442
8.6 1.1721998453140259
8.8 1.1730297803878784
9.0 1.1738675832748413
9.2 1.174712896347046
9.4 1.175565481185913
9.6 1.1764249801635742
9.8 1.1772910356521606
10.0 1.1781632900238037
10.2 1.1790416240692139
10.4 1.1799256801605225
10.6 1.1808151006698608
10.8 1.18170964717865
11.0 1.1826090812683105
11.2 1.1835131645202637
11.4 1.1844216585159302
11.6 1.1853342056274414
11.8 1.1862506866455078
12.0 1.1871709823608398
12.2 1.1880946159362793
12.4 1.1890215873718262
12.6 1.1899516582489014
12.8 1.1908845901489258
13.0 1.1918201446533203
13.2 1.1927582025527954
13.4 1.1936986446380615
13.6 1.1946412324905396
13.8 1.19558584690094
14.0 1.196532130241394
14.2 1.1974802017211914
14.4 1.198429822921753
14.6 1.1993807554244995
14.8 1.2003328800201416
15.0 1.2012861967086792
15.2 1.2022403478622437
15.4 1.2031954526901245
15.6 1.2041511535644531
15.8 1.2051074504852295
16.0 1.206064224243164
16.2 1.2070213556289673
16.4 1.2079787254333496
16.6 1.2089362144470215
16.8 1.2098937034606934
17.0 1.2108510732650757
17.2 1.2118083238601685
17.4 1.2127653360366821
17.6 1.2137219905853271
17.8 1.214678168296814
18.0 1.215633749961853
18.2 1.2165887355804443
18.4 1.2175430059432983
18.6 1.2184964418411255
18.8 1.2194491624832153
19.0 1.2204008102416992
19.2 1.2213515043258667
19.4 1.2223010063171387
19.6 1.2232494354248047
19.8 1.2241966724395752
20.0 1.2251425981521606
20.2 1.2260870933532715
20.4 1.2270302772521973
20.6 1.2279719114303589
20.8 1.228912115097046
21.0 1.2298506498336792
21.2 1.2307876348495483
21.4 1.2317228317260742
21.6 1.2326562404632568
21.8 1.2335879802703857
22.0 1.2345178127288818
22.2 1.2354457378387451
22.4 1.236371636390686
22.6 1.2372956275939941
22.8 1.2382175922393799
23.0 1.2391375303268433
23.2 1.2400553226470947
23.4 1.2409709692001343
23.6 1.2418843507766724
23.8 1.2427955865859985
24.0 1.2437045574188232
24.2 1.244611144065857
24.4 1.2455154657363892
24.6 1.2464172840118408
24.8 1.247316837310791
25.0 1.2482138872146606
25.2 1.2491084337234497
25.4 1.2500005960464478
25.6 1.2508901357650757
25.8 1.2517770528793335
26.0 1.2526614665985107
26.2 1.2535432577133179
26.4 1.2544224262237549
26.6 1.2552988529205322
26.8 1.2561726570129395
27.0 1.257043719291687
27.2 1.2579119205474854
27.4 1.2587774991989136
27.6 1.2596402168273926
27.8 1.260500192642212
28.0 1.261357307434082
28.2 1.262211561203003
28.4 1.2630629539489746
28.6 1.263911485671997
28.8 1.2647570371627808
29.0 1.2655996084213257
29.2 1.2664393186569214
29.4 1.2672760486602783
29.6 1.2681097984313965
29.8 1.2689405679702759
30.0 1.2697683572769165
30.2 1.2705930471420288
30.4 1.2714147567749023
30.6 1.2722333669662476
30.8 1.2730488777160645
31.0 1.2738614082336426
31.2 1.2746707201004028
31.4 1.2754769325256348
31.6 1.2762800455093384
31.8 1.2770800590515137
32.0 1.277876853942871
32.2 1.2786705493927002
32.4 1.279461145401001
32.6 1.2802484035491943
32.8 1.2810325622558594
33.0 1.2818135023117065
33.2 1.2825912237167358
33.4 1.2833658456802368
33.6 1.2841371297836304
33.8 1.284905195236206
34.0 1.2856699228286743
34.2 1.2864315509796143
34.4 1.2871898412704468
34.6 1.2879449129104614
34.8 1.2886966466903687
35.0 1.289445161819458
35.2 1.29019033908844
35.4 1.290932297706604
35.6 1.2916709184646606
35.8 1.2924063205718994
36.0 1.2931382656097412
36.2 1.2938669919967651
36.4 1.2945923805236816
36.6 1.2953144311904907
36.8 1.296033263206482
37.0 1.2967486381530762
37.2 1.2974607944488525
37.4 1.298169493675232
37.6 1.298874855041504
37.8 1.299576997756958
38.0 1.3002756834030151
38.2 1.3009710311889648
38.4 1.3016631603240967
38.6 1.3023518323898315
38.8 1.303037166595459
39.0 1.3037190437316895
39.2 1.304397702217102
39.4 1.3050729036331177
39.6 1.3057447671890259
39.8 1.3064132928848267
40.0 1.30707848072052
40.2 1.307740330696106
40.4 1.308398723602295
40.6 1.3090537786483765
40.8 1.3097054958343506
41.0 1.3103538751602173
41.2 1.310998797416687
41.4 1.3116403818130493
41.6 1.3122786283493042
41.8 1.3129135370254517
42.0 1.3135451078414917
42.2 1.3141732215881348
42.4 1.3147979974746704
42.6 1.3154194355010986
42.8 1.3160375356674194
43.0 1.3166522979736328
43.2 1.3172636032104492
43.4 1.3178715705871582
43.6 1.3184763193130493
43.8 1.3190776109695435
44.0 1.3196755647659302
44.2 1.3202701807022095
44.4 1.3208613395690918
44.6 1.3214492797851562
44.8 1.3220338821411133
45.0 1.322615146636963
45.2 1.323193073272705
45.4 1.3237676620483398
45.6 1.3243387937545776
45.8 1.3249067068099976
46.0 1.3254714012145996
46.2 1.3260326385498047
46.4 1.3265905380249023
46.6 1.3271452188491821
46.8 1.3276965618133545
47.0 1.3282445669174194
47.2 1.3287893533706665
47.4 1.3293308019638062
47.6 1.3298689126968384
47.8 1.3304036855697632
48.0 1.3309352397918701
48.2 1.3314635753631592
48.4 1.3319885730743408
48.6 1.332510232925415
48.8 1.3330286741256714
49.0 1.3335438966751099
49.2 1.334055781364441
49.4 1.334564447402954
49.6 1.3350698947906494
49.8 1.3355721235275269
50.0 1.3360710144042969
50.2 1.336566686630249
50.4 1.3370591402053833
50.6 1.3375483751296997
50.8 1.3380343914031982
51.0 1.338517189025879
51.2 1.3389967679977417
51.4 1.3394731283187866
51.6 1.3399462699890137
51.8 1.3404161930084229
52.0 1.3408830165863037
52.2 1.3413466215133667
52.4 1.3418070077896118
52.6 1.3422642946243286
52.8 1.3427183628082275
53.0 1.3431692123413086
53.2 1.3436169624328613
53.4 1.3440616130828857
53.6 1.3445030450820923
53.8 1.3449413776397705
54.0 1.3453764915466309
54.2 1.3458086252212524
54.4 1.3462375402450562
54.6 1.3466633558273315
54.8 1.3470860719680786
55.0 1.3475055694580078
55.2 1.3479220867156982
55.4 1.3483355045318604
55.6 1.3487458229064941
55.8 1.3491530418395996
56.0 1.3495572805404663
56.2 1.3499584197998047
56.4 1.3503564596176147
56.6 1.3507513999938965
56.8 1.3511433601379395
57.0 1.3515323400497437
57.2 1.3519182205200195
57.4 1.352301001548767
57.6 1.3526808023452759
57.8 1.353057622909546
58.0 1.3534314632415771
58.2 1.3538023233413696
58.4 1.3541700839996338
58.6 1.3545348644256592
58.8 1.3548967838287354
59.0 1.3552556037902832
59.2 1.3556115627288818
59.4 1.3559645414352417
59.6 1.3563145399093628
59.8 1.3566615581512451
60.0 1.3570055961608887
60.2 1.357346773147583
60.4 1.3576850891113281
60.6 1.3580204248428345
60.8 1.3583528995513916
61.0 1.35868239402771
61.2 1.359009027481079
61.4 1.3593326807022095
61.6 1.3596535921096802
61.8 1.359971523284912
62.0 1.3602867126464844
62.2 1.3605989217758179
62.4 1.3609082698822021
62.6 1.3612148761749268
62.8 1.3615186214447021
63.0 1.3618195056915283
63.2 1.3621175289154053
63.4 1.362412691116333
63.6 1.362705111503601
63.8 1.3629947900772095
64.0 1.3632816076278687
64.2 1.3635655641555786
64.4 1.3638468980789185
64.6 1.364125370979309
64.8 1.36440110206604
65.0 1.3646739721298218
65.2 1.3649442195892334
65.4 1.3652116060256958
65.6 1.365476369857788
65.8 1.3657383918762207
66.0 1.3659976720809937
66.2 1.366254210472107
66.4 1.3665080070495605
66.6 1.366759181022644
66.8 1.3670076131820679
67.0 1.367253303527832
67.2 1.367496371269226
67.4 1.36773681640625
67.6 1.3679745197296143
67.8 1.3682096004486084
68.0 1.3684420585632324
68.2 1.3686718940734863
68.4 1.3688989877700806
68.6 1.3691235780715942
68.8 1.3693454265594482
69.0 1.3695647716522217
69.2 1.369781494140625
69.4 1.3699955940246582
69.6 1.3702070713043213
69.8 1.3704160451889038
70.0 1.3706223964691162
70.2 1.3708261251449585
70.4 1.3710273504257202
70.6 1.3712260723114014
70.8 1.3714221715927124
71.0 1.3716157674789429
71.2 1.3718067407608032
71.4 1.3719953298568726
71.6 1.3721812963485718
71.8 1.37236487865448
72.0 1.372545838356018
72.2 1.3727244138717651
72.4 1.372900366783142
72.6 1.373073935508728
72.8 1.3732450008392334
73.0 1.3734136819839478
73.2 1.3735798597335815
73.4 1.3737435340881348
73.6 1.373904824256897
73.8 1.3740636110305786
74.0 1.3742200136184692
74.2 1.3743740320205688
74.4 1.374525547027588
74.6 1.3746747970581055
74.8 1.3748215436935425
75.0 1.3749659061431885
75.2 1.3751078844070435
75.4 1.3752474784851074
75.6 1.37538480758667
75.8 1.3755196332931519
76.0 1.3756521940231323
76.2 1.3757823705673218
76.4 1.3759102821350098
76.6 1.3760358095169067
76.8 1.3761589527130127
77.0 1.3762798309326172
77.2 1.3763984441757202
77.4 1.3765146732330322
77.6 1.3766286373138428
77.8 1.3767403364181519
78.0 1.3768497705459595
78.2 1.3769569396972656
78.4 1.3770617246627808
78.6 1.377164363861084
78.8 1.3772647380828857
79.0 1.377362847328186
79.2 1.3774586915969849
79.4 1.3775523900985718
79.6 1.3776437044143677
79.8 1.3777329921722412
80.0 1.3778198957443237
80.2 1.3779047727584839
80.4 1.377987265586853
80.6 1.3780677318572998
80.8 1.3781459331512451
81.0 1.3782219886779785
81.2 1.3782958984375
81.4 1.37836754322052
81.6 1.3784371614456177
81.8 1.3785046339035034
82.0 1.3785698413848877
82.2 1.3786330223083496
82.4 1.3786940574645996
82.6 1.3787529468536377
82.8 1.3788098096847534
83.0 1.3788645267486572
83.2 1.3789170980453491
83.4 1.378967523574829
83.6 1.3790160417556763
83.8 1.3790624141693115
84.0 1.3791066408157349
84.2 1.3791488409042358
84.4 1.3791890144348145
84.6 1.3792271614074707
84.8 1.3792632818222046
85.0 1.3792972564697266
85.2 1.3793293237686157
85.4 1.379359245300293
85.6 1.3793872594833374
85.8 1.3794132471084595
86.0 1.3794372081756592
86.2 1.3794591426849365
86.4 1.379479169845581
86.6 1.3794971704483032
86.8 1.3795132637023926
87.0 1.3795273303985596
87.2 1.3795393705368042
87.4 1.379549503326416
87.6 1.379557728767395
87.8 1.3795640468597412
88.0 1.379568338394165
88.2 1.379570722579956
88.4 1.3795713186264038
88.6 1.3795698881149292
88.8 1.3795665502548218
89.0 1.3795613050460815
89.2 1.3795541524887085
89.4 1.3795450925827026
89.6 1.3795342445373535
89.8 1.3795214891433716
90.0 1.3795068264007568
90.2 1.3794903755187988
90.4 1.379472017288208
90.6 1.3794517517089844
90.8 1.3794296979904175
91.0 1.3794058561325073
91.2 1.3793801069259644
91.4 1.3793525695800781
91.6 1.3793232440948486
91.8 1.3792921304702759
92.0 1.3792591094970703
92.2 1.3792243003845215
92.4 1.379187822341919
92.6 1.3791494369506836
92.8 1.3791093826293945
93.0 1.3790674209594727
93.2 1.379023790359497
93.4 1.3789783716201782
93.6 1.3789311647415161
93.8 1.3788822889328003
94.0 1.3788316249847412
94.2 1.3787792921066284
94.4 1.3787251710891724
94.6 1.378669261932373
94.8 1.37861168384552
95.0 1.3785524368286133
95.2 1.3784915208816528
95.4 1.3784288167953491
95.6 1.3783644437789917
95.8 1.3782984018325806
96.0 1.3782306909561157
96.2 1.3781613111495972
96.4 1.378090262413025
96.6 1.378017544746399
96.8 1.3779431581497192
97.0 1.3778671026229858
97.2 1.3777893781661987
97.4 1.3777101039886475
97.6 1.3776291608810425
97.8 1.3775465488433838
98.0 1.377462387084961
98.2 1.3773765563964844
98.4 1.377289056777954
98.6 1.3772001266479492
98.8 1.3771095275878906
99.0 1.3770172595977783
99.2 1.3769234418869019
99.4 1.3768280744552612
99.6 1.3767311573028564
99.8 1.3766326904296875
100.0 1.3765325546264648
100.2 1.376430869102478
100.4 1.3763277530670166
100.6 1.3762229681015015
100.8 1.3761167526245117
101.0 1.3760089874267578
101.2 1.3758996725082397
101.4 1.3757888078689575
101.6 1.3756763935089111
101.8 1.3755625486373901
102.0 1.375447154045105
102.2 1.3753303289413452
102.4 1.3752119541168213
102.6 1.3750920295715332
102.8 1.3749706745147705
103.0 1.3748478889465332
103.2 1.3747235536575317
103.4 1.3745977878570557
103.6 1.374470591545105
103.8 1.3743419647216797
104.0 1.3742117881774902
104.2 1.3740801811218262
104.4 1.3739471435546875
104.6 1.3738127946853638
104.8 1.3736768960952759
105.0 1.3735395669937134
105.2 1.3734008073806763
105.4 1.373260736465454
105.6 1.3731192350387573
105.8 1.372976303100586
106.0 1.37283194065094
106.2 1.3726862668991089
106.4 1.3725390434265137
106.6 1.372390627861023
106.8 1.3722407817840576
107.0 1.3720895051956177
107.2 1.3719369173049927
107.4 1.371782898902893
107.6 1.371627688407898
107.8 1.3714709281921387
108.0 1.3713129758834839
108.2 1.3711535930633545
108.4 1.37099289894104
108.6 1.3708308935165405
108.8 1.370667576789856
109.0 1.3705029487609863
109.2 1.3703370094299316
109.4 1.370169758796692
109.6 1.3700010776519775
109.8 1.3698312044143677
110.0 1.3696601390838623
110.2 1.3694876432418823
110.4 1.3693138360977173
110.6 1.3691388368606567
110.8 1.3689625263214111
111.0 1.36878502368927
111.2 1.3686062097549438
111.4 1.3684260845184326
111.6 1.3682447671890259
111.8 1.368062138557434
112.0 1.3678783178329468
112.2 1.367693305015564
112.4 1.367506980895996
112.6 1.3673194646835327
112.8 1.3671306371688843
113.0 1.3669406175613403
113.2 1.3667495250701904
113.4 1.3665571212768555
113.6 1.3663634061813354
113.8 1.3661686182022095
114.0 1.365972638130188
114.2 1.365775465965271
114.4 1.365576982498169
114.6 1.365377426147461
114.8 1.3651766777038574
115.0 1.3649747371673584
115.2 1.3647717237472534
115.4 1.3645673990249634
115.6 1.3643620014190674
115.8 1.3641554117202759
116.0 1.3639477491378784
116.2 1.3637388944625854
116.4 1.363528847694397
116.6 1.3633177280426025
116.8 1.3631054162979126
117.0 1.3628920316696167
117.2 1.3626774549484253
117.4 1.3624619245529175
117.6 1.3622450828552246
117.8 1.3620272874832153
118.0 1.3618083000183105
118.2 1.3615882396697998
118.4 1.3613669872283936
118.6 1.361144781112671
118.8 1.3609213829040527
119.0 1.3606970310211182
119.2 1.360471487045288
119.4 1.360244870185852
119.6 1.36001718044281
119.8 1.3597885370254517
120.0 1.3595587015151978
120.2 1.3593279123306274
120.4 1.3590959310531616
120.6 1.3588629961013794
120.8 1.3586291074752808
121.0 1.3583940267562866
121.2 1.358157992362976
121.4 1.3579208850860596
121.6 1.357682704925537
121.8 1.3574435710906982
122.0 1.357203483581543
122.2 1.3569622039794922
122.4 1.3567200899124146
122.6 1.356476902961731
122.8 1.3562326431274414
123.0 1.3559874296188354
123.2 1.355741262435913
123.4 1.3554941415786743
123.6 1.3552459478378296
123.8 1.3549968004226685
124.0 1.3547465801239014
124.2 1.3544955253601074
124.4 1.3542433977127075
124.6 1.3539904356002808
124.8 1.353736400604248
125.0 1.353481411933899
125.2 1.3532254695892334
125.4 1.352968692779541
125.6 1.3527108430862427
125.8 1.352452039718628
126.0 1.3521924018859863
126.2 1.3519318103790283
126.4 1.3516701459884644
126.6 1.351407766342163
126.8 1.3511443138122559
127.0 1.3508800268173218
127.2 1.3506147861480713
127.4 1.3503485918045044
127.6 1.3500815629959106
127.8 1.3498135805130005
128.0 1.349544644355774
128.2 1.3492748737335205
128.4 1.3490042686462402
128.6 1.3487327098846436
128.8 1.34846031665802
129.0 1.34818696975708
129.2 1.3479127883911133
129.4 1.34763765335083
129.6 1.3473618030548096
129.8 1.3470849990844727
130.0 1.3468073606491089
130.2 1.3465287685394287
130.4 1.3462494611740112
130.6 1.3459692001342773
130.8 1.3456881046295166
131.0 1.345406174659729
131.2 1.3451234102249146
131.4 1.3448398113250732
131.6 1.344555377960205
131.8 1.34427011013031
132.0 1.3439840078353882
132.2 1.3436970710754395
132.4 1.3434094190597534
132.6 1.343120813369751
132.8 1.3428314924240112
133.0 1.3425413370132446
133.2 1.3422503471374512
133.4 1.3419585227966309
133.6 1.3416659832000732
133.8 1.3413726091384888
134.0 1.3410784006118774
134.2 1.3407834768295288
134.4 1.3404877185821533
134.6 1.3401912450790405
134.8 1.3398939371109009
135.0 1.3395957946777344
135.2 1.3392969369888306
135.4 1.3389973640441895
135.6 1.3386969566345215
135.8 1.3383958339691162
136.0 1.3380939960479736
136.2 1.3377913236618042
136.4 1.3374879360198975
136.6 1.3371837139129639
136.8 1.3368788957595825
137.0 1.3365732431411743
137.2 1.3362668752670288
137.4 1.3359596729278564
137.6 1.3356518745422363
137.8 1.335343360900879
138.0 1.3350340127944946
138.2 1.334723949432373
138.4 1.3344132900238037
138.6 1.3341017961502075
138.8 1.333789587020874
139.0 1.3334767818450928
139.2 1.3331631422042847
139.4 1.3328489065170288
139.6 1.3325339555740356
139.8 1.3322182893753052
140.0 1.3319019079208374
140.2 1.3315848112106323
140.4 1.33126699924469
140.6 1.3309485912322998
140.8 1.3306294679641724
141.0 1.3303097486495972
141.2 1.3299891948699951
141.4 1.3296680450439453
141.6 1.3293462991714478
141.8 1.329023838043213
142.0 1.3287006616592407
142.2 1.3283768892288208
142.4 1.3280524015426636
142.6 1.3277273178100586
142.8 1.3274015188217163
143.0 1.3270751237869263
143.2 1.326748013496399
143.4 1.3264203071594238
143.6 1.326092004776001
143.8 1.3257629871368408
144.0 1.325433373451233
144.2 1.3251031637191772
144.4 1.3247723579406738
144.6 1.324440836906433
144.8 1.3241087198257446
145.0 1.3237760066986084
145.2 1.3234426975250244
145.4 1.3231086730957031
145.6 1.322774052619934
145.8 1.3224389553070068
146.0 1.3221031427383423
146.2 1.32176673412323
146.4 1.32142972946167
146.6 1.3210922479629517
146.8 1.320754051208496
147.0 1.3204152584075928
147.2 1.3200758695602417
147.4 1.3197360038757324
147.6 1.3193954229354858
147.8 1.319054365158081
148.0 1.3187127113342285
148.2 1.3183704614639282
148.4 1.3180276155471802
148.6 1.3176841735839844
148.8 1.3173402547836304
149.0 1.3169957399368286
149.2 1.316650629043579
149.4 1.3163050413131714
149.6 1.315958857536316
149.8 1.3156120777130127
150.0 1.3152648210525513
150.2 1.314916968345642
150.4 1.3145685195922852
150.6 1.31421959400177
150.8 1.3138701915740967
151.0 1.313520073890686
151.2 1.3131695985794067
151.4 1.3128185272216797
151.6 1.3124668598175049
151.8 1.3121147155761719
152.0 1.3117620944976807
152.2 1.3114089965820312
152.4 1.311055302619934
152.6 1.3107010126113892
152.8 1.310346245765686
153.0 1.3099911212921143
153.2 1.3096352815628052
153.4 1.3092790842056274
153.6 1.308922290802002
153.8 1.3085650205612183
154.0 1.3082072734832764
154.2 1.3078490495681763
154.4 1.3074902296066284
154.6 1.307131052017212
154.8 1.3067712783813477
155.0 1.3064110279083252
155.2 1.306050419807434
155.4 1.3056892156600952
155.6 1.3053275346755981
155.8 1.3049653768539429
156.0 1.3046027421951294
156.2 1.3042396306991577
156.4 1.3038761615753174
156.6 1.3035120964050293
156.8 1.303147554397583
157.0 1.302782654762268
157.2 1.302417278289795
157.4 1.302051305770874
157.6 1.3016849756240845
157.8 1.3013182878494263
158.0 1.3009510040283203
158.2 1.3005833625793457
158.4 1.3002151250839233
158.6 1.2998466491699219
158.8 1.2994775772094727
159.0 1.2991081476211548
159.2 1.2987382411956787
159.4 1.2983678579330444
159.6 1.2979971170425415
159.8 1.2976258993148804
160.0 1.2972543239593506
160.2 1.2968822717666626
160.4 1.2965097427368164
160.6 1.2961368560791016
160.8 1.2957634925842285
161.0 1.2953897714614868
161.2 1.2950156927108765
161.4 1.294641137123108
161.6 1.2942661046981812
161.8 1.2938907146453857
162.0 1.2935149669647217
162.2 1.2931387424468994
162.4 1.2927621603012085
162.6 1.2923851013183594
162.8 1.2920076847076416
163.0 1.2916299104690552
163.2 1.2912517786026
163.4 1.2908731698989868
163.6 1.2904942035675049
163.8 1.2901147603988647
164.0 1.2897350788116455
164.2 1.289354920387268
164.4 1.288974404335022
164.6 1.2885935306549072
164.8 1.2882122993469238
165.0 1.2878305912017822
165.2 1.2874486446380615
165.4 1.2870662212371826
165.6 1.286683440208435
165.8 1.2863003015518188
166.0 1.285916805267334
166.2 1.2855329513549805
166.4 1.2851487398147583
166.6 1.2847641706466675
166.8 1.284379243850708
167.0 1.2839939594268799
167.2 1.283608317375183
167.4 1.2832223176956177
167.6 1.2828359603881836
167.8 1.2824492454528809
168.0 1.2820621728897095
168.2 1.281674861907959
168.4 1.2812870740890503
168.6 1.2808990478515625
168.8 1.280510663986206
169.0 1.280121922492981
169.2 1.2797328233718872
169.4 1.2793434858322144
169.6 1.2789536714553833
169.8 1.2785636186599731
170.0 1.2781732082366943
170.2 1.2777825593948364
170.4 1.2773915529251099
170.6 1.2770001888275146
170.8 1.2766084671020508
171.0 1.2762165069580078
171.2 1.2758241891860962
171.4 1.275431513786316
171.6 1.2750385999679565
171.8 1.2746453285217285
172.0 1.2742518186569214
172.2 1.2738579511642456
172.4 1.2734638452529907
172.6 1.2730693817138672
172.8 1.272674560546875
173.0 1.2722795009613037
173.2 1.2718840837478638
173.4 1.2714884281158447
173.6 1.2710925340652466
173.8 1.2706962823867798
174.0 1.2702997922897339
174.2 1.2699029445648193
174.4 1.2695058584213257
174.6 1.2691084146499634
174.8 1.268710732460022
175.0 1.2683128118515015
175.2 1.2679145336151123
175.4 1.267516016960144
175.6 1.2671172618865967
175.8 1.2667181491851807
176.0 1.2663187980651855
176.2 1.2659192085266113
176.4 1.2655192613601685
176.6 1.2651190757751465
176.8 1.264718770980835
177.0 1.2643179893493652
177.2 1.263917088508606
177.4 1.263515830039978
177.6 1.2631144523620605
177.8 1.2627127170562744
178.0 1.2623107433319092
178.2 1.2619084119796753
178.4 1.2615059614181519
178.6 1.2611032724380493
178.8 1.2607002258300781
179.0 1.2602969408035278
179.2 1.259893536567688
179.4 1.2594897747039795
179.6 1.259085774421692
179.8 1.2586815357208252
180.0 1.2582770586013794
180.2 1.2578723430633545
180.4 1.25746750831604
180.6 1.257062315940857
180.8 1.2566568851470947
181.0 1.2562512159347534
181.2 1.2558454275131226
181.4 1.255439281463623
181.6 1.2550328969955444
181.8 1.2546263933181763
182.0 1.254219651222229
182.2 1.253812551498413
182.4 1.2534053325653076
182.6 1.2529979944229126
182.8 1.252590298652649
183.0 1.2521823644638062
183.2 1.2517743110656738
183.4 1.2513660192489624
183.6 1.2509574890136719
183.8 1.2505487203598022
184.0 1.2501397132873535
184.2 1.2497305870056152
184.4 1.2493212223052979
184.6 1.248911738395691
184.8 1.2485018968582153
185.0 1.2480919361114502
185.2 1.247681736946106
185.4 1.2472714185714722
185.6 1.2468608617782593
185.8 1.2464500665664673
186.0 1.2460390329360962
186.2 1.2456278800964355
186.4 1.2452164888381958
186.6 1.2448049783706665
186.8 1.244393229484558
187.0 1.2439813613891602
187.2 1.243569254875183
187.4 1.243156909942627
187.6 1.2427444458007812
187.8 1.2423317432403564
188.0 1.241918921470642
188.2 1.2415058612823486
188.4 1.2410926818847656
188.6 1.2406792640686035
188.8 1.2402657270431519
189.0 1.2398520708084106
189.2 1.2394381761550903
189.4 1.239024043083191
189.6 1.238609790802002
189.8 1.2381954193115234
190.0 1.2377808094024658
190.2 1.2373660802841187
190.4 1.2369511127471924
190.6 1.2365360260009766
190.8 1.2361208200454712
191.0 1.2357053756713867
191.2 1.2352898120880127
191.4 1.2348740100860596
191.6 1.2344582080841064
191.8 1.2340421676635742
192.0 1.233625888824463
192.2 1.2332096099853516
192.4 1.2327930927276611
192.6 1.2323764562606812
192.8 1.231959581375122
193.0 1.231542706489563
193.2 1.2311255931854248
193.4 1.2307082414627075
193.6 1.2302908897399902
193.8 1.2298734188079834
194.0 1.2294557094573975
194.2 1.229037880897522
194.4 1.228619933128357
194.6 1.2282017469406128
194.8 1.2277835607528687
195.0 1.2273651361465454
195.2 1.2269467115402222
195.4 1.2265280485153198
195.6 1.226109266281128
195.8 1.2256903648376465
196.0 1.2252713441848755
196.2 1.2248520851135254
196.4 1.2244328260421753
196.6 1.2240134477615356
196.8 1.223593831062317
197.0 1.2231742143630981
197.2 1.2227543592453003
197.4 1.222334384918213
197.6 1.2219144105911255
197.8 1.221494197845459
198.0 1.2210739850997925
198.2 1.2206535339355469
198.4 1.2202330827713013
198.6 1.2198123931884766
198.8 1.2193917036056519
199.0 1.218970775604248
199.2 1.2185498476028442
199.4 1.2181288003921509
199.6 1.2177075147628784
199.8 1.217286229133606
200.0 1.216864824295044
200.2 1.2164433002471924
200.4 1.2160216569900513
200.6 1.2156000137329102
200.8 1.21517813205719
201.0 1.2147562503814697
201.2 1.21433424949646
201.4 1.213912010192871
201.6 1.2134898900985718
201.8 1.2130675315856934
202.0 1.2126450538635254
202.2 1.2122225761413574
202.4 1.2117999792099
202.6 1.2113772630691528
202.8 1.2109544277191162
203.0 1.2105315923690796
203.2 1.2101085186004639
203.4 1.2096854448318481
203.6 1.2092623710632324
203.8 1.2088390588760376
204.0 1.2084157466888428
204.2 1.2079923152923584
204.4 1.207568883895874
204.6 1.2071452140808105
204.8 1.206721544265747
205.0 1.2062978744506836
205.2 1.205873966217041
205.4 1.2054500579833984
205.6 1.2050261497497559
205.8 1.2046020030975342
206.0 1.2041778564453125
206.2 1.2037537097930908
206.4 1.2033294439315796
206.6 1.2029050588607788
206.8 1.2024805545806885
207.0 1.2020560503005981
207.2 1.2016315460205078
207.4 1.201206922531128
207.6 1.2007821798324585
207.8 1.200357437133789
208.0 1.19993257522583
208.2 1.1995075941085815
208.4 1.199082612991333
208.6 1.1986576318740845
208.8 1.1982325315475464
209.0 1.1978073120117188
209.2 1.1973820924758911
209.4 1.1969568729400635
209.6 1.1965315341949463
209.8 1.1961060762405396
210.0 1.1956806182861328
210.2 1.195255160331726
210.4 1.1948295831680298
210.6 1.194403886795044
210.8 1.193978190422058
211.0 1.1935524940490723
211.2 1.1931266784667969
211.4 1.1927008628845215
211.6 1.192275047302246
211.8 1.1918491125106812
212.0 1.1914231777191162
212.2 1.1909971237182617
212.4 1.1905710697174072
212.6 1.1901448965072632
212.8 1.1897187232971191
213.0 1.189292550086975
213.2 1.1888662576675415
213.4 1.188439965248108
213.6 1.1880136728286743
213.8 1.1875872611999512
214.0 1.1871609687805176
214.2 1.1867344379425049
214.4 1.1863080263137817
214.6 1.185881495475769
214.8 1.1854549646377563
215.0 1.185028314590454
215.2 1.1846016645431519
215.4 1.1841750144958496
215.6 1.1837483644485474
215.8 1.1833215951919556
216.0 1.1828948259353638
216.2 1.182468056678772
216.4 1.1820412874221802
216.6 1.1816143989562988
216.8 1.181187629699707
217.0 1.1807607412338257
217.2 1.1803337335586548
217.4 1.1799068450927734
217.6 1.1794798374176025
217.8 1.1790528297424316
218.0 1.1786258220672607
218.2 1.1781988143920898
218.4 1.177771806716919
218.6 1.1773446798324585
218.8 1.176917552947998
219.0 1.1764905452728271
219.2 1.1760632991790771
219.4 1.1756361722946167
219.6 1.1752090454101562
219.8 1.1747819185256958
220.0 1.1743546724319458
220.2 1.1739274263381958
220.4 1.1735002994537354
220.6 1.1730730533599854
220.8 1.1726458072662354
221.0 1.1722185611724854
221.2 1.1717911958694458
221.4 1.1713639497756958
221.6 1.1709367036819458
221.8 1.1705093383789062
222.0 1.1700820922851562
222.2 1.1696547269821167
222.4 1.1692274808883667
222.6 1.1688001155853271
222.8 1.1683728694915771
223.0 1.1679455041885376
223.2 1.167518138885498
223.4 1.167090892791748
223.6 1.1666635274887085
223.8 1.166236162185669
224.0 1.165808916091919
224.2 1.1653815507888794
224.4 1.1649541854858398
224.6 1.1645269393920898
224.8 1.1640995740890503
225.0 1.1636722087860107
225.2 1.1632449626922607
225.4 1.1628175973892212
225.6 1.1623903512954712
225.8 1.1619629859924316
226.0 1.1615357398986816
226.2 1.1611084938049316
226.4 1.160681128501892
226.6 1.160253882408142
226.8 1.159826636314392
227.0 1.159399390220642
227.2 1.158972144126892
227.4 1.1585450172424316
227.6 1.1581177711486816
227.8 1.1576905250549316
228.0 1.1572633981704712
228.2 1.1568362712860107
228.4 1.1564090251922607
228.6 1.1559818983078003
228.8 1.1555547714233398
229.0 1.155127763748169
229.2 1.1547006368637085
229.4 1.154273509979248
229.6 1.1538465023040771
229.8 1.1534194946289062
230.0 1.1529924869537354
230.2 1.1525654792785645
230.4 1.152138590812683
230.6 1.1517115831375122
230.8 1.1512846946716309
231.0 1.1508578062057495
231.2 1.1504309177398682
231.4 1.1500040292739868
231.6 1.149577260017395
231.8 1.1491504907608032
232.0 1.1487237215042114
232.2 1.1482969522476196
232.4 1.1478703022003174
232.6 1.1474435329437256
232.8 1.1470168828964233
233.0 1.1465903520584106
233.2 1.1461637020111084
233.4 1.1457371711730957
233.6 1.145310640335083
233.8 1.1448841094970703
234.0 1.1444576978683472
234.2 1.1440311670303345
234.4 1.1436048746109009
234.6 1.1431784629821777
234.8 1.1427521705627441
235.0 1.1423258781433105
235.2 1.141899585723877
235.4 1.141473412513733
235.6 1.1410472393035889
235.8 1.1406210660934448
236.0 1.1401948928833008
236.2 1.1397688388824463
236.4 1.1393427848815918
236.6 1.1389168500900269
236.8 1.138490915298462
237.0 1.138064980506897
237.2 1.1376391649246216
237.4 1.1372133493423462
237.6 1.1367875337600708
237.8 1.136361837387085
238.0 1.1359361410140991
238.2 1.1355104446411133
238.4 1.135084867477417
238.6 1.1346592903137207
238.8 1.134233832359314
239.0 1.1338083744049072
239.2 1.1333829164505005
239.4 1.1329575777053833
239.6 1.1325322389602661
239.8 1.1321070194244385
240.0 1.1316817998886108
240.2 1.1312565803527832
240.4 1.1308314800262451
240.6 1.130406379699707
240.8 1.1299813985824585
241.0 1.12955641746521
241.2 1.129131555557251
241.4 1.128706693649292
241.6 1.128281831741333
241.8 1.1278570890426636
242.0 1.1274324655532837
242.2 1.1270078420639038
242.4 1.126583218574524
242.6 1.1261587142944336
242.8 1.1257342100143433
243.0 1.1253098249435425
243.2 1.1248854398727417
243.4 1.1244611740112305
243.6 1.1240369081497192
243.8 1.1236127614974976
244.0 1.1231886148452759
244.2 1.1227645874023438
244.4 1.1223405599594116
244.6 1.121916651725769
244.8 1.1214927434921265
245.0 1.1210689544677734
245.2 1.1206451654434204
245.4 1.120221495628357
245.6 1.1197978258132935
245.8 1.1193742752075195
246.0 1.1189508438110352
246.2 1.1185274124145508
246.4 1.1181039810180664
246.6 1.1176806688308716
246.8 1.1172574758529663
247.0 1.116834282875061
247.2 1.1164112091064453
247.4 1.1159881353378296
247.6 1.1155651807785034
247.8 1.1151423454284668
248.0 1.1147195100784302
248.2 1.114296793937683
248.4 1.113874077796936
248.6 1.1134514808654785
248.8 1.113028883934021
249.0 1.112606406211853
249.2 1.1121840476989746
249.4 1.1117616891860962
249.6 1.1113394498825073
249.8 1.1109172105789185
250.0 1.1104950904846191
250.2 1.1100730895996094
250.4 1.1096510887145996
250.6 1.1092292070388794
250.8 1.1088074445724487
251.0 1.108385682106018
251.2 1.107964038848877
251.4 1.1075423955917358
251.6 1.1071208715438843
251.8 1.1066994667053223
252.0 1.1062781810760498
252.2 1.1058568954467773
252.4 1.1054357290267944
252.6 1.1050145626068115
252.8 1.1045935153961182
253.0 1.1041725873947144
253.2 1.1037516593933105
253.4 1.1033308506011963
253.6 1.1029101610183716
253.8 1.1024894714355469
254.0 1.1020690202713013
254.2 1.1016484498977661
254.4 1.10122811794281
254.6 1.100807785987854
254.8 1.1003875732421875
255.0 1.0999674797058105
255.2 1.0995473861694336
255.4 1.0991274118423462
255.6 1.0987075567245483
255.8 1.0982877016067505
256.0 1.0978679656982422
256.2 1.0974483489990234
256.4 1.0970288515090942
256.6 1.096609354019165
256.8 1.0961899757385254
257.0 1.0957707166671753
257.2 1.0953515768051147
257.4 1.0949324369430542
257.6 1.0945134162902832
257.8 1.0940945148468018
258.0 1.0936757326126099
258.2 1.093256950378418
258.4 1.0928382873535156
258.6 1.0924197435379028
258.8 1.09200119972229
259.0 1.0915828943252563
259.2 1.0911645889282227
259.4 1.0907464027404785
259.6 1.0903282165527344
259.8 1.0899102687835693
260.0 1.0894923210144043
260.2 1.0890744924545288
260.4 1.0886567831039429
260.6 1.088239073753357
260.8 1.08782160282135
261.0 1.0874041318893433
261.2 1.086986780166626
261.4 1.0865695476531982
261.6 1.0861523151397705
261.8 1.0857352018356323
262.0 1.0853183269500732
262.2 1.0849014520645142
262.4 1.084484577178955
262.6 1.084067940711975
262.8 1.0836514234542847
263.0 1.0832349061965942
263.2 1.0828185081481934
263.4 1.082402229309082
263.6 1.0819860696792603
263.8 1.0815699100494385
264.0 1.0811539888381958
264.2 1.0807380676269531
264.4 1.080322265625
264.6 1.0799065828323364
264.8 1.0794910192489624
265.0 1.0790754556655884
265.2 1.0786601305007935
265.4 1.0782448053359985
265.6 1.0778297185897827
265.8 1.077414631843567
266.0 1.0769996643066406
266.2 1.0765846967697144
266.4 1.0761699676513672
266.6 1.0757553577423096
266.8 1.075340747833252
267.0 1.0749262571334839
267.2 1.074512004852295
267.4 1.074097752571106
267.6 1.0736836194992065
267.8 1.0732696056365967
268.0 1.0728555917739868
268.2 1.072441816329956
268.4 1.0720280408859253
268.6 1.0716145038604736
268.8 1.071200966835022
269.0 1.0707875490188599
269.2 1.0703743696212769
269.4 1.0699611902236938
269.6 1.0695481300354004
269.8 1.069135069847107
270.0 1.0687222480773926
270.2 1.0683095455169678
270.4 1.067896842956543
270.6 1.0674843788146973
270.8 1.0670719146728516
271.0 1.066659688949585
271.2 1.0662474632263184
271.4 1.0658353567123413
271.6 1.0654233694076538
271.8 1.0650116205215454
272.0 1.064599871635437
272.2 1.0641882419586182
272.4 1.0637767314910889
272.6 1.0633652210235596
272.8 1.0629539489746094
273.0 1.0625427961349487
273.2 1.0621317625045776
273.4 1.0617207288742065
273.6 1.0613099336624146
273.8 1.060899257659912
274.0 1.0604885816574097
274.2 1.0600781440734863
274.4 1.059667706489563
274.6 1.0592573881149292
274.8 1.0588473081588745
275.0 1.0584372282028198
275.2 1.0580273866653442
275.4 1.0576175451278687
275.6 1.0572078227996826
275.8 1.0567982196807861
276.0 1.0563888549804688
276.2 1.0559794902801514
276.4 1.0555702447891235
276.6 1.0551611185073853
276.8 1.054752230644226
277.0 1.054343342781067
277.2 1.0539345741271973
277.4 1.0535259246826172
277.6 1.0531173944473267
277.8 1.0527091026306152
278.0 1.0523008108139038
278.2 1.051892638206482
278.4 1.0514845848083496
278.6 1.0510766506195068
278.8 1.0506688356399536
279.0 1.0502612590789795
279.2 1.0498536825180054
279.4 1.0494462251663208
279.6 1.0490388870239258
279.8 1.0486317873001099
280.0 1.048224687576294
280.2 1.0478177070617676
280.4 1.0474109649658203
280.6 1.047004222869873
280.8 1.0465977191925049
281.0 1.0461912155151367
281.2 1.045784831047058
281.4 1.0453786849975586
281.6 1.044972538948059
281.8 1.0445666313171387
282.0 1.0441608428955078
282.2 1.043755054473877
282.4 1.0433495044708252
282.6 1.042944073677063
282.8 1.0425387620925903
283.0 1.0421334505081177
283.2 1.0417283773422241
283.4 1.0413234233856201
283.6 1.0409185886383057
283.8 1.0405138731002808
284.0 1.040109395980835
284.2 1.0397049188613892
284.4 1.039300560951233
284.6 1.0388963222503662
284.8 1.0384923219680786
285.0 1.038088321685791
285.2 1.0376845598220825
285.4 1.037280797958374
285.6 1.0368772745132446
285.8 1.0364738702774048
286.0 1.036070466041565
286.2 1.0356673002243042
286.4 1.035264253616333
286.6 1.0348613262176514
286.8 1.0344585180282593
287.0 1.0340558290481567
287.2 1.0336533784866333
287.4 1.0332509279251099
287.6 1.0328487157821655
287.8 1.0324465036392212
288.0 1.032044529914856
288.2 1.0316425561904907
288.4 1.0312408208847046
288.6 1.030839204788208
288.8 1.030437707901001
289.0 1.0300363302230835
289.2 1.0296351909637451
289.4 1.0292340517044067
289.6 1.028833031654358
289.8 1.0284322500228882
290.0 1.0280314683914185
290.2 1.0276309251785278
290.4 1.0272305011749268
290.6 1.0268301963806152
290.8 1.0264300107955933
291.0 1.0260299444198608
291.2 1.025629997253418
291.4 1.0252302885055542
291.6 1.0248305797576904
291.8 1.0244311094284058
292.0 1.0240317583084106
292.2 1.023632526397705
292.4 1.023233413696289
292.6 1.0228344202041626
292.8 1.0224355459213257
293.0 1.0220369100570679
293.2 1.02163827419281
293.4 1.0212398767471313
293.6 1.0208415985107422
293.8 1.020443320274353
294.0 1.0200453996658325
294.2 1.019647479057312
294.4 1.019249677658081
294.6 1.0188521146774292
294.8 1.0184545516967773
295.0 1.0180572271347046
295.2 1.0176600217819214
295.4 1.0172629356384277
295.6 1.0168659687042236
295.8 1.016469120979309
296.0 1.0160725116729736
296.2 1.0156759023666382
296.4 1.0152795314788818
296.6 1.014883279800415
296.8 1.0144871473312378
297.0 1.0140912532806396
297.2 1.0136953592300415
297.4 1.013299584388733
297.6 1.0129040479660034
297.8 1.0125086307525635
298.0 1.012113332748413
298.2 1.0117181539535522
298.4 1.0113232135772705
298.6 1.0109282732009888
298.8 1.0105335712432861
299.0 1.010138988494873
299.2 1.0097445249557495
299.4 1.0093501806259155
299.6 1.008955955505371
299.8 1.0085619688034058
300.0 1.00816810131073
300.2 1.0077742338180542
300.4 1.0073806047439575
300.6 1.00698721408844
300.8 1.0065938234329224
301.0 1.0062006711959839
301.2 1.0058075189590454
301.4 1.005414605140686
301.6 1.0050219297409058
301.8 1.0046292543411255
302.0 1.0042366981506348
302.2 1.0038443803787231
302.4 1.003452181816101
302.6 1.0030601024627686
302.8 1.0026681423187256
303.0 1.0022764205932617
303.2 1.0018846988677979
303.4 1.001493215560913
303.6 1.0011018514633179
303.8 1.0007106065750122
304.0 1.0003196001052856
304.2 0.9999286532402039
304.4 0.9995378255844116
304.6 0.9991471767425537
304.8 0.9987566471099854
305.0 0.9983662962913513
305.2 0.9979760646820068
305.4 0.9975860118865967
305.6 0.9971960783004761
305.8 0.996806263923645
306.0 0.9964166283607483
306.2 0.9960271120071411
306.4 0.9956377744674683
306.6 0.995248556137085
306.8 0.9948594570159912
307.0 0.9944705367088318
307.2 0.9940817356109619
307.4 0.9936931133270264
307.6 0.9933046102523804
307.8 0.9929162859916687
308.0 0.9925280809402466
308.2 0.992139995098114
308.4 0.9917520880699158
308.6 0.9913643002510071
308.8 0.9909766912460327
309.0 0.9905892014503479
309.2 0.9902018904685974
309.4 0.9898146986961365
309.6 0.9894276261329651
309.8 0.989040732383728
310.0 0.9886540174484253
310.2 0.9882673621177673
310.4 0.9878809452056885
310.6 0.9874945878982544
310.8 0.9871084690093994
311.0 0.9867224097251892
311.2 0.9863365292549133
311.4 0.9859508275985718
311.6 0.9855652451515198
311.8 0.9851797819137573
312.0 0.9847944974899292
312.2 0.9844093918800354
312.4 0.9840243458747864
312.6 0.9836395382881165
312.8 0.9832547903060913
313.0 0.9828702807426453
313.2 0.982485830783844
313.4 0.9821016192436218
313.6 0.9817174673080444
313.8 0.9813334941864014
314.0 0.9809496998786926
314.2 0.9805660247802734
314.4 0.9801825284957886
314.6 0.9797991514205933
314.8 0.9794158935546875
315.0 0.9790328145027161
315.2 0.978649914264679
315.4 0.9782671332359314
315.6 0.9778845310211182
315.8 0.9775020480155945
316.0 0.9771196842193604
316.2 0.9767374992370605
316.4 0.9763554930686951
316.6 0.9759736061096191
316.8 0.9755918383598328
317.0 0.9752102494239807
317.2 0.9748287796974182
317.4 0.97444748878479
317.6 0.9740663766860962
317.8 0.9736853837966919
318.0 0.9733045101165771
318.2 0.9729238152503967
318.4 0.9725432991981506
318.6 0.9721629023551941
318.8 0.9717826843261719
319.0 0.9714025855064392
319.2 0.9710226058959961
319.4 0.9706428050994873
319.6 0.9702631831169128
319.8 0.9698836803436279
320.0 0.9695043563842773
320.2 0.9691251516342163
320.4 0.9687460660934448
320.6 0.9683672189712524
320.8 0.9679884314537048
321.0 0.9676098823547363
321.2 0.9672313928604126
321.4 0.966853141784668
321.6 0.9664750099182129
321.8 0.9660969972610474
322.0 0.9657191634178162
322.2 0.9653414487838745
322.4 0.9649639129638672
322.6 0.9645865559577942
322.8 0.9642093181610107
323.0 0.9638321995735168
323.2 0.963455319404602
323.4 0.963078498840332
323.6 0.9627018570899963
323.8 0.962325394153595
324.0 0.9619490504264832
324.2 0.9615728855133057
324.4 0.9611968994140625
324.6 0.9608210325241089
324.8 0.9604452848434448
325.0 0.9600697159767151
325.2 0.9596943259239197
325.4 0.9593190550804138
325.6 0.9589439034461975
325.8 0.9585689902305603
326.0 0.9581941366195679
326.2 0.9578195214271545
326.4 0.9574450254440308
326.6 0.9570706486701965
326.8 0.9566964507102966
327.0 0.956322431564331
327.2 0.955948531627655
327.4 0.9555747509002686
327.6 0.9552012085914612
327.8 0.9548277258872986
328.0 0.9544544816017151
328.2 0.9540813565254211
328.4 0.9537083506584167
328.6 0.9533355236053467
328.8 0.9529628753662109
329.0 0.9525903463363647
329.2 0.9522179961204529
329.4 0.9518457651138306
329.6 0.9514737129211426
329.8 0.9511017799377441
330.0 0.95073002576828
330.2 0.9503584504127502
330.4 0.94998699426651
330.6 0.9496157169342041
330.8 0.9492445588111877
331.0 0.9488735795021057
331.2 0.9485027194023132
331.4 0.9481320381164551
331.6 0.9477615356445312
331.8 0.947391152381897
332.0 0.947020947933197
332.2 0.9466508626937866
332.4 0.9462809562683105
332.6 0.9459112286567688
332.8 0.9455416202545166
333.0 0.9451721906661987
333.2 0.9448028802871704
333.4 0.9444337487220764
333.6 0.944064736366272
333.8 0.9436959028244019
334.0 0.9433272480964661
334.2 0.9429587125778198
334.4 0.9425903558731079
334.6 0.9422221183776855
334.8 0.9418540596961975
335.0 0.9414861798286438
335.2 0.9411184191703796
335.4 0.940750777721405
335.6 0.9403833746910095
335.8 0.9400160908699036
336.0 0.9396489262580872
336.2 0.9392819404602051
336.4 0.9389151334762573
336.6 0.9385484457015991
336.8 0.9381819367408752
337.0 0.9378155469894409
337.2 0.9374493360519409
337.4 0.9370833039283752
337.6 0.9367173910140991
337.8 0.9363516569137573
338.0 0.9359861016273499
338.2 0.9356206655502319
338.4 0.9352553486824036
338.6 0.9348902702331543
338.8 0.9345252513885498
339.0 0.9341604709625244
339.2 0.9337958097457886
339.4 0.9334313273429871
339.6 0.9330669641494751
339.8 0.9327027797698975
340.0 0.9323387145996094
340.2 0.9319748282432556
340.4 0.9316111207008362
340.6 0.9312475323677063
340.8 0.9308841228485107
341.0 0.9305208325386047
341.2 0.9301577210426331
341.4 0.9297947883605957
341.6 0.9294319748878479
341.8 0.9290693402290344
342.0 0.9287068843841553
342.2 0.9283445477485657
342.4 0.9279823899269104
342.6 0.9276203513145447
342.8 0.9272584915161133
343.0 0.9268967509269714
343.2 0.9265352487564087
343.4 0.9261738061904907
343.6 0.9258126020431519
343.8 0.9254515171051025
344.0 0.9250905513763428
344.2 0.9247297644615173
344.4 0.9243691563606262
344.6 0.9240087270736694
344.8 0.9236484169960022
345.0 0.9232882261276245
345.2 0.9229282736778259
345.4 0.9225684404373169
345.6 0.9222087264060974
345.8 0.9218491911888123
346.0 0.9214898347854614
346.2 0.9211305975914001
346.4 0.9207715392112732
346.6 0.9204126596450806
346.8 0.9200538992881775
347.0 0.9196953177452087
347.2 0.9193368554115295
347.4 0.9189785718917847
347.6 0.9186204671859741
347.8 0.9182624816894531
348.0 0.9179046750068665
348.2 0.9175469875335693
348.4 0.9171894788742065
348.6 0.9168321490287781
348.8 0.9164749979972839
349.0 0.9161179661750793
349.2 0.9157610535621643
349.4 0.9154043197631836
349.6 0.9150477647781372
349.8 0.9146913886070251
350.0 0.9143351316452026
350.2 0.9139789938926697
350.4 0.9136230945587158
350.6 0.9132672548294067
350.8 0.9129116535186768
351.0 0.9125561714172363
351.2 0.9122008681297302
351.4 0.9118456840515137
351.6 0.9114906787872314
351.8 0.9111358523368835
352.0 0.9107811450958252
352.2 0.9104266166687012
352.4 0.9100722670555115
352.6 0.9097180366516113
352.8 0.9093639254570007
353.0 0.9090100526809692
353.2 0.9086562991142273
353.4 0.9083026647567749
353.6 0.9079492688179016
353.8 0.9075959324836731
354.0 0.9072428345680237
354.2 0.9068898558616638
354.4 0.9065370559692383
354.6 0.9061843752861023
354.8 0.9058318734169006
355.0 0.9054794907569885
355.2 0.9051273465156555
355.4 0.9047752618789673
355.6 0.9044234156608582
355.8 0.9040716886520386
356.0 0.9037201404571533
356.2 0.9033687114715576
356.4 0.9030174612998962
356.6 0.9026663303375244
356.8 0.9023153781890869
357.0 0.9019646048545837
357.2 0.9016140103340149
357.4 0.9012635350227356
357.6 0.9009131789207458
357.8 0.9005630612373352
358.0 0.9002130031585693
358.2 0.8998631834983826
358.4 0.8995134830474854
358.6 0.8991639614105225
358.8 0.8988145589828491
359.0 0.8984653353691101
359.2 0.8981162905693054
359.4 0.8977673649787903
359.6 0.8974186182022095
359.8 0.8970699906349182
360.0 0.896721601486206
360.2 0.8963732719421387
360.4 0.8960251808166504
360.6 0.8956772089004517
360.8 0.8953293561935425
361.0 0.8949816823005676
361.2 0.8946341872215271
361.4 0.8942868709564209
361.6 0.8939396739006042
361.8 0.8935925960540771
362.0 0.8932457566261292
362.2 0.8928990364074707
362.4 0.8925524353981018
362.6 0.8922060132026672
362.8 0.891859769821167
363.0 0.8915137052536011
363.2 0.8911677598953247
363.4 0.8908219337463379
363.6 0.8904762864112854
363.8 0.8901308178901672
364.0 0.8897855281829834
364.2 0.8894403576850891
364.4 0.8890953660011292
364.6 0.8887504935264587
364.8 0.8884057998657227
365.0 0.8880612850189209
365.2 0.8877168893814087
365.4 0.8873726725578308
365.6 0.8870285749435425
365.8 0.8866846561431885
366.0 0.8863409161567688
366.2 0.8859972953796387
366.4 0.8856538534164429
366.6 0.8853105902671814
366.8 0.8849674463272095
367.0 0.8846244812011719
367.2 0.8842816352844238
367.4 0.8839389681816101
367.6 0.8835964798927307
367.8 0.8832541108131409
368.0 0.8829119205474854
368.2 0.8825698494911194
368.4 0.8822279572486877
368.6 0.8818862438201904
368.8 0.8815446496009827
369.0 0.8812032341957092
369.2 0.8808619976043701
369.4 0.8805208802223206
369.6 0.8801798820495605
369.8 0.8798391222953796
370.0 0.8794984817504883
370.2 0.8791579604148865
370.4 0.8788176774978638
370.6 0.8784774541854858
370.8 0.878137469291687
371.0 0.8777976036071777
371.2 0.877457857131958
371.4 0.8771183490753174
371.6 0.8767789602279663
371.8 0.8764396905899048
372.0 0.8761005997657776
372.2 0.8757616877555847
372.4 0.8754228949546814
372.6 0.8750842809677124
372.8 0.8747458457946777
373.0 0.8744075298309326
373.2 0.874069333076477
373.4 0.8737313747406006
373.6 0.8733935356140137
373.8 0.8730558156967163
374.0 0.8727182745933533
374.2 0.8723809123039246
374.4 0.8720437288284302
374.6 0.8717066645622253
374.8 0.8713697195053101
375.0 0.8710329532623291
375.2 0.8706963658332825
375.4 0.8703599572181702
375.6 0.8700236678123474
375.8 0.8696874976158142
376.0 0.8693515062332153
376.2 0.8690156936645508
376.4 0.8686800599098206
376.6 0.8683445453643799
376.8 0.8680091500282288
377.0 0.867673933506012
377.2 0.8673388957977295
377.4 0.8670040369033813
377.6 0.8666692972183228
377.8 0.8663346767425537
378.0 0.866000235080719
378.2 0.8656659722328186
378.4 0.8653318881988525
378.6 0.864997923374176
378.8 0.8646640777587891
379.0 0.8643304109573364
379.2 0.8639969229698181
379.4 0.8636636137962341
379.6 0.8633303642272949
379.8 0.8629973530769348
380.0 0.8626644611358643
380.2 0.862331748008728
380.4 0.8619991540908813
380.6 0.861666738986969
380.8 0.861334502696991
381.0 0.8610023856163025
381.2 0.8606704473495483
381.4 0.8603386282920837
381.6 0.8600069880485535
381.8 0.8596754670143127
382.0 0.8593441247940063
382.2 0.8590129613876343
382.4 0.8586819171905518
382.6 0.8583510518074036
382.8 0.8580203652381897
383.0 0.8576897978782654
383.2 0.8573593497276306
383.4 0.8570290803909302
383.6 0.8566989898681641
383.8 0.8563690781593323
384.0 0.85603928565979
384.2 0.8557096123695374
384.4 0.855380117893219
384.6 0.855050802230835
384.8 0.8547216057777405
385.0 0.8543925881385803
385.2 0.8540637493133545
385.4 0.8537350296974182
385.6 0.8534064292907715
385.8 0.8530780076980591
386.0 0.852749764919281
386.2 0.8524216413497925
386.4 0.8520936965942383
386.6 0.8517659306526184
386.8 0.8514382839202881
387.0 0.8511108160018921
387.2 0.8507834672927856
387.4 0.8504562973976135
387.6 0.850129246711731
387.8 0.8498023748397827
388.0 0.8494756817817688
388.2 0.8491491079330444
388.4 0.8488226532936096
388.6 0.8484964370727539
388.8 0.848170280456543
389.0 0.8478443622589111
389.2 0.8475185632705688
389.4 0.8471928834915161
389.6 0.8468673825263977
389.8 0.8465420603752136
390.0 0.8462168574333191
390.2 0.8458918333053589
390.4 0.845566987991333
390.6 0.8452422022819519
390.8 0.8449176549911499
391.0 0.8445932269096375
391.2 0.8442689776420593
391.4 0.8439448475837708
391.6 0.8436208963394165
391.8 0.8432970643043518
392.0 0.8429734110832214
392.2 0.8426498770713806
392.4 0.8423265218734741
392.6 0.842003345489502
392.8 0.8416802883148193
393.0 0.841357409954071
393.2 0.8410346508026123
393.4 0.8407120704650879
393.6 0.840389609336853
393.8 0.8400673270225525
394.0 0.8397452235221863
394.2 0.8394232392311096
394.4 0.8391013741493225
394.6 0.8387796878814697
394.8 0.8384581804275513
395.0 0.8381367921829224
395.2 0.8378155827522278
395.4 0.8374944925308228
395.6 0.837173581123352
395.8 0.8368528485298157
396.0 0.8365322351455688
396.2 0.8362117409706116
396.4 0.8358914256095886
396.6 0.8355712890625
396.8 0.8352512717247009
397.0 0.8349314332008362
397.2 0.834611713886261
397.4 0.8342921733856201
397.6 0.8339728116989136
397.8 0.8336535096168518
398.0 0.8333344459533691
398.2 0.833015501499176
398.4 0.8326966762542725
398.6 0.832378089427948
398.8 0.8320595622062683
399.0 0.831741213798523
399.2 0.8314230442047119
399.4 0.8311049938201904
399.6 0.8307871222496033
399.8 0.8304693698883057
400.0 0.8301517963409424
400.2 0.8298344016075134
400.4 0.829517126083374
400.6 0.8291999697685242
400.8 0.8288829922676086
401.0 0.8285661935806274
401.2 0.8282495141029358
401.4 0.8279329538345337
401.6 0.8276165723800659
401.8 0.8273003697395325
402.0 0.8269842863082886
402.2 0.826668381690979
402.4 0.826352596282959
402.6 0.8260369896888733
402.8 0.8257215023040771
403.0 0.8254061937332153
403.2 0.8250910043716431
403.4 0.8247759938240051
403.6 0.8244611024856567
403.8 0.8241463899612427
404.0 0.8238318562507629
404.2 0.8235174417495728
404.4 0.8232031464576721
404.6 0.8228890299797058
404.8 0.8225750923156738
405.0 0.8222612738609314
405.2 0.8219475746154785
405.4 0.82163405418396
405.6 0.8213207125663757
405.8 0.821007490158081
406.0 0.8206944465637207
406.2 0.8203815221786499
406.4 0.8200687170028687
406.6 0.8197560906410217
406.8 0.8194436430931091
407.0 0.8191313147544861
407.2 0.8188191652297974
407.4 0.8185071349143982
407.6 0.8181952834129333
407.8 0.8178835511207581
408.0 0.8175719976425171
408.2 0.8172605633735657
408.4 0.8169493079185486
408.6 0.816638171672821
408.8 0.8163271546363831
409.0 0.8160163760185242
409.2 0.8157056570053101
409.4 0.815395176410675
409.6 0.8150847554206848
409.8 0.8147745728492737
410.0 0.8144644498825073
410.2 0.8141545057296753
410.4 0.8138447403907776
410.6 0.8135350942611694
410.8 0.8132256269454956
411.0 0.8129162788391113
411.2 0.8126071095466614
411.4 0.812298059463501
411.6 0.8119891881942749
411.8 0.8116804361343384
412.0 0.8113718628883362
412.2 0.8110634088516235
412.4 0.8107550740242004
412.6 0.8104469776153564
412.8 0.8101389408111572
413.0 0.8098310828208923
413.2 0.8095234036445618
413.4 0.8092158436775208
413.6 0.8089084625244141
413.8 0.8086012005805969
414.0 0.8082940578460693
414.2 0.8079870939254761
414.4 0.8076803088188171
414.6 0.8073736429214478
414.8 0.8070670962333679
415.0 0.8067607283592224
415.2 0.8064544796943665
415.4 0.8061484098434448
415.6 0.8058424592018127
415.8 0.805536687374115
416.0 0.8052310943603516
416.2 0.8049255609512329
416.4 0.8046202659606934
416.6 0.8043150305747986
416.8 0.8040100336074829
417.0 0.803705096244812
417.2 0.8034003376960754
417.4 0.8030957579612732
417.6 0.8027912974357605
417.8 0.8024869561195374
418.0 0.8021827936172485
418.2 0.801878809928894
418.4 0.8015749454498291
418.6 0.8012712001800537
418.8 0.8009676337242126
419.0 0.8006641864776611
419.2 0.800360918045044
419.4 0.8000577688217163
419.6 0.799754798412323
419.8 0.7994519472122192
420.0 0.7991492748260498
420.2 0.7988467216491699
420.4 0.7985442876815796
420.6 0.7982420325279236
420.8 0.7979399561882019
421.0 0.7976379990577698
421.2 0.7973361611366272
421.4 0.797034502029419
421.6 0.7967329621315002
421.8 0.7964316010475159
422.0 0.796130359172821
422.2 0.7958292365074158
422.4 0.7955282926559448
422.6 0.7952275276184082
422.8 0.7949268817901611
423.0 0.7946263551712036
423.2 0.7943260073661804
423.4 0.7940257787704468
423.6 0.7937257289886475
423.8 0.7934257984161377
424.0 0.7931259870529175
424.2 0.7928263545036316
424.4 0.79252690076828
424.6 0.792227566242218
424.8 0.7919283509254456
425.0 0.7916293144226074
425.2 0.7913303971290588
425.4 0.7910315990447998
425.6 0.7907329797744751
425.8 0.7904345393180847
426.0 0.7901362180709839
426.2 0.7898380160331726
426.4 0.7895399928092957
426.6 0.7892420887947083
426.8 0.7889443635940552
427.0 0.7886467576026917
427.2 0.7883492708206177
427.4 0.788051962852478
427.6 0.7877547740936279
427.8 0.7874577641487122
428.0 0.7871608734130859
428.2 0.786864161491394
428.4 0.7865675687789917
428.6 0.7862710952758789
428.8 0.7859748005867004
429.0 0.7856786251068115
429.2 0.7853826284408569
429.4 0.7850867509841919
429.6 0.7847909927368164
429.8 0.7844954133033752
430.0 0.7842000126838684
430.2 0.7839046716690063
430.4 0.7836095094680786
430.6 0.7833145260810852
430.8 0.7830196619033813
431.0 0.782724916934967
431.2 0.7824303507804871
431.4 0.7821359038352966
431.6 0.7818416357040405
431.8 0.781547486782074
432.0 0.781253457069397
432.2 0.7809596061706543
432.4 0.7806658744812012
432.6 0.7803723216056824
432.8 0.7800788879394531
433.0 0.7797855734825134
433.2 0.7794924378395081
433.4 0.7791994214057922
433.6 0.7789065837860107
433.8 0.778613805770874
434.0 0.7783212661743164
434.2 0.7780288457870483
434.4 0.7777365446090698
434.6 0.7774443626403809
434.8 0.7771523594856262
435.0 0.7768604755401611
435.2 0.7765687704086304
435.4 0.7762771844863892
435.6 0.7759857773780823
435.8 0.7756944894790649
436.0 0.7754033207893372
436.2 0.7751122713088989
436.4 0.774821400642395
436.6 0.7745307087898254
436.8 0.7742400765419006
437.0 0.7739496827125549
437.2 0.773659348487854
437.4 0.7733691930770874
437.6 0.7730791568756104
437.8 0.7727892994880676
438.0 0.7724995613098145
438.2 0.7722099423408508
438.4 0.7719205021858215
438.6 0.7716311812400818
438.8 0.7713420391082764
439.0 0.7710530161857605
439.2 0.7707641124725342
439.4 0.7704753279685974
439.6 0.770186722278595
439.8 0.7698982954025269
440.0 0.7696099281311035
440.2 0.7693217992782593
440.4 0.7690337300300598
440.6 0.7687458395957947
440.8 0.7684580683708191
441.0 0.7681704163551331
441.2 0.7678829431533813
441.4 0.7675955891609192
441.6 0.7673084139823914
441.8 0.7670213580131531
442.0 0.7667344212532043
442.2 0.7664476633071899
442.4 0.7661610245704651
442.6 0.7658745050430298
442.8 0.7655881643295288
443.0 0.7653019428253174
443.2 0.7650158405303955
443.4 0.764729917049408
443.6 0.76444411277771
443.8 0.7641584873199463
444.0 0.7638729810714722
444.2 0.7635875940322876
444.4 0.7633023262023926
444.6 0.7630172371864319
444.8 0.7627322673797607
445.0 0.7624474763870239
445.2 0.7621627449989319
445.4 0.761878252029419
445.6 0.7615938186645508
445.8 0.7613095641136169
446.0 0.7610254287719727
446.2 0.7607414722442627
446.4 0.7604575753211975
446.6 0.7601739168167114
446.8 0.7598903179168701
447.0 0.7596068978309631
447.2 0.7593235969543457
447.4 0.7590404748916626
447.6 0.758757472038269
447.8 0.758474588394165
448.0 0.7581918239593506
448.2 0.7579092383384705
448.4 0.7576267719268799
448.6 0.7573444247245789
448.8 0.7570622563362122
449.0 0.756780207157135
449.2 0.7564983367919922
449.4 0.7562165260314941
449.6 0.7559349536895752
449.8 0.755653440952301
450.0 0.7553721070289612
450.2 0.7550908923149109
450.4 0.7548097968101501
450.6 0.754528820514679
450.8 0.7542480230331421
451.0 0.7539674043655396
451.2 0.7536868453025818
451.4 0.7534064650535583
451.6 0.7531262040138245
451.8 0.7528461217880249
452.0 0.7525660991668701
452.2 0.7522862553596497
452.4 0.7520065903663635
452.6 0.7517269849777222
452.8 0.7514475584030151
453.0 0.7511683106422424
453.2 0.7508891224861145
453.4 0.7506101131439209
453.6 0.7503312230110168
453.8 0.7500525116920471
454.0 0.7497738599777222
454.2 0.7494954466819763
454.4 0.7492170929908752
454.6 0.7489388585090637
454.8 0.7486608028411865
455.0 0.7483829259872437
455.2 0.7481051087379456
455.4 0.7478274703025818
455.6 0.7475499510765076
455.8 0.7472725510597229
456.0 0.7469953298568726
456.2 0.7467182278633118
456.4 0.7464412450790405
456.6 0.7461644411087036
456.8 0.7458876967430115
457.0 0.7456111311912537
457.2 0.7453347444534302
457.4 0.7450584173202515
457.6 0.7447822690010071
457.8 0.7445062398910522
458.0 0.7442303895950317
458.2 0.7439546585083008
458.4 0.7436790466308594
458.6 0.7434035539627075
458.8 0.7431281805038452
459.0 0.7428529858589172
459.2 0.7425779104232788
459.4 0.7423030138015747
459.6 0.7420281767845154
459.8 0.7417535185813904
460.0 0.7414789795875549
460.2 0.741204559803009
460.4 0.7409303188323975
460.6 0.7406561970710754
460.8 0.740382194519043
461.0 0.7401083707809448
461.2 0.7398346066474915
461.4 0.7395610213279724
461.6 0.7392875552177429
461.8 0.7390142679214478
462.0 0.7387410998344421
462.2 0.7384680509567261
462.4 0.7381951212882996
462.6 0.7379223108291626
462.8 0.73764967918396
463.0 0.7373771667480469
463.2 0.7371047735214233
463.4 0.7368325591087341
463.6 0.7365604043006897
463.8 0.7362884283065796
464.0 0.736016571521759
464.2 0.7357448935508728
464.4 0.7354732751846313
464.6 0.7352018356323242
464.8 0.7349305152893066
465.0 0.7346593737602234
465.2 0.7343882918357849
465.4 0.7341173887252808
465.6 0.7338466048240662
465.8 0.7335759997367859
466.0 0.7333054542541504
466.2 0.7330350875854492
466.4 0.7327648401260376
466.6 0.7324947118759155
466.8 0.7322247624397278
467.0 0.7319549322128296
467.2 0.731685221195221
467.4 0.7314156293869019
467.6 0.7311461567878723
467.8 0.7308768630027771
468.0 0.7306076288223267
468.2 0.7303386330604553
468.4 0.7300696969032288
468.6 0.7298008799552917
468.8 0.7295322418212891
469.0 0.7292637228965759
469.2 0.7289953231811523
469.4 0.7287270426750183
469.6 0.7284589409828186
469.8 0.7281909584999084
470.0 0.7279230952262878
470.2 0.7276553511619568
470.4 0.7273877263069153
470.6 0.7271202802658081
470.8 0.7268529534339905
471.0 0.7265857458114624
471.2 0.7263186573982239
471.4 0.7260517477989197
471.6 0.7257848978042603
471.8 0.7255182266235352
472.0 0.7252516746520996
472.2 0.7249853014945984
472.4 0.7247189879417419
472.6 0.7244528532028198
472.8 0.7241867780685425
473.0 0.7239209413528442
473.2 0.7236551642417908
473.4 0.7233895063400269
473.6 0.7231240272521973
473.8 0.7228586673736572
474.0 0.7225934267044067
474.2 0.7223283052444458
474.4 0.7220633029937744
474.6 0.7217984795570374
474.8 0.7215337753295898
475.0 0.7212691903114319
475.2 0.7210047245025635
475.4 0.7207403779029846
475.6 0.7204762101173401
475.8 0.7202121019363403
476.0 0.7199481725692749
476.2 0.719684362411499
476.4 0.7194206714630127
476.6 0.7191571593284607
476.8 0.7188937067985535
477.0 0.7186304330825806
477.2 0.7183672785758972
477.4 0.7181042432785034
477.6 0.717841386795044
477.8 0.7175785899162292
478.0 0.7173159718513489
478.2 0.7170534133911133
478.4 0.716791033744812
478.6 0.7165288329124451
478.8 0.7162666916847229
479.0 0.7160046696662903
479.2 0.715742826461792
479.4 0.7154811024665833
479.6 0.7152194976806641
479.8 0.7149580121040344
480.0 0.7146966457366943
480.2 0.7144353985786438
480.4 0.7141743302345276
480.6 0.7139133810997009
480.8 0.7136525511741638
481.0 0.7133918404579163
481.2 0.7131312489509583
481.4 0.7128707766532898
481.6 0.7126104831695557
481.8 0.7123502492904663
482.0 0.7120901942253113
482.2 0.7118302583694458
482.4 0.7115704417228699
482.6 0.7113107442855835
482.8 0.7110512256622314
483.0 0.7107917666435242
483.2 0.7105324864387512
483.4 0.7102733254432678
483.6 0.710014283657074
483.8 0.7097553610801697
484.0 0.7094965577125549
484.2 0.7092379331588745
484.4 0.7089793682098389
484.6 0.7087209820747375
484.8 0.708462655544281
485.0 0.7082045078277588
485.2 0.7079464793205261
485.4 0.7076886296272278
485.6 0.7074308395385742
485.8 0.7071731686592102
486.0 0.7069156765937805
486.2 0.7066583037376404
486.4 0.706400990486145
486.6 0.706143856048584
486.8 0.7058868408203125
487.0 0.7056300044059753
487.2 0.705373227596283
487.4 0.7051165699958801
487.6 0.7048600912094116
487.8 0.7046037316322327
488.0 0.7043474316596985
488.2 0.7040913105010986
488.4 0.7038353085517883
488.6 0.7035794258117676
488.8 0.7033237218856812
489.0 0.7030680775642395
489.2 0.7028125524520874
489.4 0.7025572061538696
489.6 0.7023019790649414
489.8 0.702046811580658
490.0 0.7017918229103088
490.2 0.7015369534492493
490.4 0.7012822031974792
490.6 0.7010276317596436
490.8 0.7007731199264526
491.0 0.7005187273025513
491.2 0.7002645134925842
491.4 0.7000104188919067
491.6 0.699756383895874
491.8 0.6995025277137756
492.0 0.6992487907409668
492.2 0.6989951729774475
492.4 0.6987416744232178
492.6 0.6984882950782776
492.8 0.6982350945472717
493.0 0.6979819536209106
493.2 0.6977289319038391
493.4 0.6974760890007019
493.6 0.6972233653068542
493.8 0.6969707012176514
494.0 0.6967182159423828
494.2 0.6964658498764038
494.4 0.6962136030197144
494.6 0.6959614753723145
494.8 0.6957094669342041
495.0 0.6954575777053833
495.2 0.6952058672904968
495.4 0.6949542164802551
495.6 0.694702684879303
495.8 0.6944513320922852
496.0 0.6942000985145569
496.2 0.6939489245414734
496.4 0.6936979293823242
496.6 0.6934470534324646
496.8 0.6931962966918945
497.0 0.692945659160614
497.2 0.692695140838623
497.4 0.6924447417259216
497.6 0.6921944618225098
497.8 0.6919443011283875
498.0 0.6916943192481995
498.2 0.6914443969726562
498.4 0.6911945939064026
498.6 0.6909449696540833
498.8 0.6906954050064087
499.0 0.6904460191726685
499.2 0.6901967525482178
499.4 0.6899475455284119
499.6 0.6896985173225403
499.8 0.6894496083259583
500.0 0.6892008185386658
