1.0 70.93817901611328
2.0 70.42584228515625
3.0 69.73604583740234
4.0 68.93927001953125
5.0 68.07847595214844
6.0 67.18148803710938
7.0 66.26703643798828
8.0 65.3480224609375
9.0 64.43345642089844
10.0 63.52964401245117
11.0 62.64094543457031
12.0 61.770355224609375
13.0 60.91984176635742
14.0 60.090633392333984
15.0 59.283409118652344
16.0 58.498443603515625
17.0 57.73570251464844
18.0 56.99494934082031
19.0 56.27577590942383
20.0 55.577674865722656
21.0 54.900054931640625
22.0 54.242279052734375
23.0 53.60367965698242
24.0 52.98357391357422
25.0 52.38127517700195
26.0 51.79610061645508
27.0 51.22739028930664
28.0 50.67448425292969
29.0 50.136756896972656
30.0 49.61358642578125
31.0 49.104393005371094
32.0 48.60860824584961
33.0 48.12569046020508
34.0 47.655120849609375
35.0 47.19640350341797
36.0 46.74906539916992
37.0 46.31266403198242
38.0 45.88676452636719
39.0 45.47095489501953
40.0 45.064857482910156
41.0 44.6680908203125
42.0 44.280311584472656
43.0 43.90118408203125
44.0 43.5303840637207
45.0 43.1676139831543
46.0 42.81258010864258
47.0 42.46501159667969
48.0 42.12464904785156
49.0 41.79123306274414
50.0 41.464534759521484
51.0 41.144325256347656
52.0 40.830387115478516
53.0 40.52251052856445
54.0 40.22050476074219
55.0 39.9241828918457
56.0 39.63335418701172
57.0 39.34785842895508
58.0 39.06752395629883
59.0 38.792198181152344
60.0 38.521728515625
61.0 38.25596618652344
62.0 37.994781494140625
63.0 37.738037109375
64.0 37.48560333251953
65.0 37.23736572265625
66.0 36.993202209472656
67.0 36.75299835205078
68.0 36.51665115356445
69.0 36.284053802490234
70.0 36.05510711669922
71.0 35.829715728759766
72.0 35.6077880859375
73.0 35.38923263549805
74.0 35.17396545410156
75.0 34.9619026184082
76.0 34.752967834472656
77.0 34.54707717895508
78.0 34.34416580200195
79.0 34.1441535949707
80.0 33.94697570800781
81.0 33.7525634765625
82.0 33.560855865478516
83.0 33.371788024902344
84.0 33.185298919677734
85.0 33.0013313293457
86.0 32.81983184814453
87.0 32.64073944091797
88.0 32.46400451660156
89.0 32.28957748413086
90.0 32.117408752441406
91.0 31.947444915771484
92.0 31.779644012451172
93.0 31.61395835876465
94.0 31.450345993041992
95.0 31.28876495361328
96.0 31.12917137145996
97.0 30.971525192260742
98.0 30.81578826904297
99.0 30.661924362182617
100.0 30.50989532470703
101.0 30.359663009643555
102.0 30.21119499206543
103.0 30.0644588470459
104.0 29.919418334960938
105.0 29.776042938232422
106.0 29.634300231933594
107.0 29.494163513183594
108.0 29.35559844970703
109.0 29.21858024597168
110.0 29.083078384399414
111.0 28.949064254760742
112.0 28.81651496887207
113.0 28.68540382385254
114.0 28.555702209472656
115.0 28.42738914489746
116.0 28.300437927246094
117.0 28.17482566833496
118.0 28.05052947998047
119.0 27.927528381347656
120.0 27.80579948425293
121.0 27.685321807861328
122.0 27.56607437133789
123.0 27.448034286499023
124.0 27.331186294555664
125.0 27.21550750732422
126.0 27.100980758666992
127.0 26.987586975097656
128.0 26.875307083129883
129.0 26.764123916625977
130.0 26.654022216796875
131.0 26.544981002807617
132.0 26.436986923217773
133.0 26.33002281188965
134.0 26.224071502685547
135.0 26.11911964416504
136.0 26.015151977539062
137.0 25.912151336669922
138.0 25.810104370117188
139.0 25.70899772644043
140.0 25.608816146850586
141.0 25.509546279907227
142.0 25.411174774169922
143.0 25.313690185546875
144.0 25.217077255249023
145.0 25.121322631835938
146.0 25.026416778564453
147.0 24.93234634399414
148.0 24.839099884033203
149.0 24.746665954589844
150.0 24.655031204223633
151.0 24.564186096191406
152.0 24.474119186401367
153.0 24.38481903076172
154.0 24.29627799987793
155.0 24.20848274230957
156.0 24.121423721313477
157.0 24.035091400146484
158.0 23.949474334716797
159.0 23.864566802978516
160.0 23.78035545349121
161.0 23.69683265686035
162.0 23.613990783691406
163.0 23.531818389892578
164.0 23.450305938720703
165.0 23.369449615478516
166.0 23.289236068725586
167.0 23.209657669067383
168.0 23.13071060180664
169.0 23.05238151550293
170.0 22.97466468811035
171.0 22.897552490234375
172.0 22.82103729248047
173.0 22.745113372802734
174.0 22.669769287109375
175.0 22.595001220703125
176.0 22.520801544189453
177.0 22.447160720825195
178.0 22.374074935913086
179.0 22.301536560058594
180.0 22.22953987121582
181.0 22.1580753326416
182.0 22.087139129638672
183.0 22.016725540161133
184.0 21.94682502746582
185.0 21.8774356842041
186.0 21.808547973632812
187.0 21.740158081054688
188.0 21.672258377075195
189.0 21.60484504699707
190.0 21.537912368774414
191.0 21.471454620361328
192.0 21.40546417236328
193.0 21.339937210083008
194.0 21.274869918823242
195.0 21.210254669189453
196.0 21.146087646484375
197.0 21.082365036010742
198.0 21.019079208374023
199.0 20.956226348876953
200.0 20.893800735473633
201.0 20.83180046081543
202.0 20.770217895507812
203.0 20.709049224853516
204.0 20.648292541503906
205.0 20.58793830871582
206.0 20.527986526489258
207.0 20.46843147277832
208.0 20.40926742553711
209.0 20.350492477416992
210.0 20.29210090637207
211.0 20.23409080505371
212.0 20.176454544067383
213.0 20.119190216064453
214.0 20.062294006347656
215.0 20.005762100219727
216.0 19.9495906829834
217.0 19.893775939941406
218.0 19.83831214904785
219.0 19.783199310302734
220.0 19.728431701660156
221.0 19.67400550842285
222.0 19.619918823242188
223.0 19.566165924072266
224.0 19.512744903564453
225.0 19.459653854370117
226.0 19.40688705444336
227.0 19.354440689086914
228.0 19.30231475830078
229.0 19.250503540039062
230.0 19.199003219604492
231.0 19.14781379699707
232.0 19.0969295501709
233.0 19.046348571777344
234.0 18.996068954467773
235.0 18.94608497619629
236.0 18.89639663696289
237.0 18.84699821472168
238.0 18.797889709472656
239.0 18.749067306518555
240.0 18.70052719116211
241.0 18.652267456054688
242.0 18.604286193847656
243.0 18.55657958984375
244.0 18.50914764404297
245.0 18.46198272705078
246.0 18.41508674621582
247.0 18.36845588684082
248.0 18.32208824157715
249.0 18.275978088378906
250.0 18.230127334594727
251.0 18.184532165527344
252.0 18.139190673828125
253.0 18.094097137451172
254.0 18.049253463745117
255.0 18.004655838012695
256.0 17.960302352905273
257.0 17.91619110107422
258.0 17.872318267822266
259.0 17.828683853149414
260.0 17.785282135009766
261.0 17.742116928100586
262.0 17.699180603027344
263.0 17.65647315979004
264.0 17.61399269104004
265.0 17.57173728942871
266.0 17.529706954956055
267.0 17.48789405822754
268.0 17.44630241394043
269.0 17.40492820739746
270.0 17.36376953125
271.0 17.32282257080078
272.0 17.282089233398438
273.0 17.24156379699707
274.0 17.20124626159668
275.0 17.161136627197266
276.0 17.121231079101562
277.0 17.081527709960938
278.0 17.042024612426758
279.0 17.002721786499023
280.0 16.9636173248291
281.0 16.924707412719727
282.0 16.8859920501709
283.0 16.847471237182617
284.0 16.809139251708984
285.0 16.770998001098633
286.0 16.73304557800293
287.0 16.69527816772461
288.0 16.657695770263672
289.0 16.620296478271484
290.0 16.583080291748047
291.0 16.546043395996094
292.0 16.509185791015625
293.0 16.472505569458008
294.0 16.43600082397461
295.0 16.39967155456543
296.0 16.363515853881836
297.0 16.327531814575195
298.0 16.291717529296875
299.0 16.256072998046875
300.0 16.220596313476562
301.0 16.185287475585938
302.0 16.150142669677734
303.0 16.11515998840332
304.0 16.080341339111328
305.0 16.045684814453125
306.0 16.011188507080078
307.0 15.976849555969238
308.0 15.942668914794922
309.0 15.908644676208496
310.0 15.874774932861328
311.0 15.841059684753418
312.0 15.80749797821045
313.0 15.774086952209473
314.0 15.740826606750488
315.0 15.70771598815918
316.0 15.674753189086914
317.0 15.641937255859375
318.0 15.609268188476562
319.0 15.576743125915527
320.0 15.54436206817627
321.0 15.512124061584473
322.0 15.480027198791504
323.0 15.448071479797363
324.0 15.416254997253418
325.0 15.384577751159668
326.0 15.35303783416748
327.0 15.321633338928223
328.0 15.290365219116211
329.0 15.259231567382812
330.0 15.228231430053711
331.0 15.19736385345459
332.0 15.166627883911133
333.0 15.13602352142334
334.0 15.105547904968262
335.0 15.075201034545898
336.0 15.044981956481934
337.0 15.01488971710205
338.0 14.98492431640625
339.0 14.955083847045898
340.0 14.92536735534668
341.0 14.895773887634277
342.0 14.866303443908691
343.0 14.836955070495605
344.0 14.807726860046387
345.0 14.778618812561035
346.0 14.749629974365234
347.0 14.720758438110352
348.0 14.692005157470703
349.0 14.663369178771973
350.0 14.634848594665527
351.0 14.60644245147705
352.0 14.578150749206543
353.0 14.549973487854004
354.0 14.521907806396484
355.0 14.4939546585083
356.0 14.46611213684082
357.0 14.43838119506836
358.0 14.410758972167969
359.0 14.383245468139648
360.0 14.355840682983398
361.0 14.328542709350586
362.0 14.301352500915527
363.0 14.274267196655273
364.0 14.24728775024414
365.0 14.220413208007812
366.0 14.193642616271973
367.0 14.166975021362305
368.0 14.140410423278809
369.0 14.113946914672852
370.0 14.087584495544434
371.0 14.061323165893555
372.0 14.035161972045898
373.0 14.009099960327148
374.0 13.983136177062988
375.0 13.957270622253418
376.0 13.931502342224121
377.0 13.905830383300781
378.0 13.880254745483398
379.0 13.854774475097656
380.0 13.829389572143555
381.0 13.804098129272461
382.0 13.778901100158691
383.0 13.753796577453613
384.0 13.728784561157227
385.0 13.703864097595215
386.0 13.679035186767578
387.0 13.654296875
388.0 13.62964916229248
389.0 13.605091094970703
390.0 13.580621719360352
391.0 13.556241035461426
392.0 13.531947135925293
393.0 13.507741928100586
394.0 13.483623504638672
395.0 13.459590911865234
396.0 13.435643196105957
397.0 13.411782264709473
398.0 13.388005256652832
399.0 13.364312171936035
400.0 13.340703010559082
401.0 13.317177772521973
402.0 13.293733596801758
403.0 13.270373344421387
404.0 13.247093200683594
405.0 13.223895072937012
406.0 13.200777053833008
407.0 13.177740097045898
408.0 13.15478229522705
409.0 13.131903648376465
410.0 13.109103202819824
411.0 13.086381912231445
412.0 13.063737869262695
413.0 13.04117202758789
414.0 13.018682479858398
415.0 12.996269226074219
416.0 12.973932266235352
417.0 12.95167064666748
418.0 12.929484367370605
419.0 12.90737247467041
420.0 12.885334968566895
421.0 12.863370895385742
422.0 12.841480255126953
423.0 12.819663047790527
424.0 12.797918319702148
425.0 12.7762451171875
426.0 12.754644393920898
427.0 12.733114242553711
428.0 12.711654663085938
429.0 12.690266609191895
430.0 12.66894817352295
431.0 12.647698402404785
432.0 12.626519203186035
433.0 12.605408668518066
434.0 12.584365844726562
435.0 12.56339168548584
436.0 12.542485237121582
437.0 12.521645545959473
438.0 12.500873565673828
439.0 12.480167388916016
440.0 12.459527969360352
441.0 12.43895435333252
442.0 12.41844654083252
443.0 12.398002624511719
444.0 12.37762451171875
445.0 12.35731029510498
446.0 12.33705997467041
447.0 12.316873550415039
448.0 12.296751022338867
449.0 12.276690483093262
450.0 12.256693840026855
451.0 12.2367582321167
452.0 12.21688461303711
453.0 12.197072982788086
454.0 12.177323341369629
455.0 12.157633781433105
456.0 12.138004302978516
457.0 12.118435859680176
458.0 12.09892749786377
459.0 12.07947826385498
460.0 12.060089111328125
461.0 12.04075813293457
462.0 12.021486282348633
463.0 12.002272605895996
464.0 11.98311710357666
465.0 11.964019775390625
466.0 11.944979667663574
467.0 11.925996780395508
468.0 11.90707015991211
469.0 11.888200759887695
470.0 11.869386672973633
471.0 11.850629806518555
472.0 11.831927299499512
473.0 11.813281059265137
474.0 11.794690132141113
475.0 11.776153564453125
476.0 11.757671356201172
477.0 11.739243507385254
478.0 11.720869064331055
479.0 11.70254898071289
480.0 11.684282302856445
481.0 11.666068077087402
482.0 11.647907257080078
483.0 11.629799842834473
484.0 11.611742973327637
485.0 11.59373950958252
486.0 11.575787544250488
487.0 11.557887077331543
488.0 11.540037155151367
489.0 11.522238731384277
490.0 11.504491806030273
491.0 11.486794471740723
492.0 11.469147682189941
493.0 11.451550483703613
494.0 11.434002876281738
495.0 11.416505813598633
496.0 11.399057388305664
497.0 11.381657600402832
498.0 11.364306449890137
499.0 11.347004890441895
500.0 11.329750061035156
