1.0 0.9386475682258606
2.0 0.9393875002861023
3.0 0.9405666589736938
4.0 0.9421188831329346
5.0 0.9439761638641357
6.0 0.9460752010345459
7.0 0.9483597874641418
8.0 0.9507820010185242
9.0 0.9533016085624695
10.0 0.9558855891227722
11.0 0.9585068821907043
12.0 0.9611436724662781
13.0 0.9637784957885742
14.0 0.9663973450660706
15.0 0.9689893126487732
16.0 0.9715456366539001
17.0 0.9740596413612366
18.0 0.9765260815620422
19.0 0.9789410829544067
20.0 0.9813016057014465
21.0 0.983605682849884
22.0 0.9858517050743103
23.0 0.9880387783050537
24.0 0.9901663661003113
25.0 0.9922342896461487
26.0 0.9942426681518555
27.0 0.9961916208267212
28.0 0.9980817437171936
29.0 0.9999135732650757
30.0 1.00168776512146
31.0 1.003405213356018
32.0 1.0050665140151978
33.0 1.006672739982605
34.0 1.0082247257232666
35.0 1.009723424911499
36.0 1.0111697912216187
37.0 1.012564778327942
38.0 1.0139094591140747
39.0 1.015204668045044
40.0 1.0164514780044556
41.0 1.017650842666626
42.0 1.0188038349151611
43.0 1.0199111700057983
44.0 1.020974040031433
45.0 1.0219932794570923
46.0 1.0229698419570923
47.0 1.0239046812057495
48.0 1.0247986316680908
49.0 1.0256526470184326
50.0 1.0264676809310913
51.0 1.0272444486618042
52.0 1.0279840230941772
53.0 1.0286870002746582
54.0 1.029354453086853
55.0 1.0299869775772095
56.0 1.030585527420044
57.0 1.0311508178710938
58.0 1.0316838026046753
59.0 1.0321849584579468
60.0 1.0326552391052246
61.0 1.033095359802246
62.0 1.033505916595459
63.0 1.0338877439498901
64.0 1.0342415571212769
65.0 1.034567952156067
66.0 1.0348676443099976
67.0 1.0351412296295166
68.0 1.0353894233703613
69.0 1.0356128215789795
70.0 1.0358121395111084
71.0 1.0359877347946167
72.0 1.0361404418945312
73.0 1.0362707376480103
74.0 1.0363792181015015
75.0 1.036466360092163
76.0 1.0365328788757324
77.0 1.0365791320800781
78.0 1.0366058349609375
79.0 1.0366132259368896
80.0 1.0366020202636719
81.0 1.0365726947784424
82.0 1.0365256071090698
83.0 1.0364612340927124
84.0 1.0363801717758179
85.0 1.0362828969955444
86.0 1.0361695289611816
87.0 1.0360409021377563
88.0 1.035897135734558
89.0 1.0357387065887451
90.0 1.0355660915374756
91.0 1.0353796482086182
92.0 1.0351797342300415
93.0 1.0349668264389038
94.0 1.0347410440444946
95.0 1.0345029830932617
96.0 1.0342528820037842
97.0 1.0339910984039307
98.0 1.0337179899215698
99.0 1.0334339141845703
100.0 1.0331391096115112
101.0 1.0328338146209717
102.0 1.0325185060501099
103.0 1.0321934223175049
104.0 1.0318588018417358
105.0 1.0315150022506714
106.0 1.0311622619628906
107.0 1.030800700187683
108.0 1.030430793762207
109.0 1.0300527811050415
110.0 1.029666781425476
111.0 1.0292731523513794
112.0 1.028872013092041
113.0 1.0284637212753296
114.0 1.0280483961105347
115.0 1.027626395225525
116.0 1.0271978378295898
117.0 1.0267629623413086
118.0 1.0263218879699707
119.0 1.0258749723434448
120.0 1.025422215461731
121.0 1.0249639749526978
122.0 1.0245003700256348
123.0 1.024031639099121
124.0 1.0235579013824463
125.0 1.0230792760849
126.0 1.0225961208343506
127.0 1.0221083164215088
128.0 1.0216163396835327
129.0 1.0211200714111328
130.0 1.0206198692321777
131.0 1.0201157331466675
132.0 1.0196077823638916
133.0 1.0190963745117188
134.0 1.018581509590149
135.0 1.0180633068084717
136.0 1.0175418853759766
137.0 1.0170173645019531
138.0 1.0164899826049805
139.0 1.0159598588943481
140.0 1.0154268741607666
141.0 1.0148913860321045
142.0 1.0143535137176514
143.0 1.0138131380081177
144.0 1.013270616531372
145.0 1.0127259492874146
146.0 1.0121791362762451
147.0 1.0116305351257324
148.0 1.0110799074172974
149.0 1.0105276107788086
150.0 1.0099736452102661
151.0 1.0094181299209595
152.0 1.0088610649108887
153.0 1.0083025693893433
154.0 1.0077428817749023
155.0 1.0071818828582764
156.0 1.0066196918487549
157.0 1.006056308746338
158.0 1.005492091178894
159.0 1.0049268007278442
160.0 1.0043606758117676
161.0 1.003793716430664
162.0 1.0032260417938232
163.0 1.0026577711105347
164.0 1.0020887851715088
165.0 1.0015192031860352
166.0 1.0009492635726929
167.0 1.0003787279129028
168.0 0.9998079538345337
169.0 0.9992367625236511
170.0 0.9986653327941895
171.0 0.9980936646461487
172.0 0.9975218176841736
173.0 0.9969499111175537
174.0 0.9963778257369995
175.0 0.9958057999610901
176.0 0.9952337741851807
177.0 0.9946617484092712
178.0 0.9940899014472961
179.0 0.9935181140899658
180.0 0.9929465651512146
181.0 0.9923751950263977
182.0 0.9918041229248047
183.0 0.9912333488464355
184.0 0.9906628727912903
185.0 0.9900928139686584
186.0 0.9895231127738953
187.0 0.9889538288116455
188.0 0.988385021686554
189.0 0.9878166913986206
190.0 0.9872488975524902
191.0 0.9866816401481628
192.0 0.9861149787902832
193.0 0.9855489134788513
194.0 0.984983503818512
195.0 0.9844187498092651
196.0 0.9838546514511108
197.0 0.9832912683486938
198.0 0.9827286005020142
199.0 0.9821666479110718
200.0 0.9816055297851562
201.0 0.9810451865196228
202.0 0.9804856181144714
203.0 0.9799269437789917
204.0 0.979369044303894
205.0 0.978812038898468
206.0 0.9782559275627136
207.0 0.9777007102966309
208.0 0.9771464467048645
209.0 0.9765930771827698
210.0 0.9760406613349915
211.0 0.9754891991615295
212.0 0.9749387502670288
213.0 0.9743892550468445
214.0 0.9738407731056213
215.0 0.9732933044433594
216.0 0.9727468490600586
217.0 0.9722014665603638
218.0 0.9716570973396301
219.0 0.9711138010025024
220.0 0.9705715775489807
221.0 0.9700304269790649
222.0 0.9694903492927551
223.0 0.968951404094696
224.0 0.9684135317802429
225.0 0.9678767919540405
226.0 0.9673411846160889
227.0 0.9668066501617432
228.0 0.966273307800293
229.0 0.9657410979270935
230.0 0.9652100205421448
231.0 0.9646800756454468
232.0 0.9641513228416443
233.0 0.9636237025260925
234.0 0.9630972743034363
235.0 0.9625720381736755
236.0 0.9620479345321655
237.0 0.961525022983551
238.0 0.961003303527832
239.0 0.9604827761650085
240.0 0.9599634408950806
241.0 0.9594453573226929
242.0 0.9589284062385559
243.0 0.9584126472473145
244.0 0.9578980803489685
245.0 0.9573847651481628
246.0 0.9568726420402527
247.0 0.956361711025238
248.0 0.9558519721031189
249.0 0.95534348487854
250.0 0.9548361897468567
251.0 0.9543300867080688
252.0 0.9538251757621765
253.0 0.9533215165138245
254.0 0.9528190493583679
255.0 0.9523178339004517
256.0 0.9518178105354309
257.0 0.9513189792633057
258.0 0.9508213400840759
259.0 0.9503249526023865
260.0 0.9498296976089478
261.0 0.9493357539176941
262.0 0.9488429427146912
263.0 0.9483513832092285
264.0 0.9478609561920166
265.0 0.947371780872345
266.0 0.9468837976455688
267.0 0.9463970065116882
268.0 0.9459114074707031
269.0 0.9454270005226135
270.0 0.9449437856674194
271.0 0.9444617629051208
272.0 0.9439809322357178
273.0 0.9435012936592102
274.0 0.9430228471755981
275.0 0.9425455331802368
276.0 0.942069411277771
277.0 0.9415944814682007
278.0 0.9411206841468811
279.0 0.940648078918457
280.0 0.9401766061782837
281.0 0.9397063255310059
282.0 0.9392371773719788
283.0 0.9387691617012024
284.0 0.9383023381233215
285.0 0.9378366470336914
286.0 0.937372088432312
287.0 0.9369086623191833
288.0 0.9364463686943054
289.0 0.9359852075576782
290.0 0.9355251789093018
291.0 0.9350662231445312
292.0 0.9346084594726562
293.0 0.9341517686843872
294.0 0.9336961507797241
295.0 0.9332417249679565
296.0 0.9327883124351501
297.0 0.9323360323905945
298.0 0.9318848848342896
299.0 0.9314347505569458
300.0 0.9309857487678528
301.0 0.930537760257721
302.0 0.9300909042358398
303.0 0.9296451210975647
304.0 0.9292003512382507
305.0 0.9287566542625427
306.0 0.9283140301704407
307.0 0.9278724789619446
308.0 0.9274319410324097
309.0 0.9269924163818359
310.0 0.9265539646148682
311.0 0.9261165261268616
312.0 0.9256801605224609
313.0 0.9252447485923767
314.0 0.9248103499412537
315.0 0.9243770241737366
316.0 0.9239446520805359
317.0 0.9235132932662964
318.0 0.9230829477310181
319.0 0.9226535558700562
320.0 0.9222251772880554
321.0 0.9217977523803711
322.0 0.9213712811470032
323.0 0.9209458231925964
324.0 0.9205213189125061
325.0 0.9200977683067322
326.0 0.9196751713752747
327.0 0.9192535281181335
328.0 0.9188328385353088
329.0 0.9184131026268005
330.0 0.9179942607879639
331.0 0.9175763726234436
332.0 0.917159378528595
333.0 0.9167433381080627
334.0 0.9163281917572021
335.0 0.9159139394760132
336.0 0.9155005812644958
337.0 0.9150881767272949
338.0 0.9146766066551208
339.0 0.9142659306526184
340.0 0.9138561487197876
341.0 0.9134472608566284
342.0 0.9130392074584961
343.0 0.9126320481300354
344.0 0.9122257232666016
345.0 0.9118202328681946
346.0 0.9114156365394592
347.0 0.9110118746757507
348.0 0.9106089472770691
349.0 0.9102068543434143
350.0 0.9098055958747864
351.0 0.9094051718711853
352.0 0.9090055823326111
353.0 0.908606767654419
354.0 0.9082087278366089
355.0 0.9078115820884705
356.0 0.9074151515960693
357.0 0.9070195555686951
358.0 0.9066247344017029
359.0 0.9062306880950928
360.0 0.9058374762535095
361.0 0.9054449796676636
362.0 0.9050532579421997
363.0 0.9046623110771179
364.0 0.9042720794677734
365.0 0.9038826823234558
366.0 0.9034939408302307
367.0 0.9031060338020325
368.0 0.9027187824249268
369.0 0.9023323059082031
370.0 0.9019465446472168
371.0 0.9015614986419678
372.0 0.901177167892456
373.0 0.9007935523986816
374.0 0.9004106521606445
375.0 0.9000284671783447
376.0 0.8996469974517822
377.0 0.8992661833763123
378.0 0.8988860249519348
379.0 0.8985065817832947
380.0 0.8981278538703918
381.0 0.8977497220039368
382.0 0.897372305393219
383.0 0.8969955444335938
384.0 0.8966194987297058
385.0 0.8962440490722656
386.0 0.895869255065918
387.0 0.8954950571060181
388.0 0.8951215744018555
389.0 0.8947486877441406
390.0 0.8943764567375183
391.0 0.8940048217773438
392.0 0.8936337828636169
393.0 0.8932633996009827
394.0 0.8928936123847961
395.0 0.8925244808197021
396.0 0.8921558856964111
397.0 0.8917879462242126
398.0 0.8914205431938171
399.0 0.8910537362098694
400.0 0.8906875252723694
401.0 0.8903219103813171
402.0 0.8899568319320679
403.0 0.8895923495292664
404.0 0.8892284631729126
405.0 0.8888651132583618
406.0 0.888502299785614
407.0 0.888140082359314
408.0 0.8877783417701721
409.0 0.887417197227478
410.0 0.8870565891265869
411.0 0.8866965174674988
412.0 0.8863369226455688
413.0 0.8859779238700867
414.0 0.8856194019317627
415.0 0.8852614164352417
416.0 0.8849039673805237
417.0 0.8845469951629639
418.0 0.884190559387207
419.0 0.8838346004486084
420.0 0.883479118347168
421.0 0.8831241726875305
422.0 0.8827696442604065
423.0 0.8824156522750854
424.0 0.8820621371269226
425.0 0.881709098815918
426.0 0.8813565373420715
427.0 0.8810044527053833
428.0 0.8806527853012085
429.0 0.8803015947341919
430.0 0.8799508810043335
431.0 0.8796005845069885
432.0 0.8792507648468018
433.0 0.8789014220237732
434.0 0.8785524368286133
435.0 0.8782039284706116
436.0 0.8778558969497681
437.0 0.8775082230567932
438.0 0.8771610260009766
439.0 0.8768141865730286
440.0 0.8764678239822388
441.0 0.8761218190193176
442.0 0.8757762908935547
443.0 0.8754311203956604
444.0 0.8750863671302795
445.0 0.8747419714927673
446.0 0.8743979930877686
447.0 0.8740544319152832
448.0 0.8737112283706665
449.0 0.8733684420585632
450.0 0.8730260133743286
451.0 0.8726839423179626
452.0 0.8723422288894653
453.0 0.8720009326934814
454.0 0.8716599941253662
455.0 0.8713193535804749
456.0 0.8709791302680969
457.0 0.8706392645835876
458.0 0.870299756526947
459.0 0.8699605464935303
460.0 0.8696216940879822
461.0 0.8692831993103027
462.0 0.8689450621604919
463.0 0.868607223033905
464.0 0.868269681930542
465.0 0.8679324984550476
466.0 0.8675956726074219
467.0 0.86725914478302
468.0 0.866922914981842
469.0 0.8665869832038879
470.0 0.8662514090538025
471.0 0.8659161329269409
472.0 0.8655810952186584
473.0 0.8652464151382446
474.0 0.8649120330810547
475.0 0.8645779490470886
476.0 0.8642441034317017
477.0 0.8639106154441833
478.0 0.8635773658752441
479.0 0.8632444143295288
480.0 0.8629117012023926
481.0 0.8625792860984802
482.0 0.8622471690177917
483.0 0.8619152903556824
484.0 0.8615836501121521
485.0 0.8612523078918457
486.0 0.8609212636947632
487.0 0.860590398311615
488.0 0.8602598309516907
489.0 0.8599295020103455
490.0 0.8595994114875793
491.0 0.8592695593833923
492.0 0.8589399456977844
493.0 0.8586105704307556
494.0 0.8582814335823059
495.0 0.8579525351524353
496.0 0.8576238751411438
497.0 0.8572954535484314
498.0 0.8569672107696533
499.0 0.8566392064094543
500.0 0.8563114404678345
