1.951418369943639153e+00
1.763035057241048476e+00
1.759245243970099626e+00
1.756184686596740985e+00
1.753174771151640776e+00
1.750097827767123304e+00
1.746907179387821918e+00
1.743581694144360039e+00
1.740112398981902952e+00
1.736496593173777025e+00
1.732735001425997456e+00
1.728830325275408475e+00
1.724786468582882870e+00
1.720608101241758892e+00
1.716300399591383918e+00
1.711868882962400695e+00
1.707319304654307590e+00
1.702657574994552059e+00
1.697889704102762076e+00
1.693021757299533636e+00
1.688059819019884333e+00
1.683009962741108811e+00
1.677878225389008326e+00
1.672670585249802500e+00
1.667392942753692875e+00
1.662051103702031130e+00
1.656650764636824702e+00
1.651197500129807594e+00
1.645696751817243619e+00
1.640153819037228677e+00
1.634573850945491902e+00
1.628961839998189998e+00
1.623322616698265275e+00
1.617660845507805423e+00
1.611981021833143179e+00
1.606287469993335604e+00
1.600584342085873635e+00
1.594875617667193435e+00
1.589165104168907661e+00
1.583456437974327891e+00
1.577753086083730327e+00
1.572058348300732433e+00
1.566375359876138296e+00
1.560707094549562246e+00
1.555056367933538297e+00
1.549425841188413200e+00
1.543818024940662337e+00
1.538235283400938957e+00
1.532679838641884729e+00
1.527153774999485236e+00
1.521659043564918434e+00
1.516197466737307487e+00
1.510770742810746192e+00
1.505380450571782269e+00
1.500028053886330204e+00
1.494714906257381459e+00
1.489442255337209975e+00
1.484211247379894072e+00
1.479022931621916781e+00
1.473878264580400277e+00
1.468778114260091305e+00
1.463723264261814538e+00
1.458714417786260764e+00
1.453752201528405674e+00
1.448837169458698781e+00
1.443969806488303975e+00
1.439150532016458373e+00
1.434379703358779734e+00
1.429657619056060591e+00
1.424984522063640124e+00
1.420360602822003049e+00
1.415786002209661776e+00
1.411260814379837303e+00
1.406785089482685658e+00
1.402358836275199083e+00
1.397982024621110320e+00
1.393654587883268903e+00
1.389376425211262367e+00
1.385147403726982640e+00
1.380967360611147221e+00
1.376836105093675044e+00
1.372753420351018327e+00
1.368719065313425798e+00
1.364732776385288338e+00
1.360794269081577745e+00
1.356903239583482135e+00
1.353059366216156967e+00
1.349262310851732538e+00
1.345511720240321285e+00
1.341807227272095560e+00
1.338148452173091307e+00
1.334535003637593142e+00
1.330966479899799992e+00
1.327442469747212916e+00
1.323962553478561732e+00
1.320526303808466695e+00
1.317133286721387186e+00
1.313783062277079861e+00
1.310475185369843087e+00
1.307209206443641358e+00
1.303984672165239944e+00
1.300801126057313795e+00
1.297658109093423606e+00
1.294555160256774862e+00
1.291491817064444714e+00
1.288467616058853737e+00
1.285482093268051074e+00
1.282534784636412128e+00
1.279625226427242968e+00
1.276752955598678074e+00
1.273917510154324972e+00
1.271118429469871414e+00
1.268355254596979620e+00
1.265627528545609781e+00
1.262934796545946758e+00
1.260276606291016233e+00
1.257652508161000160e+00
1.255062055430262280e+00
1.252504804458033139e+00
1.249980314863635922e+00
1.247488149687115078e+00
1.245027875536079076e+00
1.242599062719531799e+00
1.240201285369443296e+00
1.237834121550739130e+00
1.235497153360369360e+00
1.233189967016139033e+00
1.230912152935829784e+00
1.228663305807246253e+00
1.226443024649686242e+00
1.224250912867370644e+00
1.222086578295328962e+00
1.219949633238163189e+00
1.217839694502191206e+00
1.215756383421324749e+00
1.213699325877118929e+00
1.211668152313347901e+00
1.209662497745462639e+00
1.207682001765279178e+00
1.205726308541187564e+00
1.203795066814222325e+00
1.201887929890232076e+00
1.200004555628461755e+00
1.198144606426767123e+00
1.196307749203728621e+00
1.194493655377864449e+00
1.192702000844192201e+00
1.190932465948305374e+00
1.189184735458188147e+00
1.187458498533919604e+00
1.185753448695474832e+00
1.184069283788723448e+00
1.182405705949876928e+00
1.180762421568399834e+00
1.179139141248633837e+00
1.177535579770192520e+00
1.175951456047274357e+00
1.174386493086998717e+00
1.172840417946866998e+00
1.171312961691461041e+00
1.169803859348460096e+00
1.168312849864054925e+00
1.166839676057876307e+00
1.165384084577480106e+00
1.163945825852464644e+00
1.162524654048315398e+00
1.161120327020008114e+00
1.159732606265447385e+00
1.158361256878793322e+00
1.157006047503719159e+00
1.155666750286669764e+00
1.154343140830134340e+00
1.153034998146002410e+00
1.151742104609030370e+00
1.150464245910457040e+00
1.149201211011789736e+00
1.147952792098824615e+00
1.146718784535887714e+00
1.145498986820354226e+00
1.144293200537455757e+00
1.143101230315407113e+00
1.141922883780864151e+00
1.140757971514735347e+00
1.139606307008369956e+00
1.138467706620130082e+00
1.137341989532359543e+00
1.136228977708778842e+00
1.135128495852294028e+00
1.134040371363250088e+00
1.132964434298126655e+00
1.131900517328686240e+00
1.130848455701587429e+00
1.129808087198463262e+00
1.128779252096474561e+00
1.127761793129331114e+00
1.126755555448812673e+00
1.125760386586752260e+00
1.124776136417524164e+00
1.123802657121007131e+00
1.122839803146046256e+00
1.121887431174400929e+00
1.120945400085179955e+00
1.120013570919771162e+00
1.119091806847260173e+00
1.118179973130331906e+00
1.117277937091664564e+00
1.116385568080798141e+00
1.115502737441497194e+00
1.114629318479582132e+00
1.113765186431241450e+00
1.112910218431813592e+00
1.112064293485047539e+00
1.111227292432813041e+00
1.110399097925289569e+00
1.109579594391605140e+00
1.108768668010924108e+00
1.107966206684001254e+00
1.107172100005159088e+00
1.106386239234723456e+00
1.105608517271887470e+00
1.104838828628003977e+00
1.104077069400312361e+00
1.103323137246077446e+00
1.102576931357151846e+00
1.101838352434944213e+00
1.101107302665797150e+00
1.100383685696764369e+00
1.099667406611783527e+00
1.098958371908237863e+00
1.098256489473908193e+00
1.097561668564298598e+00
1.096873819780341375e+00
1.096192855046466574e+00
1.095518687589048801e+00
1.094851231915186629e+00
1.094190403791870381e+00
1.093536120225467867e+00
1.092888299441570954e+00
1.092246860865176750e+00
1.091611725101203190e+00
1.090982813915321703e+00
1.090360050215130494e+00
1.089743358031637133e+00
1.089132662501049564e+00
1.088527889846882868e+00
1.087928967362367993e+00
1.087335823393154044e+00
1.086748387320313869e+00
1.086166589543626548e+00
1.085590361465152975e+00
1.085019635473088995e+00
1.084454344925892544e+00
1.083894424136681245e+00
1.083339808357897560e+00
1.082790433766233962e+00
1.082246237447816117e+00
1.081707157383640983e+00
1.081173132435259587e+00
1.080644102330706957e+00
1.080120007650672287e+00
1.079600789814906703e+00
1.079086391068858841e+00
1.078576754470544241e+00
1.078071823877635893e+00
1.077571543934777054e+00
1.077075860061107448e+00
1.076584718438007071e+00
1.076098065997048270e+00
1.075615850408150553e+00
1.075138020067940126e+00
1.074664524088309259e+00
1.074195312285165738e+00
1.073730335167382366e+00
1.073269543925926772e+00
1.072812890423178622e+00
1.072360327182434236e+00
1.071911807377581516e+00
1.071467284822955612e+00
1.071026713963367571e+00
1.070590049864296622e+00
1.070157248202258771e+00
1.069728265255326383e+00
1.069303057893821851e+00
1.068881583571157812e+00
1.068463800314837009e+00
1.068049666717608037e+00
1.067639141928762747e+00
1.067232185645587306e+00
1.066828758104953367e+00
1.066428820075054018e+00
1.066032332847276054e+00
1.065639258228212150e+00
1.065249558531804475e+00
1.064863196571621984e+00
1.064480135653266490e+00
1.064100339566908193e+00
1.063723772579939997e+00
1.063350399429765059e+00
1.062980185316694914e+00
1.062613095896971060e+00
1.062249097275903553e+00
1.061888156001119299e+00
1.061530239055930247e+00
1.061175313852803281e+00
1.060823348226945795e+00
1.060474310429992739e+00
1.060128169123801145e+00
1.059784893374344561e+00
1.059444452645712520e+00
1.059106816794204375e+00
1.058771956062524167e+00
1.058439841074067411e+00
1.058110442827308262e+00
1.057783732690270373e+00
1.057459682395094136e+00
1.057138264032692065e+00
1.056819450047491671e+00
1.056503213232261373e+00
1.056189526723025240e+00
1.055878363994056546e+00
1.055569698852958149e+00
1.055263505435813487e+00
1.054959758202429487e+00
1.054658431931643214e+00
1.054359501716713776e+00
1.054062942960785065e+00
1.053768731372420664e+00
1.053476842961215132e+00
1.053187254033469689e+00
1.052899941187944055e+00
1.052614881311670914e+00
1.052332051575840755e+00
1.052051429431751783e+00
1.051772992606823554e+00
1.051496719100675437e+00
1.051222587181268597e+00
1.050950575381106367e+00
1.050680662493495898e+00
1.050412827568873109e+00
1.050147049911179575e+00
1.049883309074300719e+00
1.049621584858560386e+00
1.049361857307267387e+00
1.049104106703322437e+00
1.048848313565870383e+00
1.048594458647013061e+00
1.048342522928566556e+00
1.048092487618877744e+00
1.047844334149679479e+00
1.047598044173005727e+00
1.047353599558147774e+00
1.047110982388659295e+00
1.046870174959412259e+00
1.046631159773690811e+00
1.046393919540336448e+00
1.046158437170934485e+00
1.045924695777045832e+00
1.045692678667479170e+00
1.045462369345605769e+00
1.045233751506718045e+00
1.045006809035424977e+00
1.044781526003089933e+00
1.044557886665305357e+00
1.044335875459411200e+00
1.044115477002042880e+00
1.043896676086724540e+00
1.043679457681495393e+00
1.043463806926570259e+00
1.043249709132039849e+00
1.043037149775601469e+00
1.042826114500329471e+00
1.042616589112471681e+00
1.042408559579286909e+00
1.042202012026910429e+00
1.041996932738250115e+00
1.041793308150920971e+00
1.041591124855201445e+00
1.041390369592028131e+00
1.041191029251015587e+00
1.040993090868508109e+00
1.040796541625657934e+00
1.040601368846535868e+00
1.040407559996265885e+00
1.040215102679189041e+00
1.040023984637056476e+00
1.039834193747245061e+00
1.039645718021001475e+00
1.039458545601713801e+00
1.039272664763204679e+00
1.039088063908052417e+00
1.038904731565936546e+00
1.038722656392004895e+00
1.038541827165267550e+00
1.038362232787012340e+00
1.038183862279245417e+00
1.038006704783150269e+00
1.037830749557574705e+00
1.037655985977535167e+00
1.037482403532744346e+00
1.037309991826160571e+00
1.037138740572557838e+00
1.036968639597114494e+00
1.036799678834025018e+00
1.036631848325129779e+00
1.036465138218566784e+00
1.036299538767436523e+00
1.036135040328495904e+00
1.035971633360860400e+00
1.035809308424732178e+00
1.035648056180141774e+00
1.035487867385709748e+00
1.035328732897426107e+00
1.035170643667445267e+00
1.035013590742898115e+00
1.034857565264724499e+00
1.034702558466515709e+00
1.034548561673378941e+00
1.034395566300814195e+00
1.034243563853610048e+00
1.034092545924749640e+00
1.033942504194338197e+00
1.033793430428540772e+00
1.033645316478535969e+00
1.033498154279487657e+00
1.033351935849522674e+00
1.033206653288733179e+00
1.033062298778183230e+00
1.032918864578936669e+00
1.032776343031091448e+00
1.032634726552834170e+00
1.032494007639501277e+00
1.032354178862658456e+00
1.032215232869188259e+00
1.032077162380391933e+00
1.031939960191106120e+00
1.031803619168825126e+00
1.031668132252842929e+00
1.031533492453399870e+00
1.031399692850845762e+00
1.031266726594811889e+00
1.031134586903394545e+00
1.031003267062350126e+00
1.030872760424300205e+00
1.030743060407948830e+00
1.030614160497307585e+00
1.030486054240934646e+00
1.030358735251180713e+00
1.030232197203446276e+00
1.030106433835449975e+00
1.029981438946504291e+00
1.029857206396803004e+00
1.029733730106716649e+00
1.029611004056098178e+00
1.029489022283597288e+00
1.029367778885984075e+00
1.029247268017481343e+00
1.029127483889105354e+00
1.029008420768017906e+00
1.028890072976881731e+00
1.028772434893228560e+00
1.028655500948834955e+00
1.028539265629104582e+00
1.028423723472460027e+00
1.028308869069741061e+00
1.028194697063612884e+00
1.028081202147979711e+00
1.027968379067407234e+00
1.027856222616552628e+00
1.027744727639602118e+00
1.027633889029713421e+00
1.027523701728468408e+00
1.027414160725333092e+00
1.027305261057120056e+00
1.027196997807461987e+00
1.027089366106291868e+00
1.026982361129326504e+00
1.026875978097560926e+00
1.026770212276765015e+00
1.026665058976990341e+00
1.026560513552079890e+00
1.026456571399186446e+00
1.026353227958295866e+00
1.026250478711757008e+00
1.026148319183817437e+00
1.026046744940163125e+00
1.025945751587468369e+00
1.025845334772945483e+00
1.025745490183906039e+00
1.025646213547323438e+00
1.025547500629401254e+00
1.025449347235150022e+00
1.025351749207966012e+00
1.025254702429217124e+00
1.025158202817831876e+00
1.025062246329897064e+00
1.024966828958256304e+00
1.024871946732116124e+00
1.024777595716656498e+00
1.024683772012645600e+00
1.024590471756058996e+00
