2.572498508881383650e+00
2.571679022521211611e+00
2.569232698322075237e+00
2.565195369889618604e+00
2.559624910685217358e+00
2.552598641472554775e+00
2.544210034375005591e+00
2.534564986535321029e+00
2.523777943023236325e+00
2.511968123394347607e+00
2.499256058034482031e+00
2.485760579980130558e+00
2.471596355580653714e+00
2.456871981151741657e+00
2.441688627604128747e+00
2.426139182908909842e+00
2.410307822853758442e+00
2.394269932033332271e+00
2.378092296877502676e+00
2.361833498123198538e+00
2.345544439133435688e+00
2.329268956987591288e+00
2.313044473954342095e+00
2.296902656933413667e+00
2.280870061218470024e+00
2.264968742285332404e+00
2.249216825232502437e+00
2.233629026100838466e+00
2.218217122744171821e+00
2.202990375401836509e+00
2.187955898825539869e+00
2.173118988908069316e+00
2.158483407396340148e+00
2.144051628569961565e+00
2.129825051825111615e+00
2.115804183999973276e+00
2.101988795069236637e+00
2.088378050565196986e+00
2.074970623781442924e+00
2.061764790505978162e+00
2.048758508725752492e+00
2.035949485456036712e+00
2.023335232579538623e+00
2.010913113335400126e+00
1.998680380878004259e+00
1.986634210129257561e+00
1.974771723974963367e+00
1.963090014704153230e+00
1.951586161458116919e+00
1.940257244341278664e+00
1.929100355747201512e+00
1.918112609368115562e+00
1.907291147283350252e+00
1.896633145460000724e+00
1.886135817945827187e+00
1.875796419989620212e+00
1.865612250285638707e+00
1.855580652506431116e+00
1.845699016261027392e+00
1.835964777592174357e+00
1.826375419106893716e+00
1.816928469818288150e+00
1.807621504762714437e+00
1.798452144444863121e+00
1.789418054153852022e+00
1.780516943185117329e+00
1.771746563996458690e+00
1.763104711320856000e+00
1.754589221254130749e+00
1.746197970331714755e+00
1.737928874605700447e+00
1.729779888730655690e+00
1.721749005064703741e+00
1.713834252790602086e+00
1.706033697060192589e+00
1.698345438164458265e+00
1.690767610730572690e+00
1.683298382946595062e+00
1.675935955813965927e+00
1.668678562427455159e+00
1.661524467281999540e+00
1.654471965605544437e+00
1.647519382716945202e+00
1.640665073407677976e+00
1.633907421346328270e+00
1.627244838504543711e+00
1.620675764603228375e+00
1.614198666577795649e+00
1.607812038061308568e+00
1.601514398884327672e+00
1.595304294590446315e+00
1.589180295966422740e+00
1.583140998585993442e+00
1.577185022366418554e+00
1.571311011136962588e+00
1.565517632218478283e+00
1.559803576013423232e+00
1.554167555605611373e+00
1.548608306369067655e+00
1.543124585585514907e+00
1.537715172069876290e+00
1.532378865803428525e+00
1.527114487574095625e+00
1.521920878623603368e+00
1.516796900301061068e+00
1.511741433722712635e+00
1.506753379437583362e+00
1.501831657098739559e+00
1.496975205139972731e+00
1.492182980457671171e+00
1.487453958097755935e+00
1.482787130947462284e+00
1.478181509431829133e+00
1.473636121214867423e+00
1.469150010905099890e+00
1.464722239765606782e+00
1.460351885428261554e+00
1.456038041612241152e+00
1.451779817846664544e+00
1.447576339197288897e+00
1.443426745997220095e+00
1.439330193581608075e+00
1.435285852026211728e+00
1.431292905889856026e+00
1.427350553960705870e+00
1.423458009006298486e+00
1.419614497527359687e+00
1.415819259515285644e+00
1.412071548213336136e+00
1.408370629881447345e+00
1.404715783564648213e+00
1.401106300865103460e+00
1.397541485717632259e+00
1.394020654168809603e+00
1.390543134159522243e+00
1.387108265310995847e+00
1.383715398714227884e+00
1.380363896722861083e+00
1.377053132749363584e+00
1.373782491064592604e+00
1.370551366600638143e+00
1.367359164756933865e+00
1.364205301209615140e+00
1.361089201724073661e+00
1.358010301970689060e+00
1.354968047343688697e+00
1.351961892783115848e+00
1.348991302599853670e+00
1.346055750303698506e+00
1.343154718434410588e+00
1.340287698395727034e+00
1.337454190292313605e+00
1.334653702769571737e+00
1.331885752856321714e+00
1.329149865810282272e+00
1.326445574966330643e+00
1.323772421587489312e+00
1.321129954718623267e+00
1.318517731042773811e+00
1.315935314740152240e+00
1.313382277349675498e+00
1.310858197633072653e+00
1.308362661441494268e+00
1.305895261584576250e+00
1.303455597701966173e+00
1.301043276137201499e+00
1.298657909813980549e+00
1.296299118114726534e+00
1.293966526761444413e+00
1.291659767698813077e+00
1.289378478979497977e+00
1.287122304651605598e+00
1.284890894648302639e+00
1.282683904679510656e+00
1.280500996125670810e+00
1.278341835933525017e+00
1.276206096513899269e+00
1.274093455641435391e+00
1.272003596356236832e+00
1.269936206867413597e+00
1.267890980458473926e+00
1.265867615394528745e+00
1.263865814831296897e+00
1.261885286725846322e+00
1.259925743749072291e+00
1.257986903199850515e+00
1.256068486920867588e+00
1.254170221216058589e+00
1.252291836769649835e+00
1.250433068566774386e+00
1.248593655815615655e+00
1.246773341871064478e+00
1.244971874159850334e+00
1.243189004107125850e+00
1.241424487064480164e+00
1.239678082239339618e+00
1.237949552625740024e+00
1.236238664936438303e+00
1.234545189536348397e+00
1.232868900377262156e+00
1.231209574933827877e+00
1.229566994140787406e+00
1.227940942331407825e+00
1.226331207177127069e+00
1.224737579628343731e+00
1.223159853856377932e+00
1.221597827196531760e+00
1.220051300092268809e+00
1.218520076040457978e+00
1.217003961537682644e+00
1.215502766027583892e+00
1.214016301849215607e+00
1.212544384186400093e+00
1.211086831018056031e+00
1.209643463069477232e+00
1.208214103764561953e+00
1.206798579178933517e+00
1.205396717993998612e+00
1.204008351451841152e+00
1.202633313311018748e+00
1.201271439803182961e+00
1.199922569590534671e+00
1.198586543724087683e+00
1.197263205602740133e+00
1.195952400933101289e+00
1.194653977690118163e+00
1.193367786078410431e+00
1.192093678494367648e+00
1.190831509488958773e+00
1.189581135731232697e+00
1.188342415972525989e+00
1.187115211011334548e+00
1.185899383658854722e+00
1.184694798705169028e+00
1.183501322886065577e+00
1.182318824850490335e+00
1.181147175128594462e+00
1.179986246100395597e+00
1.178835911965014249e+00
1.177696048710486609e+00
1.176566534084144244e+00
1.175447247563537356e+00
1.174338070327907158e+00
1.173238885230181383e+00
1.172149576769487389e+00
1.171070031064180617e+00
1.170000135825362886e+00
1.168939780330894740e+00
1.167888855399883852e+00
1.166847253367640613e+00
1.165814868061096021e+00
1.164791594774666539e+00
1.163777330246563269e+00
1.162771972635531226e+00
1.161775421498012939e+00
1.160787577765726386e+00
1.159808343723654156e+00
1.158837622988425631e+00
1.157875320487093518e+00
1.156921342436291855e+00
1.155975596321772159e+00
1.155037990878311049e+00
1.154108436069963162e+00
1.153186843070688195e+00
1.152273124245314140e+00
1.151367193130837352e+00
1.150468964418068341e+00
1.149578353933586872e+00
1.148695278622037241e+00
1.147819656528719978e+00
1.146951406782501737e+00
1.146090449579025616e+00
1.145236706164214802e+00
1.144390098818067747e+00
1.143550550838741131e+00
1.142717986526904150e+00
1.141892331170375918e+00
1.141073511029025545e+00
1.140261453319932450e+00
1.139456086202816021e+00
1.138657338765706406e+00
1.137865141010867776e+00
1.137079423840969827e+00
1.136300119045488888e+00
1.135527159287352816e+00
1.134760478089809066e+00
1.134000009823517008e+00
1.133245689693870073e+00
1.132497453728525061e+00
1.131755238765149496e+00
1.131018982439374598e+00
1.130288623172958307e+00
1.129564100162140594e+00
1.128845353366202842e+00
1.128132323496219946e+00
1.127424952003997394e+00
1.126723181071199509e+00
1.126026953598656011e+00
1.125336213195853752e+00
1.124650904170596544e+00
1.123970971518843953e+00
1.123296360914715963e+00
1.122627018700665724e+00
1.121962891877812174e+00
1.121303928096438529e+00
1.120650075646642208e+00
1.120001283449139740e+00
1.119357501046227110e+00
1.118718678592885540e+00
1.118084766848030931e+00
1.117455717165912743e+00
1.116831481487645661e+00
1.116212012332885584e+00
1.115597262791639288e+00
1.114987186516203099e+00
1.114381737713240117e+00
1.113780871135975570e+00
1.113184542076526951e+00
1.112592706358353389e+00
1.112005320328827374e+00
1.111422340851922819e+00
1.110843725301025486e+00
1.110269431551853536e+00
1.109699417975494429e+00
1.109133643431550187e+00
1.108572067261391680e+00
1.108014649281519270e+00
1.107461349777035586e+00
1.106912129495205344e+00
1.106366949639137287e+00
1.105825771861546958e+00
1.105288558258627818e+00
1.104755271364017188e+00
1.104225874142853003e+00
1.103700329985924489e+00
1.103178602703918987e+00
1.102660656521747162e+00
1.102146456072967906e+00
1.101635966394293842e+00
1.101129152920180099e+00
1.100625981477499460e+00
1.100126418280299889e+00
1.099630429924639552e+00
1.099137983383504658e+00
1.098649046001799912e+00
1.098163585491422012e+00
1.097681569926401757e+00
1.097202967738124979e+00
1.096727747710622536e+00
1.096255878975935127e+00
1.095787331009541843e+00
1.095322073625867532e+00
1.094860076973847463e+00
1.094401311532564813e+00
1.093945748106953664e+00
1.093493357823561052e+00
1.093044112126381417e+00
1.092597982772740783e+00
1.092154941829255099e+00
1.091714961667838990e+00
1.091278014961779119e+00
1.090844074681862619e+00
1.090413114092564584e+00
1.089985106748290189e+00
1.089560026489674094e+00
1.089137847439931361e+00
1.088718544001264998e+00
1.088302090851321902e+00
1.087888462939707868e+00
1.087477635484543015e+00
1.087069583969076048e+00
1.086664284138344261e+00
1.086261711995881285e+00
1.085861843800473903e+00
1.085464656062963940e+00
1.085070125543098118e+00
1.084678229246424097e+00
1.084288944421224699e+00
1.083902248555505876e+00
1.083518119374018207e+00
1.083136534835328346e+00
1.082757473128926895e+00
1.082380912672381568e+00
1.082006832108525440e+00
1.081635210302692052e+00
1.081266026339982922e+00
1.080899259522577704e+00
1.080534889367081419e+00
1.080172895601907435e+00
1.079813258164698198e+00
1.079455957199783711e+00
1.079100973055672874e+00
1.078748286282580349e+00
1.078397877629990065e+00
1.078049728044248923e+00
1.077703818666198465e+00
1.077360130828834528e+00
1.077018646055002860e+00
1.076679346055124720e+00
1.076342212724954006e+00
1.076007228143366579e+00
1.075674374570179115e+00
1.075343634443993945e+00
1.075014990380082081e+00
1.074688425168287775e+00
1.074363921770962627e+00
1.074041463320932088e+00
1.073721033119483081e+00
1.073402614634385133e+00
1.073086191497934605e+00
1.072771747505026463e+00
1.072459266611250905e+00
1.072148732931018422e+00
1.071840130735705499e+00
1.071533444451830297e+00
1.071228658659249211e+00
1.070925758089378288e+00
1.070624727623440187e+00
1.070325552290730009e+00
1.070028217266910442e+00
1.069732707872324218e+00
1.069439009570331889e+00
1.069147107965669807e+00
1.068856988802830976e+00
1.068568637964466550e+00
1.068282041469809318e+00
1.067997185473116950e+00
1.067714056262134781e+00
1.067432640256581466e+00
1.067152924006651959e+00
1.066874894191541134e+00
1.066598537617985398e+00
1.066323841218825397e+00
1.066050792051585150e+00
1.065779377297072061e+00
1.065509584257990916e+00
1.065241400357580526e+00
1.064974813138266363e+00
1.064709810260326739e+00
1.064446379500583184e+00
1.064184508751099933e+00
1.063924186017907836e+00
1.063665399419737145e+00
1.063408137186772073e+00
1.063152387659417997e+00
1.062898139287085542e+00
1.062645380626990432e+00
1.062394100342967107e+00
1.062144287204299431e+00
1.061895930084564510e+00
1.061649017960490271e+00
1.061403539910830807e+00
1.061159485115253043e+00
1.060916842853237396e+00
1.060675602502993087e+00
1.060435753540387438e+00
1.060197285537888057e+00
1.059960188163515893e+00
1.059724451179817617e+00
1.059490064442840884e+00
1.059257017901134024e+00
1.059025301594747281e+00
1.058794905654254492e+00
1.058565820299781191e+00
1.058338035840048708e+00
1.058111542671428040e+00
1.057886331277004821e+00
1.057662392225657610e+00
1.057439716171145294e+00
1.057218293851208024e+00
1.056998116086677708e+00
1.056779173780598491e+00
1.056561457917359448e+00
1.056344959561838381e+00
1.056129669858552722e+00
1.055915580030825307e+00
1.055702681379955710e+00
1.055490965284405114e+00
1.055280423198989181e+00
1.055071046654080247e+00
1.054862827254821056e+00
1.054655756680346279e+00
1.054449826683013347e+00
1.054245029087642838e+00
1.054041355790769074e+00
1.053838798759897610e+00
1.053637350032772924e+00
1.053437001716653221e+00
1.053237745987597895e+00
1.053039575089757207e+00
1.052842481334675506e+00
1.052646457100600452e+00
1.052451494831800227e+00
1.052257587037891184e+00
1.052064726293168384e+00
1.051872905235950340e+00
1.051682116567926428e+00
1.051492353053513185e+00
1.051303607519221028e+00
1.051115872853023214e+00
