2.015217023719965822e-19
2.015333496547624630e-19
2.015470632950467635e-19
2.015599607041114865e-19
2.015709589260939474e-19
2.015800186217066273e-19
2.015875322749477979e-19
2.015940046403499724e-19
2.015999194513081793e-19
2.016056969327060196e-19
2.016116878361548457e-19
2.016181794052931203e-19
2.016254039893045948e-19
2.016335474116990352e-19
2.016427564157415627e-19
2.016531451332094082e-19
2.016648006540951020e-19
2.016777877875385427e-19
2.016921531003355460e-19
2.017079283166422728e-19
2.017251331600272209e-19
2.017437777150144800e-19
2.017638643793733010e-19
2.017853894710813978e-19
2.018083445461266704e-19
2.018327174755424560e-19
2.018584933228537490e-19
2.018856550566474707e-19
2.019141841272824170e-19
2.019440609318887458e-19
2.019752651876627203e-19
2.020077762300049496e-19
2.020415732491482307e-19
2.020766354764977466e-19
2.021129423299554802e-19
2.021504735258059116e-19
2.021892091634314641e-19
2.022291297879810619e-19
2.022702164352062601e-19
2.023124506619251953e-19
2.023558145649525033e-19
2.024002907908214851e-19
2.024458625381979478e-19
2.024925135545543396e-19
2.025402281283753432e-19
2.025889910779292225e-19
2.026387877374676201e-19
2.026896039415190684e-19
2.027414260078632399e-19
2.027942407196085797e-19
2.028480353067522726e-19
2.029027974275080158e-19
2.029585151496237754e-19
2.030151769318828928e-19
2.030727716059127856e-19
2.031312883584230826e-19
2.031907167139395655e-19
2.032510465181052972e-19
2.033122679215785233e-19
2.033743713645615565e-19
2.034373475619653623e-19
2.035011874892315128e-19
2.035658823687883009e-19
2.036314236571521617e-19
2.036978030326518673e-19
2.037650123837613873e-19
2.038330437980260809e-19
2.039018895515604322e-19
2.039715420990930867e-19
2.040419940645462136e-19
2.041132382321169571e-19
2.041852675378423929e-19
2.042580750616262026e-19
2.043316540197071078e-19
2.044059977575429442e-19
2.044810997430888289e-19
2.045569535604571436e-19
2.046335529039286629e-19
2.047108915723063535e-19
2.047889634635846411e-19
2.048677625699236957e-19
2.049472829729067574e-19
2.050275188390721473e-19
2.051084644156928328e-19
2.051901140268040522e-19
2.052724620694529762e-19
2.053555030101639517e-19
2.054392313816078711e-19
2.055236417794581879e-19
2.056087288594299679e-19
2.056944873344865445e-19
2.057809119722070373e-19
2.058679975923019504e-19
2.059557390642737699e-19
2.060441313052087643e-19
2.061331692776961378e-19
2.062228479878659171e-19
2.063131624835355081e-19
2.064041078524686801e-19
2.064956792207246581e-19
2.065878717511096028e-19
2.066806806417095098e-19
2.067741011245111475e-19
2.068681284640969500e-19
2.069627579564187543e-19
2.070579849276350917e-19
2.071538047330207265e-19
2.072502127559323593e-19
2.073472044068358401e-19
2.074447751223861993e-19
2.075429203645633144e-19
2.076416356198505737e-19
2.077409163984652018e-19
2.078407582336283324e-19
2.079411566808782217e-19
2.080421073174202231e-19
2.081436057415150875e-19
2.082456475718993308e-19
2.083482284472420252e-19
2.084513440256254724e-19
2.085549899840637693e-19
2.086591620180378399e-19
2.087638558410677349e-19
2.088690671842984362e-19
2.089747917961164284e-19
2.090810254417841090e-19
2.091877639030934341e-19
2.092950029780428918e-19
2.094027384805302440e-19
2.095109662400598093e-19
2.096196821014717737e-19
2.097288819246806245e-19
2.098385615844342657e-19
2.099487169700787407e-19
2.100593439853437323e-19
2.101704385481360064e-19
2.102819965903439064e-19
2.103940140576551119e-19
2.105064869093817642e-19
2.106194111182974363e-19
2.107327826704826736e-19
2.108465975651777804e-19
2.109608518146450435e-19
2.110755414440379622e-19
2.111906624912784453e-19
2.113062110069396431e-19
2.114221830541357840e-19
2.115385747084185351e-19
2.116553820576782263e-19
2.117726012020496242e-19
2.118902282538268302e-19
2.120082593373773594e-19
2.121266905890633950e-19
2.122455181571700465e-19
2.123647382018324299e-19
2.124843468949693911e-19
2.126043404202211544e-19
2.127247149728897627e-19
2.128454667598812276e-19
2.129665919996526386e-19
2.130880869221626183e-19
2.132099477688213449e-19
2.133321707924458941e-19
2.134547522572162083e-19
2.135776884386361922e-19
2.137009756234913426e-19
2.138246101098154538e-19
2.139485882068516659e-19
2.140729062350220106e-19
2.141975605258947671e-19
2.143225474221529246e-19
2.144478632775662569e-19
2.145735044569648644e-19
2.146994673362101647e-19
2.148257483021729378e-19
2.149523437527065065e-19
2.150792500966261538e-19
2.152064637536848798e-19
2.153339811545546001e-19
2.154617987408037085e-19
2.155899129648798642e-19
2.157183202900887822e-19
2.158470171905793077e-19
2.159760001513220863e-19
2.161052656680967803e-19
2.162348102474734360e-19
2.163646304067967627e-19
2.164947226741720737e-19
2.166250835884499991e-19
2.167557096992118729e-19
2.168865975667555534e-19
2.170177437620820379e-19
2.171491448668823180e-19
2.172807974735241392e-19
2.174126981850393621e-19
2.175448436151098542e-19
2.176772303880591611e-19
2.178098551388352691e-19
2.179427145130014569e-19
2.180758051667258475e-19
2.182091237667666751e-19
2.183426669904623179e-19
2.184764315257200320e-19
2.186104140710047323e-19
2.187446113353270042e-19
2.188790200382320288e-19
2.190136369097904352e-19
2.191484586905841449e-19
2.192834821316974641e-19
2.194187039947062990e-19
2.195541210516655402e-19
2.196897300850994338e-19
2.198255278879913734e-19
2.199615112637705636e-19
2.200976770263030156e-19
2.202340219998809071e-19
2.203705430192092447e-19
2.205072369293980644e-19
2.206441005859483716e-19
2.207811308547431864e-19
2.209183246120354578e-19
2.210556787444369895e-19
2.211931901489074627e-19
2.213308557327433133e-19
2.214686724135653580e-19
2.216066371193093574e-19
2.217447467882121009e-19
2.218829983688025474e-19
2.220213888198869478e-19
2.221599151105414781e-19
2.222985742200965912e-19
2.224373631381269057e-19
2.225762788644396508e-19
2.227153184090620988e-19
2.228544787922298178e-19
2.229937570443739116e-19
2.231331502061100907e-19
2.232726553282254312e-19
2.234122694716662896e-19
2.235519897075254474e-19
2.236918131170310848e-19
2.238317367915322886e-19
2.239717578324871590e-19
2.241118733514513508e-19
2.242520804700626656e-19
2.243923763200304114e-19
2.245327580431206207e-19
2.246732227911454582e-19
2.248137677259467540e-19
2.249543900193860848e-19
2.250950868533284521e-19
2.252358554196314485e-19
2.253766929201303801e-19
2.255175965666251702e-19
2.256585635808657217e-19
2.257995911945405549e-19
2.259406766492604849e-19
2.260818171965460546e-19
2.262230100978141019e-19
2.263642526243622074e-19
2.265055420573561759e-19
2.266468756878145331e-19
2.267882508165961026e-19
2.269296647543835880e-19
2.270711148216705725e-19
2.272125983487474600e-19
2.273541126756852486e-19
2.274956551523228197e-19
2.276372231382517717e-19
2.277788140028008674e-19
2.279204251250218790e-19
2.280620538936756248e-19
2.282036977072161766e-19
2.283453539737755005e-19
2.284870201111494941e-19
2.286286935467827710e-19
2.287703717177524838e-19
2.289120520707549383e-19
2.290537320620887901e-19
2.291954091576405035e-19
2.293370808328692332e-19
2.294787445727906467e-19
2.296203978719623348e-19
2.297620382344681156e-19
2.299036631739014717e-19
2.300452702133525016e-19
2.301868568853888052e-19
2.303284207320432057e-19
2.304699593047950203e-19
2.306114701645576375e-19
2.307529508816591138e-19
2.308943990358286919e-19
2.310358122161805265e-19
2.311771880211971699e-19
2.313185240587137790e-19
2.314598179459027561e-19
2.316010673092564155e-19
2.317422697845719613e-19
2.318834230169353577e-19
2.320245246607044292e-19
2.321655723794932118e-19
2.323065638461553427e-19
2.324474967427683151e-19
2.325883687606166266e-19
2.327291776001760830e-19
2.328699209710960314e-19
2.330105965921853490e-19
2.331512021913939547e-19
2.332917355057964377e-19
2.334321942815770363e-19
2.335725762740117262e-19
2.337128792474526203e-19
2.338531009753105878e-19
2.339932392400391720e-19
2.341332918331178353e-19
2.342732565550355403e-19
2.344131312152733681e-19
2.345529136322888708e-19
2.346926016334987375e-19
2.348321930552620871e-19
2.349716857428633755e-19
2.351110775504966997e-19
2.352503663412477416e-19
2.353895499870786019e-19
2.355286263688082515e-19
2.356675933760990019e-19
2.358064489074370536e-19
2.359451908701170882e-19
2.360838171802238762e-19
2.362223257626178803e-19
2.363607145509154669e-19
2.364989814874742685e-19
2.366371245233743101e-19
2.367751416184028422e-19
2.369130307410359001e-19
2.370507898684223186e-19
2.371884169863661581e-19
2.373259100893099488e-19
2.374632671803174055e-19
2.376004862710571537e-19
2.377375653817841441e-19
2.378745025413244860e-19
2.380112957870570067e-19
2.381479431648965438e-19
2.382844427292771897e-19
2.384207925431357286e-19
2.385569906778921365e-19
2.386930352134357145e-19
2.388289242381053000e-19
2.389646558486742439e-19
2.391002281503313927e-19
2.392356392566659216e-19
2.393708872896487010e-19
2.395059703796153964e-19
2.396408866652501464e-19
2.397756342935677477e-19
2.399102114198965626e-19
2.400446162078614742e-19
2.401788468293671311e-19
2.403129014645803252e-19
2.404467783019125618e-19
2.405804755380034484e-19
2.407139913777041322e-19
2.408473240340588105e-19
2.409804717282882646e-19
2.411134326897730555e-19
2.412462051560353725e-19
2.413787873727233366e-19
2.415111775935924154e-19
2.416433740804890045e-19
2.417753751033336237e-19
2.419071789401030539e-19
2.420387838768135821e-19
2.421701882075037634e-19
2.423013902342172810e-19
2.424323882669862384e-19
2.425631806238132483e-19
2.426937656306552550e-19
2.428241416214049968e-19
2.429543069378760324e-19
2.430842599297834815e-19
2.432139989547284247e-19
2.433435223781798959e-19
2.434728285734585602e-19
2.436019159217189475e-19
2.437307828119328407e-19
2.438594276408713650e-19
2.439878488130901100e-19
2.441160447409090038e-19
2.442440138443974351e-19
2.443717545513567753e-19
2.444992652973027564e-19
2.446265445254495338e-19
2.447535906866910050e-19
2.448804022395856426e-19
2.450069776503375723e-19
2.451333153927823690e-19
2.452594139483662568e-19
2.453852718061326757e-19
2.455108874627036000e-19
2.456362594222618679e-19
2.457613861965362556e-19
2.458862663047833736e-19
2.460108982737698035e-19
2.461352806377577500e-19
2.462594119384847704e-19
2.463832907251501487e-19
2.465069155543957808e-19
2.466302849902901891e-19
2.467533976043111412e-19
2.468762519753297125e-19
2.469988466895928570e-19
2.471211803407059291e-19
2.472432515296165060e-19
2.473650588645985950e-19
2.474866009612337593e-19
2.476078764423951811e-19
2.477288839382320614e-19
2.478496220861512757e-19
2.479700895308007147e-19
2.480902849240537801e-19
2.482102069249908002e-19
2.483298541998849699e-19
2.484492254221826101e-19
2.485683192724884347e-19
2.486871344385480723e-19
2.488056696152321293e-19
2.489239235045183752e-19
2.490418948154763831e-19
2.491595822642499077e-19
2.492769845740406107e-19
2.493941004750915947e-19
2.495109287046705028e-19
2.496274680070537260e-19
2.497437171335082514e-19
2.498596748422768324e-19
2.499753398985605113e-19
2.500907110745022002e-19
2.502057871491704071e-19
2.503205669085421435e-19
2.504350491454875646e-19
2.505492326597522996e-19
2.506631162579418028e-19
2.507766987535047429e-19
2.508899789667158140e-19
2.510029557246606169e-19
2.511156278612186631e-19
2.512279942170462334e-19
2.513400536395616934e-19
2.514518049829279190e-19
2.515632471080352519e-19
2.516743788824877294e-19
2.517851991805840176e-19
2.518957068833029667e-19
2.520059008782861817e-19
2.521157800598229038e-19
2.522253433288323878e-19
2.523345895928491209e-19
2.524435177660053931e-19
2.525521267690161303e-19
2.526604155291614644e-19
2.527683829802720007e-19
2.528760280627118207e-19
2.529833497233620642e-19
2.530903469156059066e-19
2.531970185993116110e-19
2.533033637408161578e-19
2.534093813129106074e-19
2.535150702948223817e-19
2.536204296721999051e-19
2.537254584370973892e-19
2.538301555879570667e-19
2.539345201295955646e-19
2.540385510731850309e-19
2.541422474362398935e-19
2.542456082425996230e-19
2.543486325224125069e-19
2.544513193121209162e-19
2.545536676544442127e-19
2.546556765983634383e-19
2.547573451991055696e-19
2.548586725181276299e-19
2.549596576231009924e-19
2.550602995878947210e-19
2.551605974925606926e-19
2.552605504233185265e-19
2.553601574725372882e-19
2.554594177387233558e-19
2.555583303265003428e-19
2.556568943465983122e-19
2.557551089158338916e-19
2.558529731570965989e-19
2.559504861993338206e-19
2.560476471775330924e-19
2.561444552327084740e-19
2.562409095118840337e-19
2.563370091680780081e-19
2.564327533602887423e-19
2.565281412534767793e-19
2.566231720185514261e-19
2.567178448323546246e-19
2.568121588776450139e-19
2.569061133430823790e-19
2.569997074232135912e-19
2.570929403184553229e-19
2.571858112350800364e-19
2.572783193851999990e-19
2.573704639867521641e-19
2.574622442634819934e-19
2.575536594449294943e-19
2.576447087664130415e-19
2.577353914690140183e-19
2.578257067995619384e-19
2.579156540106191348e-19
2.580052323604647748e-19
2.580944411130811855e-19
2.581832795381366172e-19
2.582717469109722432e-19
2.583598425125851150e-19
2.584475656296141998e-19
2.585349155543243468e-19
2.586218915845928059e-19
2.587084930238913644e-19
2.587947191812741659e-19
2.588805693713610026e-19
2.589660429143226301e-19
2.590511391358658896e-19
2.591358573672183005e-19
2.592201969451137123e-19
2.593041572117769451e-19
2.593877375149089119e-19
2.594709372076716446e-19
2.595537556486733198e-19
2.596361922019538624e-19
2.597182462369690566e-19
2.597999171285773539e-19
2.598812042570227794e-19
2.599621070079223180e-19
2.600426247722499767e-19
2.601227569463218108e-19
2.602025029317822014e-19
2.602818621355875333e-19
2.603608339699938209e-19
2.604394178525392786e-19
2.605176132060316095e-19
2.605954194585328387e-19
2.606728360433442913e-19
2.607498623989922437e-19
2.608264979692133836e-19
2.609027422029401723e-19
2.609785945542861596e-19
2.610540544825318767e-19
2.611291214521092356e-19
2.612037949325884814e-19
2.612780743986631700e-19
2.613519593301348567e-19
2.614254492118991816e-19
2.614985435339323879e-19
2.615712417912757701e-19
2.616435434840212297e-19
2.617154481172976007e-19
2.617869552012559648e-19
2.618580642510555918e-19
2.619287747868490139e-19
2.619990863337680143e-19
2.620689984219100015e-19
2.621385105863224090e-19
2.622076223669895993e-19
2.622763333088188523e-19
2.623446429616246215e-19
2.624125508801160147e-19
2.624800566238814834e-19
2.625471597573759669e-19
2.626138598499048592e-19
2.626801564756119718e-19
2.627460492134642225e-19
2.628115376472375761e-19
2.628766213655038038e-19
2.629412999616154127e-19
2.630055730336925014e-19
2.630694401846082671e-19
2.631329010219757170e-19
2.631959551581325498e-19
2.632586022101288293e-19
2.633208417997112885e-19
2.633826735533110036e-19
2.634440971020281307e-19
2.635051120816195802e-19
2.635657181324839944e-19
2.636259148996491327e-19
2.636857020327556937e-19
2.637450791860471559e-19
2.638040460183526852e-19
2.638626021930749535e-19
2.639207473781768012e-19
2.639784812461666969e-19
2.640358034740852557e-19
2.640927137434922871e-19
2.641492117404519176e-19
2.642052971555203128e-19
2.642609696837304140e-19
2.643162290245810090e-19
2.643710748820204580e-19
2.644255069644343673e-19
2.644795249846321080e-19
2.645331286598336717e-19
2.645863177116555144e-19
2.646390918660970274e-19
2.646914508535276334e-19
2.647433944086735455e-19
2.647949222706037082e-19
2.648460341827166527e-19
2.648967298927270637e-19
2.649470091526532128e-19
2.649968717188029471e-19
2.650463173517602076e-19
2.650953458163721260e-19
2.651439568817354946e-19
2.651921503211846331e-19
2.652399259122765587e-19
2.652872834367783718e-19
2.653342226806544960e-19
2.653807434340541602e-19
2.654268454912960872e-19
2.654725286508571785e-19
2.655177927153593225e-19
2.655626374915553344e-19
2.656070627903170159e-19
2.656510684266211921e-19
2.656946542195371928e-19
2.657378199922142861e-19
2.657805655718679559e-19
2.658228907897667094e-19
2.658647954812203289e-19
2.659062794855663422e-19
2.659473426461563965e-19
2.659879848103446548e-19
2.660282058294741698e-19
2.660680055588641730e-19
2.661073838577973153e-19
2.661463405895073409e-19
2.661848756211648838e-19
2.662229888238670194e-19
2.662606800726219055e-19
2.662979492463383339e-19
2.663347962278118156e-19
2.663712209037117734e-19
2.664072231645699863e-19
2.664428029047667709e-19
2.664779600225191852e-19
2.665126944198674027e-19
2.665470060026638787e-19
2.665808946805591469e-19
2.666143603669903601e-19
2.666474029791676160e-19
2.666800224380630273e-19
2.667122186683965666e-19
2.667439915986251365e-19
2.667753411609296660e-19
2.668062672912014359e-19
2.668367699290312944e-19
2.668668490176975232e-19
2.668965045041514411e-19
2.669257363390067154e-19
2.669545444765272286e-19
2.669829288746139817e-19
2.670108894947922389e-19
2.670384263022013199e-19
2.670655392655802522e-19
2.670922283572569373e-19
2.671184935531353915e-19
2.671443348326834684e-19
2.671697521789213029e-19
2.671947455784082151e-19
2.672193150212316361e-19
2.672434605009942526e-19
2.672671820148021623e-19
2.672904795632535590e-19
2.673133531504250105e-19
2.673358027838610584e-19
2.673578284745620850e-19
2.673794302369702055e-19
2.674006080889616129e-19
2.674213620518289552e-19
2.674416921502753173e-19
2.674615984123974654e-19
2.674810808696770353e-19
2.675001395569674851e-19
2.675187745124825388e-19
2.675369857777838130e-19
2.675547733977705123e-19
2.675721374206650818e-19
2.675890778980039623e-19
2.676055948846251684e-19
2.676216884386559620e-19
2.676373586215009601e-19
2.676526054978319273e-19
2.676674291355745349e-19
2.676818296058980093e-19
2.676958069832022278e-19
2.677093613451071748e-19
2.677224927724410964e-19
2.677352013492284645e-19
2.677474871626793351e-19
2.677593503031767818e-19
2.677707908642666888e-19
2.677818089426447023e-19
2.677924046381461195e-19
2.678025780537336589e-19
2.678123292954868678e-19
2.678216584725897961e-19
2.678305656973195375e-19
2.678390510850368401e-19
2.678471147541712286e-19
2.678547568262137826e-19
2.678619774257028842e-19
2.678687766802138179e-19
2.678751547203470712e-19
2.678811116797190894e-19
2.678866476949482170e-19
2.678917629056455970e-19
2.678964574544031825e-19
2.679007314867822773e-19
2.679045851513028468e-19
2.679080185994326848e-19
2.679110319855760986e-19
2.679136254670622091e-19
2.679157992041344545e-19
2.679175533599401897e-19
2.679188881005181207e-19
2.679198035947882406e-19
2.679203000145416707e-19
2.679203775344275163e-19
2.679200363319447773e-19
2.679192765874281930e-19
2.679180984840403454e-19
2.679165022077589005e-19
2.679144879473664003e-19
2.679120558944395260e-19
2.679092062433376386e-19
2.679059391911926681e-19
2.679022549378988574e-19
2.678981536860999552e-19
2.678936356411805494e-19
2.678887010112548001e-19
2.678833500071549806e-19
2.678775828424214623e-19
2.678713997332923149e-19
2.678648008986916063e-19
2.678577865602199656e-19
2.678503569421436533e-19
2.678425122713831021e-19
2.678342527775038651e-19
2.678255786927048193e-19
2.678164902518081029e-19
2.678069876922482817e-19
2.677970712540632490e-19
2.677867411798816593e-19
2.677759977149139723e-19
2.677648411069416681e-19
2.677532716063065096e-19
2.677412894659005764e-19
2.677288949411560089e-19
2.677160882900335490e-19
2.677028697730139217e-19
2.676892396530864239e-19
2.676751981957389576e-19
2.676607456689471487e-19
2.676458823431657762e-19
2.676306084913160615e-19
2.676149243887775310e-19
2.675988303133776644e-19
2.675823265453800983e-19
2.675654133674763448e-19
2.675480910647741876e-19
2.675303599247893045e-19
2.675122202374327003e-19
2.674936722950037256e-19
2.674747163921769324e-19
2.674553528259943218e-19
2.674355818958541742e-19
2.674154039035015636e-19
2.673948191530181984e-19
2.673738279508123108e-19
2.673524306056091224e-19
2.673306274284403010e-19
2.673084187326348594e-19
2.672858048338088043e-19
2.672627860498554584e-19
2.672393627009352525e-19
2.672155351094664817e-19
2.671913036001146641e-19
2.671666684997839225e-19
2.671416301376068251e-19
2.671161888449336003e-19
2.670903449553237108e-19
2.670640988045358387e-19
2.670374507305178705e-19
2.670104010733977010e-19
2.669829501754728335e-19
2.669550983812016162e-19
2.669268460371934686e-19
2.668981934921985295e-19
2.668691410970991347e-19
2.668396892048998986e-19
2.668098381707176510e-19
2.667795883517724335e-19
2.667489401073785441e-19
2.667178937989336070e-19
2.666864497899110141e-19
2.666546084458487539e-19
2.666223701343407454e-19
2.665897352250279300e-19
2.665567040895876798e-19
2.665232771017262853e-19
2.664894546371674011e-19
2.664552370736447264e-19
2.664206247908907867e-19
2.663856181706296157e-19
2.663502175965663065e-19
2.663144234543783453e-19
2.662782361317055001e-19
2.662416560181416358e-19
2.662046835052251322e-19
2.661673189864295436e-19
2.661295628571550284e-19
2.660914155147184305e-19
2.660528773583442753e-19
2.660139487891569220e-19
2.659746302101703560e-19
2.659349220262785110e-19
2.658948246442479506e-19
2.658543384727079494e-19
2.658134639221411049e-19
2.657722014048753920e-19
2.657305513350740528e-19
2.656885141287277959e-19
2.656460902036450709e-19
2.656032799794433051e-19
2.655600838775406705e-19
2.655165023211465982e-19
2.654725357352526787e-19
2.654281845466247653e-19
2.653834491837933449e-19
2.653383300770451596e-19
2.652928276584144442e-19
2.652469423616741150e-19
2.652006746223272953e-19
2.651540248775973494e-19
2.651069935664212374e-19
2.650595811294401270e-19
2.650117880089888485e-19
2.649636146490905024e-19
2.649150614954454335e-19
2.648661289954231901e-19
2.648168175980550609e-19
2.647671277540238195e-19
2.647170599156560691e-19
2.646666145369142013e-19
2.646157920733871518e-19
2.645645929822822634e-19
2.645130177224158974e-19
2.644610667542067882e-19
2.644087405396660778e-19
2.643560395423901409e-19
2.643029642275506664e-19
2.642495150618874358e-19
2.641956925137004742e-19
2.641414970528396028e-19
2.640869291506983236e-19
2.640319892802048641e-19
2.639766779158130291e-19
2.639209955334947858e-19
2.638649426107328489e-19
2.638085196265099439e-19
2.637517270613036065e-19
2.636945653970754942e-19
2.636370351172650306e-19
2.635791367067798717e-19
2.635208706519891178e-19
2.634622374407135865e-19
2.634032375622201802e-19
2.633438715072106191e-19
2.632841397678160485e-19
2.632240428375880352e-19
2.631635812114900453e-19
2.631027553858904628e-19
2.630415658585538741e-19
2.629800131286332691e-19
2.629180976966622403e-19
2.628558200645472792e-19
2.627931807355590138e-19
2.627301802143254674e-19
2.626668190068231511e-19
2.626030976203702755e-19
2.625390165636176980e-19
2.624745763465420865e-19
2.624097774804377818e-19
2.623446204779088536e-19
2.622791058528617814e-19
2.622132341204971736e-19
2.621470057973025449e-19
2.620804214010442274e-19
2.620134814507602449e-19
2.619461864667514051e-19
2.618785369705754260e-19
2.618105334850378355e-19
2.617421765341851343e-19
2.616734666432966592e-19
2.616044043388777940e-19
2.615349901486517359e-19
2.614652246015518888e-19
2.613951082277148327e-19
2.613246415584727651e-19
2.612538251263454602e-19
2.611826594650334797e-19
2.611111451094103248e-19
2.610392825955152138e-19
2.609670724605450899e-19
2.608945152428484098e-19
2.608216114819165730e-19
2.607483617183772781e-19
2.606747664939865295e-19
2.606008263516223783e-19
2.605265418352762078e-19
2.604519134900468109e-19
2.603769418621320125e-19
2.603016274988225544e-19
2.602259709484936216e-19
2.601499727605981975e-19
2.600736334856603234e-19
2.599969536752669132e-19
2.599199338820617348e-19
2.598425746597372249e-19
2.597648765630277966e-19
2.596868401477031946e-19
2.596084659705603585e-19
2.595297545894170670e-19
2.594507065631049564e-19
2.593713224514623949e-19
2.592916028153266342e-19
2.592115482165280316e-19
2.591311592178824431e-19
2.590504363831842412e-19
2.589693802771994302e-19
2.588879914656586647e-19
2.588062705152504122e-19
2.587242179936141644e-19
2.586418344693332634e-19
2.585591205119282085e-19
2.584760766918495789e-19
2.583927035804717260e-19
2.583090017500853587e-19
2.582249717738911878e-19
2.581406142259927037e-19
2.580559296813901100e-19
2.579709187159728118e-19
2.578855819065128201e-19
2.577999198306585883e-19
2.577139330669281272e-19
2.576276221947013974e-19
2.575409877942150133e-19
2.574540304465550690e-19
2.573667507336500599e-19
2.572791492382648170e-19
2.571912265439935727e-19
2.571029832352537982e-19
2.570144198972794628e-19
2.569255371161140522e-19
2.568363354786046946e-19
2.567468155723952753e-19
2.566569779859198889e-19
2.565668233083969646e-19
2.564763521298222854e-19
2.563855650409618136e-19
2.562944626333473093e-19
2.562030454992679047e-19
2.561113142317643740e-19
2.560192694246236453e-19
2.559269116723709515e-19
2.558342415702645828e-19
2.557412597142892901e-19
2.556479667011493999e-19
2.555543631282636144e-19
2.554604495937578852e-19
2.553662266964593469e-19
2.552716950358901542e-19
2.551768552122614149e-19
2.550817078264668829e-19
2.549862534800761206e-19
2.548904927753293477e-19
2.547944263151310851e-19
2.546980547030433181e-19
2.546013785432801517e-19
2.545043984407011184e-19
2.544071150008053037e-19
2.543095288297256169e-19
2.542116405342224832e-19
2.541134507216771996e-19
