1.000000000000000062e-09
2.000000000000000125e-09
3.000000000000000394e-09
4.000000000000000249e-09
5.000000000000000105e-09
5.999999999999999960e-09
7.000000000000000643e-09
8.000000000000000498e-09
9.000000000000001181e-09
1.000000000000000186e-08
1.100000000000000089e-08
1.200000000000000157e-08
1.300000000000000226e-08
1.400000000000000129e-08
1.500000000000000197e-08
1.600000000000000100e-08
1.700000000000000002e-08
1.799999999999999905e-08
1.900000000000000139e-08
2.000000000000000042e-08
2.099999999999999945e-08
2.200000000000000178e-08
2.300000000000000081e-08
2.399999999999999984e-08
2.500000000000000218e-08
2.600000000000000121e-08
2.700000000000000023e-08
2.799999999999999926e-08
2.900000000000000160e-08
3.000000000000000394e-08
3.100000000000000627e-08
3.200000000000000199e-08
3.300000000000000433e-08
3.400000000000000667e-08
3.500000000000000239e-08
3.600000000000000472e-08
3.700000000000000706e-08
3.800000000000000278e-08
3.900000000000000512e-08
4.000000000000000745e-08
4.100000000000000317e-08
4.200000000000000551e-08
4.300000000000000785e-08
4.400000000000000357e-08
4.500000000000000590e-08
4.600000000000000824e-08
4.700000000000000396e-08
4.800000000000000630e-08
4.900000000000000864e-08
5.000000000000000435e-08
5.100000000000000669e-08
5.200000000000000241e-08
5.300000000000000475e-08
5.400000000000000709e-08
5.500000000000000281e-08
5.600000000000000514e-08
5.700000000000000748e-08
5.800000000000000320e-08
5.900000000000000554e-08
6.000000000000000787e-08
6.100000000000000359e-08
6.199999999999999931e-08
6.299999999999999503e-08
6.400000000000000399e-08
6.499999999999999971e-08
6.599999999999999543e-08
6.700000000000000438e-08
6.800000000000000010e-08
6.899999999999999582e-08
7.000000000000000477e-08
7.100000000000000049e-08
7.199999999999999621e-08
7.300000000000000517e-08
7.400000000000000089e-08
7.499999999999999661e-08
7.600000000000000556e-08
7.700000000000000128e-08
7.799999999999999700e-08
7.900000000000000595e-08
8.000000000000000167e-08
8.099999999999999739e-08
8.200000000000000635e-08
8.300000000000000207e-08
8.399999999999999779e-08
8.500000000000000674e-08
8.600000000000000246e-08
8.699999999999999818e-08
8.800000000000000714e-08
8.900000000000000285e-08
8.999999999999999857e-08
9.100000000000000753e-08
9.200000000000000325e-08
9.299999999999999897e-08
9.400000000000000792e-08
9.500000000000000364e-08
9.599999999999999936e-08
9.700000000000000832e-08
9.800000000000000404e-08
9.899999999999999976e-08
9.999999999999999547e-08
1.010000000000000044e-07
1.020000000000000001e-07
1.029999999999999959e-07
1.040000000000000048e-07
1.050000000000000005e-07
1.059999999999999963e-07
1.070000000000000052e-07
1.080000000000000009e-07
1.089999999999999967e-07
1.100000000000000056e-07
1.110000000000000013e-07
1.119999999999999970e-07
1.130000000000000060e-07
1.140000000000000017e-07
1.149999999999999974e-07
1.160000000000000064e-07
1.170000000000000021e-07
1.179999999999999978e-07
1.190000000000000068e-07
1.200000000000000157e-07
1.210000000000000115e-07
1.220000000000000072e-07
1.230000000000000029e-07
1.239999999999999986e-07
1.249999999999999943e-07
1.260000000000000165e-07
1.270000000000000123e-07
1.280000000000000080e-07
1.290000000000000037e-07
1.299999999999999994e-07
1.309999999999999951e-07
1.319999999999999909e-07
1.330000000000000130e-07
1.340000000000000088e-07
1.350000000000000045e-07
1.360000000000000002e-07
1.369999999999999959e-07
1.379999999999999916e-07
1.390000000000000138e-07
1.400000000000000095e-07
1.410000000000000053e-07
1.420000000000000010e-07
1.429999999999999967e-07
1.439999999999999924e-07
1.450000000000000146e-07
1.460000000000000103e-07
1.470000000000000061e-07
1.480000000000000018e-07
1.489999999999999975e-07
1.499999999999999932e-07
1.510000000000000154e-07
1.520000000000000111e-07
1.530000000000000068e-07
1.540000000000000026e-07
1.549999999999999983e-07
1.559999999999999940e-07
1.570000000000000162e-07
1.580000000000000119e-07
1.590000000000000076e-07
1.600000000000000033e-07
1.609999999999999991e-07
1.619999999999999948e-07
1.630000000000000170e-07
1.640000000000000127e-07
1.650000000000000084e-07
1.660000000000000041e-07
1.669999999999999999e-07
1.679999999999999956e-07
1.690000000000000178e-07
1.700000000000000135e-07
1.710000000000000092e-07
1.720000000000000049e-07
1.730000000000000006e-07
1.739999999999999964e-07
1.750000000000000186e-07
1.760000000000000143e-07
1.770000000000000100e-07
1.780000000000000057e-07
1.790000000000000014e-07
1.799999999999999971e-07
1.810000000000000193e-07
1.820000000000000151e-07
1.830000000000000108e-07
1.840000000000000065e-07
1.850000000000000022e-07
1.859999999999999979e-07
1.870000000000000201e-07
1.880000000000000158e-07
1.890000000000000116e-07
1.900000000000000073e-07
1.910000000000000030e-07
1.919999999999999987e-07
1.930000000000000209e-07
1.940000000000000166e-07
1.950000000000000124e-07
1.960000000000000081e-07
1.970000000000000038e-07
1.979999999999999995e-07
1.989999999999999952e-07
2.000000000000000174e-07
2.010000000000000131e-07
2.020000000000000089e-07
2.030000000000000046e-07
2.040000000000000003e-07
2.049999999999999960e-07
2.060000000000000182e-07
2.070000000000000139e-07
2.080000000000000096e-07
2.090000000000000054e-07
2.100000000000000011e-07
2.109999999999999968e-07
2.120000000000000190e-07
2.130000000000000147e-07
2.140000000000000104e-07
2.150000000000000062e-07
2.160000000000000019e-07
2.169999999999999976e-07
2.180000000000000198e-07
2.190000000000000155e-07
2.200000000000000112e-07
2.210000000000000069e-07
2.220000000000000027e-07
2.229999999999999984e-07
2.240000000000000206e-07
2.250000000000000163e-07
2.260000000000000120e-07
2.270000000000000077e-07
2.280000000000000034e-07
2.289999999999999992e-07
2.300000000000000214e-07
2.310000000000000171e-07
2.320000000000000128e-07
2.330000000000000085e-07
2.340000000000000042e-07
2.350000000000000000e-07
2.360000000000000221e-07
2.370000000000000179e-07
2.380000000000000136e-07
2.390000000000000093e-07
2.400000000000000315e-07
2.410000000000000537e-07
2.420000000000000229e-07
2.430000000000000451e-07
2.440000000000000144e-07
2.450000000000000366e-07
2.460000000000000587e-07
2.470000000000000280e-07
2.480000000000000502e-07
2.490000000000000194e-07
2.500000000000000416e-07
2.510000000000000638e-07
2.520000000000000331e-07
2.530000000000000553e-07
2.540000000000000245e-07
2.550000000000000467e-07
2.560000000000000159e-07
2.570000000000000381e-07
2.580000000000000603e-07
2.590000000000000296e-07
2.600000000000000518e-07
2.610000000000000210e-07
2.620000000000000432e-07
2.630000000000000125e-07
2.640000000000000346e-07
2.650000000000000568e-07
2.660000000000000261e-07
2.670000000000000483e-07
2.680000000000000175e-07
2.690000000000000397e-07
2.700000000000000619e-07
2.710000000000000311e-07
2.720000000000000533e-07
2.730000000000000226e-07
2.740000000000000448e-07
2.750000000000000140e-07
2.760000000000000362e-07
2.770000000000000584e-07
2.780000000000000277e-07
2.790000000000000498e-07
2.800000000000000191e-07
2.810000000000000413e-07
2.820000000000000635e-07
2.830000000000000327e-07
2.840000000000000549e-07
2.850000000000000242e-07
2.860000000000000464e-07
2.870000000000000156e-07
2.880000000000000378e-07
2.890000000000000600e-07
2.900000000000000292e-07
2.910000000000000514e-07
2.920000000000000207e-07
2.930000000000000429e-07
2.940000000000000650e-07
2.950000000000000343e-07
2.960000000000000565e-07
2.970000000000000257e-07
2.980000000000000479e-07
2.990000000000000172e-07
3.000000000000000394e-07
3.010000000000000616e-07
3.020000000000000308e-07
3.030000000000000530e-07
3.040000000000000222e-07
3.050000000000000444e-07
3.060000000000000666e-07
3.070000000000000359e-07
3.080000000000000581e-07
3.090000000000000273e-07
3.100000000000000495e-07
3.110000000000000187e-07
3.120000000000000409e-07
3.130000000000000631e-07
3.140000000000000324e-07
3.150000000000000546e-07
3.160000000000000238e-07
3.170000000000000460e-07
3.180000000000000682e-07
3.190000000000000374e-07
3.200000000000000596e-07
3.210000000000000289e-07
3.220000000000000511e-07
3.230000000000000203e-07
3.240000000000000425e-07
3.250000000000000647e-07
3.260000000000000340e-07
3.270000000000000561e-07
3.280000000000000254e-07
3.290000000000000476e-07
3.300000000000000168e-07
3.310000000000000390e-07
3.320000000000000612e-07
3.330000000000000305e-07
3.340000000000000526e-07
3.350000000000000219e-07
3.360000000000000441e-07
3.370000000000000663e-07
3.380000000000000355e-07
3.390000000000000577e-07
3.400000000000000270e-07
3.410000000000000492e-07
3.420000000000000184e-07
3.430000000000000406e-07
3.440000000000000628e-07
3.450000000000000320e-07
3.460000000000000542e-07
3.470000000000000235e-07
3.480000000000000457e-07
3.490000000000000679e-07
3.500000000000000371e-07
3.510000000000000593e-07
3.520000000000000285e-07
3.530000000000000507e-07
3.540000000000000200e-07
3.550000000000000422e-07
3.560000000000000644e-07
3.570000000000000336e-07
3.580000000000000558e-07
3.590000000000000250e-07
3.600000000000000472e-07
3.610000000000000694e-07
3.620000000000000387e-07
3.630000000000000609e-07
3.640000000000000301e-07
3.650000000000000523e-07
3.660000000000000216e-07
3.670000000000000437e-07
3.680000000000000659e-07
3.690000000000000352e-07
3.700000000000000574e-07
3.710000000000000266e-07
3.720000000000000488e-07
3.730000000000000710e-07
3.740000000000000403e-07
3.750000000000000624e-07
3.760000000000000317e-07
3.770000000000000539e-07
3.780000000000000231e-07
3.790000000000000453e-07
3.800000000000000675e-07
3.810000000000000368e-07
3.820000000000000589e-07
3.830000000000000282e-07
3.840000000000000504e-07
3.850000000000000726e-07
3.860000000000000418e-07
3.870000000000000640e-07
3.880000000000000333e-07
3.890000000000000555e-07
3.900000000000000247e-07
3.910000000000000469e-07
3.920000000000000691e-07
3.930000000000000383e-07
3.940000000000000605e-07
3.950000000000000298e-07
3.960000000000000520e-07
3.970000000000000212e-07
3.980000000000000434e-07
3.990000000000000656e-07
4.000000000000000348e-07
4.010000000000000570e-07
4.020000000000000263e-07
4.030000000000000485e-07
4.040000000000000707e-07
4.050000000000000399e-07
4.060000000000000621e-07
4.070000000000000313e-07
4.080000000000000535e-07
4.090000000000000228e-07
4.100000000000000450e-07
4.110000000000000672e-07
4.120000000000000364e-07
4.130000000000000586e-07
4.140000000000000279e-07
4.150000000000000500e-07
4.160000000000000722e-07
4.170000000000000415e-07
4.180000000000000637e-07
4.190000000000000329e-07
4.200000000000000551e-07
4.210000000000000244e-07
4.220000000000000465e-07
4.230000000000000687e-07
4.240000000000000380e-07
4.250000000000000602e-07
4.260000000000000294e-07
4.270000000000000516e-07
4.280000000000000738e-07
4.290000000000000431e-07
4.300000000000000652e-07
4.310000000000000345e-07
4.320000000000000567e-07
4.330000000000000259e-07
4.340000000000000481e-07
4.350000000000000703e-07
4.360000000000000396e-07
4.370000000000000618e-07
4.380000000000000310e-07
4.390000000000000532e-07
4.400000000000000754e-07
4.410000000000000446e-07
4.420000000000000668e-07
4.430000000000000361e-07
4.440000000000000583e-07
4.450000000000000275e-07
4.460000000000000497e-07
4.470000000000000719e-07
4.480000000000000411e-07
4.490000000000000633e-07
4.500000000000000326e-07
4.510000000000000548e-07
4.520000000000000240e-07
4.530000000000000462e-07
4.540000000000000684e-07
4.550000000000000376e-07
4.560000000000000598e-07
4.570000000000000291e-07
4.580000000000000513e-07
4.590000000000000735e-07
4.600000000000000427e-07
4.610000000000000649e-07
4.620000000000000342e-07
4.630000000000000563e-07
4.640000000000000256e-07
4.650000000000000478e-07
4.660000000000000700e-07
4.670000000000000392e-07
4.680000000000000614e-07
4.690000000000000307e-07
4.700000000000000528e-07
4.710000000000000750e-07
4.720000000000000443e-07
4.730000000000000665e-07
4.740000000000000357e-07
4.750000000000000579e-07
4.760000000000000272e-07
4.770000000000000494e-07
4.780000000000000186e-07
4.789999999999999879e-07
4.799999999999999571e-07
4.810000000000000322e-07
4.820000000000000015e-07
4.829999999999999707e-07
4.840000000000000459e-07
4.850000000000000151e-07
4.859999999999999844e-07
4.869999999999999536e-07
4.880000000000000287e-07
4.889999999999999980e-07
4.899999999999999672e-07
4.910000000000000424e-07
4.920000000000000116e-07
4.929999999999999809e-07
4.939999999999999501e-07
4.950000000000000252e-07
4.959999999999999945e-07
4.969999999999999637e-07
4.980000000000000389e-07
4.990000000000000081e-07
4.999999999999999774e-07
5.010000000000000525e-07
5.020000000000000218e-07
5.029999999999999910e-07
5.039999999999999603e-07
5.050000000000000354e-07
5.060000000000000046e-07
5.069999999999999739e-07
5.080000000000000490e-07
5.090000000000000183e-07
5.099999999999999875e-07
5.109999999999999568e-07
5.120000000000000319e-07
5.130000000000000011e-07
5.139999999999999704e-07
5.150000000000000455e-07
5.160000000000000148e-07
5.169999999999999840e-07
5.179999999999999533e-07
5.190000000000000284e-07
5.199999999999999976e-07
5.209999999999999669e-07
5.220000000000000420e-07
5.230000000000000113e-07
5.239999999999999805e-07
5.249999999999999498e-07
5.260000000000000249e-07
5.269999999999999942e-07
5.279999999999999634e-07
5.290000000000000385e-07
5.300000000000000078e-07
5.309999999999999770e-07
5.320000000000000522e-07
5.330000000000000214e-07
5.339999999999999907e-07
5.349999999999999599e-07
5.360000000000000350e-07
5.370000000000000043e-07
5.379999999999999735e-07
5.390000000000000487e-07
5.400000000000000179e-07
5.409999999999999872e-07
5.419999999999999564e-07
5.430000000000000315e-07
5.440000000000000008e-07
5.449999999999999700e-07
5.460000000000000452e-07
5.470000000000000144e-07
5.479999999999999837e-07
5.489999999999999529e-07
5.500000000000000281e-07
5.509999999999999973e-07
5.519999999999999666e-07
5.530000000000000417e-07
5.540000000000000109e-07
5.549999999999999802e-07
5.560000000000000553e-07
5.570000000000000246e-07
5.579999999999999938e-07
5.589999999999999631e-07
5.600000000000000382e-07
5.610000000000000074e-07
5.619999999999999767e-07
5.630000000000000518e-07
5.640000000000000211e-07
5.649999999999999903e-07
5.659999999999999596e-07
5.670000000000000347e-07
5.680000000000000039e-07
5.689999999999999732e-07
5.700000000000000483e-07
5.710000000000000176e-07
5.719999999999999868e-07
5.729999999999999561e-07
5.740000000000000312e-07
5.750000000000000004e-07
5.759999999999999697e-07
5.770000000000000448e-07
5.780000000000000141e-07
5.789999999999999833e-07
5.799999999999999526e-07
5.810000000000000277e-07
5.819999999999999970e-07
5.829999999999999662e-07
5.840000000000000413e-07
5.850000000000000106e-07
5.859999999999999798e-07
5.870000000000000550e-07
5.880000000000000242e-07
5.889999999999999935e-07
5.899999999999999627e-07
5.910000000000000378e-07
5.920000000000000071e-07
5.929999999999999763e-07
5.940000000000000515e-07
5.950000000000000207e-07
5.959999999999999900e-07
5.969999999999999592e-07
5.980000000000000343e-07
5.990000000000000036e-07
5.999999999999999728e-07
6.010000000000000480e-07
6.020000000000000172e-07
6.029999999999999865e-07
6.039999999999999557e-07
6.050000000000000309e-07
6.060000000000000001e-07
6.069999999999999694e-07
6.080000000000000445e-07
6.090000000000000137e-07
6.099999999999999830e-07
6.110000000000000581e-07
6.120000000000000274e-07
6.129999999999999966e-07
6.139999999999999659e-07
6.150000000000000410e-07
6.160000000000000102e-07
6.169999999999999795e-07
6.180000000000000546e-07
6.190000000000000239e-07
6.199999999999999931e-07
6.209999999999999624e-07
6.220000000000000375e-07
6.230000000000000067e-07
6.239999999999999760e-07
6.250000000000000511e-07
6.260000000000000204e-07
6.269999999999999896e-07
6.279999999999999589e-07
6.290000000000000340e-07
6.300000000000000033e-07
6.309999999999999725e-07
6.320000000000000476e-07
6.330000000000000169e-07
6.339999999999999861e-07
6.350000000000000613e-07
6.360000000000000305e-07
6.369999999999999998e-07
6.379999999999999690e-07
6.390000000000000441e-07
6.400000000000000134e-07
6.409999999999999826e-07
6.420000000000000578e-07
6.430000000000000270e-07
6.439999999999999963e-07
6.449999999999999655e-07
6.460000000000000406e-07
6.470000000000000099e-07
6.479999999999999791e-07
6.490000000000000543e-07
6.500000000000000235e-07
6.509999999999999928e-07
6.519999999999999620e-07
6.530000000000000372e-07
6.540000000000000064e-07
6.549999999999999757e-07
6.560000000000000508e-07
6.570000000000000200e-07
6.579999999999999893e-07
6.589999999999999585e-07
6.600000000000000337e-07
6.610000000000000029e-07
6.619999999999999722e-07
6.630000000000000473e-07
6.640000000000000165e-07
6.649999999999999858e-07
6.660000000000000609e-07
6.670000000000000302e-07
6.679999999999999994e-07
6.689999999999999687e-07
6.700000000000000438e-07
6.710000000000000130e-07
6.719999999999999823e-07
6.730000000000000574e-07
6.740000000000000267e-07
6.749999999999999959e-07
6.759999999999999652e-07
6.770000000000000403e-07
6.780000000000000096e-07
6.789999999999999788e-07
6.800000000000000539e-07
6.810000000000000232e-07
6.819999999999999924e-07
6.829999999999999617e-07
6.840000000000000368e-07
6.850000000000000061e-07
6.859999999999999753e-07
6.870000000000000504e-07
6.880000000000000197e-07
6.889999999999999889e-07
6.900000000000000641e-07
6.910000000000000333e-07
6.920000000000000026e-07
6.929999999999999718e-07
6.940000000000000469e-07
6.950000000000000162e-07
6.959999999999999854e-07
6.970000000000000606e-07
6.980000000000000298e-07
6.989999999999999991e-07
6.999999999999999683e-07
7.010000000000000435e-07
7.020000000000000127e-07
7.029999999999999820e-07
7.040000000000000571e-07
7.050000000000000263e-07
7.059999999999999956e-07
7.069999999999999648e-07
7.080000000000000400e-07
7.090000000000000092e-07
7.099999999999999785e-07
7.110000000000000536e-07
7.120000000000000228e-07
7.129999999999999921e-07
7.139999999999999613e-07
7.150000000000000365e-07
7.160000000000000057e-07
7.169999999999999750e-07
7.180000000000000501e-07
7.190000000000000193e-07
7.199999999999999886e-07
7.210000000000000637e-07
7.220000000000000330e-07
7.230000000000000022e-07
7.239999999999999715e-07
7.250000000000000466e-07
7.260000000000000159e-07
7.269999999999999851e-07
7.280000000000000602e-07
7.290000000000000295e-07
7.299999999999999987e-07
7.309999999999999680e-07
7.320000000000000431e-07
7.330000000000000124e-07
7.339999999999999816e-07
7.350000000000000567e-07
7.360000000000000260e-07
7.369999999999999952e-07
7.379999999999999645e-07
7.390000000000000396e-07
7.400000000000000089e-07
7.409999999999999781e-07
7.420000000000000532e-07
7.430000000000000225e-07
7.439999999999999917e-07
7.450000000000000669e-07
7.460000000000000361e-07
7.470000000000000054e-07
7.479999999999999746e-07
7.490000000000000498e-07
7.500000000000000190e-07
7.509999999999999883e-07
7.520000000000000634e-07
7.530000000000000326e-07
7.540000000000000019e-07
7.549999999999999711e-07
7.560000000000000463e-07
7.570000000000000155e-07
7.579999999999999848e-07
7.590000000000000599e-07
7.600000000000000291e-07
7.609999999999999984e-07
7.619999999999999676e-07
7.630000000000000428e-07
7.640000000000000120e-07
7.649999999999999813e-07
7.660000000000000564e-07
7.670000000000000256e-07
7.679999999999999949e-07
7.690000000000000700e-07
7.700000000000000393e-07
7.710000000000000085e-07
7.719999999999999778e-07
7.730000000000000529e-07
7.740000000000000221e-07
7.749999999999999914e-07
7.760000000000000665e-07
7.770000000000000358e-07
7.780000000000000050e-07
7.789999999999999743e-07
7.800000000000000494e-07
7.810000000000000187e-07
7.819999999999999879e-07
7.830000000000000630e-07
7.840000000000000323e-07
7.850000000000000015e-07
7.859999999999999708e-07
7.870000000000000459e-07
7.880000000000000152e-07
7.889999999999999844e-07
7.900000000000000595e-07
7.910000000000000288e-07
7.919999999999999980e-07
7.929999999999999673e-07
7.940000000000000424e-07
7.950000000000000117e-07
7.959999999999999809e-07
7.970000000000000560e-07
7.980000000000000253e-07
7.989999999999999945e-07
8.000000000000000697e-07
8.010000000000000389e-07
8.020000000000000082e-07
8.029999999999999774e-07
8.040000000000000526e-07
8.050000000000000218e-07
8.059999999999999911e-07
8.070000000000000662e-07
8.080000000000000354e-07
8.090000000000000047e-07
8.099999999999999739e-07
8.110000000000000491e-07
8.120000000000000183e-07
8.129999999999999876e-07
8.140000000000000627e-07
8.150000000000000319e-07
8.160000000000000012e-07
8.169999999999999704e-07
8.180000000000000456e-07
8.190000000000000148e-07
8.199999999999999841e-07
8.210000000000000592e-07
8.220000000000000284e-07
8.229999999999999977e-07
8.240000000000000728e-07
8.250000000000000421e-07
8.260000000000000113e-07
8.269999999999999806e-07
8.280000000000000557e-07
8.290000000000000250e-07
8.299999999999999942e-07
8.310000000000000693e-07
8.320000000000000386e-07
8.330000000000000078e-07
8.339999999999999771e-07
8.350000000000000522e-07
8.360000000000000215e-07
8.369999999999999907e-07
8.380000000000000658e-07
8.390000000000000351e-07
8.400000000000000043e-07
8.409999999999999736e-07
8.420000000000000487e-07
8.430000000000000180e-07
8.439999999999999872e-07
8.450000000000000623e-07
8.460000000000000316e-07
8.470000000000000008e-07
8.479999999999999701e-07
8.490000000000000452e-07
8.500000000000000145e-07
8.509999999999999837e-07
8.520000000000000589e-07
8.530000000000000281e-07
8.539999999999999974e-07
8.550000000000000725e-07
8.560000000000000417e-07
8.570000000000000110e-07
8.579999999999999802e-07
8.590000000000000554e-07
8.600000000000000246e-07
8.609999999999999939e-07
8.620000000000000690e-07
8.630000000000000382e-07
8.640000000000000075e-07
8.649999999999999767e-07
8.660000000000000519e-07
8.670000000000000211e-07
8.679999999999999904e-07
8.690000000000000655e-07
8.700000000000000347e-07
8.710000000000000040e-07
8.719999999999999732e-07
8.730000000000000484e-07
8.740000000000000176e-07
8.749999999999999869e-07
8.760000000000000620e-07
8.770000000000000313e-07
8.780000000000000005e-07
8.790000000000000756e-07
8.800000000000000449e-07
8.810000000000000141e-07
8.819999999999999834e-07
8.830000000000000585e-07
8.840000000000000278e-07
8.849999999999999970e-07
8.860000000000000721e-07
8.870000000000000414e-07
8.880000000000000106e-07
8.889999999999999799e-07
8.900000000000000550e-07
8.910000000000000243e-07
8.919999999999999935e-07
8.930000000000000686e-07
8.940000000000000379e-07
8.950000000000000071e-07
8.959999999999999764e-07
8.970000000000000515e-07
8.980000000000000208e-07
8.989999999999999900e-07
9.000000000000000652e-07
9.010000000000000344e-07
9.020000000000000037e-07
9.029999999999999729e-07
9.040000000000000480e-07
9.050000000000000173e-07
9.059999999999999865e-07
9.070000000000000617e-07
9.080000000000000309e-07
9.090000000000000002e-07
9.100000000000000753e-07
9.110000000000000445e-07
9.120000000000000138e-07
9.129999999999999830e-07
9.140000000000000582e-07
9.150000000000000274e-07
9.159999999999999967e-07
9.170000000000000718e-07
9.180000000000000410e-07
9.190000000000000103e-07
9.199999999999999795e-07
9.210000000000000547e-07
9.220000000000000239e-07
9.229999999999999932e-07
9.240000000000000683e-07
9.250000000000000376e-07
9.260000000000000068e-07
9.269999999999999761e-07
9.280000000000000512e-07
9.290000000000000204e-07
9.299999999999999897e-07
9.310000000000000648e-07
9.320000000000000341e-07
9.330000000000000033e-07
9.340000000000000784e-07
9.350000000000000477e-07
9.360000000000000169e-07
9.369999999999999862e-07
9.380000000000000613e-07
9.390000000000000306e-07
9.399999999999999998e-07
9.410000000000000749e-07
9.420000000000000442e-07
9.430000000000000134e-07
9.439999999999999827e-07
9.450000000000000578e-07
9.460000000000000271e-07
9.469999999999999963e-07
9.480000000000000715e-07
9.490000000000000407e-07
9.500000000000000100e-07
9.509999999999999792e-07
9.520000000000000543e-07
9.530000000000000236e-07
9.540000000000000987e-07
9.550000000000001738e-07
9.560000000000000372e-07
9.570000000000001123e-07
9.580000000000001875e-07
9.590000000000000508e-07
9.600000000000001260e-07
9.610000000000002011e-07
9.620000000000000645e-07
9.630000000000001396e-07
9.640000000000002147e-07
9.650000000000000781e-07
9.660000000000001532e-07
9.670000000000002284e-07
9.680000000000000917e-07
9.690000000000001669e-07
9.700000000000000302e-07
9.710000000000001053e-07
9.720000000000001805e-07
9.730000000000000438e-07
9.740000000000001190e-07
9.750000000000001941e-07
9.760000000000000575e-07
9.770000000000001326e-07
9.780000000000002077e-07
9.790000000000000711e-07
9.800000000000001462e-07
9.810000000000002214e-07
9.820000000000000847e-07
9.830000000000001599e-07
9.840000000000002350e-07
9.850000000000000984e-07
9.860000000000001735e-07
9.870000000000000369e-07
9.880000000000001120e-07
9.890000000000001871e-07
9.900000000000000505e-07
9.910000000000001256e-07
9.920000000000002007e-07
9.930000000000000641e-07
9.940000000000001392e-07
9.950000000000002144e-07
9.960000000000000777e-07
9.970000000000001529e-07
9.980000000000002280e-07
9.990000000000000914e-07
