5.705527191702692979e-19
5.697078604870207126e-19
5.685271809497127477e-19
5.671389993338414192e-19
5.656307157361893398e-19
5.640614150801891364e-19
5.624707837482194060e-19
5.608851788111199150e-19
5.593218042588877236e-19
5.577916313322276776e-19
5.563014239395140201e-19
5.548551141232220269e-19
5.534547217915572083e-19
5.521009684963388409e-19
5.507936912250953615e-19
5.495321260925276311e-19
5.483151063046725808e-19
5.471412023473295155e-19
5.460088222570302040e-19
5.449162836922718405e-19
5.438618657297001850e-19
5.428438458962220825e-19
5.418605263578055651e-19
5.409102521031760223e-19
5.399914232033015951e-19
5.391025026866540894e-19
5.382420211775383426e-19
5.374085791562838729e-19
5.366008474863377200e-19
5.358175666935252225e-19
5.350575453629511916e-19
5.343196579284114546e-19
5.336028420608782645e-19
5.329060958104296040e-19
5.322284746165906732e-19
5.315690882718091241e-19
5.309270978998784008e-19
5.303017129936165511e-19
5.296921885428123152e-19
5.290978222733814397e-19
5.285179520109977689e-19
5.279519531768705758e-19
5.273992364189141893e-19
5.268592453785895651e-19
5.263314545912776076e-19
5.258153675165401943e-19
5.253105146934382817e-19
5.248164520153994172e-19
5.243327591186858434e-19
5.238590378782475447e-19
5.233949110047829128e-19
5.229400207367850247e-19
5.224940276216053667e-19
5.220566093796837380e-19
5.216274598464021840e-19
5.212062879862714654e-19
5.207928169744378303e-19
5.203867833408030213e-19
5.199879361723304776e-19
5.195960363693955389e-19
5.192108559523313544e-19
5.188321774145356881e-19
5.184597931188289116e-19
5.180935047339216057e-19
5.177331227081137590e-19
5.173784657775548746e-19
5.170293605065693671e-19
5.166856408577657915e-19
5.163471477897871146e-19
5.160137288807494260e-19
5.156852379755365650e-19
5.153615348552802087e-19
5.150424849274425960e-19
5.147279589350920094e-19
5.144178326840200727e-19
5.141119867864607570e-19
5.138103064202917445e-19
5.135126811026347197e-19
5.132190044769050061e-19
5.129291741123796520e-19
5.126430913154559106e-19
5.123606609518258909e-19
5.120817912788380309e-19
5.118063937873834486e-19
5.115343830526850973e-19
5.112656765934045312e-19
5.110001947385551386e-19
5.107378605016999167e-19
5.104785994619851416e-19
5.102223396515831484e-19
5.099690114491381384e-19
5.097185474788490874e-19
5.094708825148350938e-19
5.092259533904828195e-19
5.089836989124464954e-19
5.087440597790446328e-19
5.085069785027782244e-19
5.082723993367411540e-19
5.080402682046754285e-19
5.078105326344840311e-19
5.075831416949740419e-19
5.073580459356763341e-19
5.071351973295388545e-19
5.069145492183511619e-19
5.066960562607424881e-19
5.064796743826039688e-19
5.062653607298149588e-19
5.060530736231314944e-19
5.058427725151399288e-19
5.056344179491455501e-19
5.054279715199076849e-19
5.052233958361098716e-19
5.050206544844948079e-19
5.048197119955544866e-19
5.046205338107090749e-19
5.044230862508965386e-19
5.042273364864987635e-19
5.040332525085402370e-19
5.038408031010892787e-19
5.036499578148093411e-19
5.034606869416035640e-19
5.032729614902873906e-19
5.030867531632626666e-19
5.029020343341125273e-19
5.027187780261133151e-19
5.025369578915747445e-19
5.023565481920122601e-19
5.021775237790814860e-19
5.019998600762584914e-19
5.018235330612159906e-19
5.016485192488802635e-19
5.014747956751269063e-19
5.013023398810845030e-19
5.011311298980332157e-19
5.009611442328520730e-19
5.007923618540135112e-19
5.006247621780742271e-19
5.004583250566728403e-19
5.002930307639770670e-19
5.001288599845981240e-19
4.999657938019161269e-19
4.998038136868298665e-19
4.996429014868940823e-19
4.994830394158351819e-19
4.993242100434311525e-19
4.991663962857304373e-19
4.990095813956166119e-19
4.988537489536802467e-19
4.986988828594051775e-19
4.985449673226421249e-19
4.983919868553717804e-19
4.982399262637336715e-19
4.980887706403224421e-19
4.979385053567236217e-19
4.977891160563018848e-19
4.976405886472165695e-19
4.974929092956556929e-19
4.973460644192922191e-19
4.972000406809398534e-19
4.970548249824116367e-19
4.969104044585665111e-19
4.967667664715443372e-19
4.966238986051713567e-19
4.964817886595452479e-19
4.963404246457764699e-19
4.961997947808930228e-19
4.960598874829006294e-19
4.959206913659791777e-19
4.957821952358376664e-19
4.956443880851925064e-19
4.955072590893873787e-19
4.953707976021341365e-19
4.952349931513823594e-19
4.950998354353081230e-19
4.949653143184107165e-19
4.948314198277310795e-19
4.946981421491677866e-19
4.945654716239082033e-19
4.944333987449443820e-19
4.943019141537022033e-19
4.941710086367529473e-19
4.940406731226209675e-19
4.939108986786778410e-19
4.937816765081197168e-19
4.936529979470305621e-19
4.935248544615223486e-19
4.933972376449492914e-19
4.932701392152055766e-19
4.931435510120852000e-19
4.930174649947147992e-19
4.928918732390608257e-19
4.927667679354928589e-19
4.926421413864140377e-19
4.925179860039537003e-19
4.923942943077224240e-19
4.922710589226177170e-19
4.921482725766923988e-19
4.920259280990741149e-19
4.919040184179390654e-19
4.917825365585344605e-19
4.916614756412551901e-19
4.915408288797640206e-19
4.914205895791606127e-19
4.913007511341961844e-19
4.911813070275312187e-19
4.910622508280373712e-19
4.909435761891408812e-19
4.908252768472013241e-19
4.907073466199400523e-19
4.905897794048928070e-19
4.904725691779159671e-19
4.903557099917093605e-19
4.902391959743935799e-19
4.901230213281059800e-19
4.900071803276377927e-19
4.898916673191010955e-19
4.897764767186259188e-19
4.896616030110900963e-19
4.895470407488758835e-19
4.894327845506587413e-19
4.893188291002202885e-19
4.892051691452898550e-19
4.890917994964127093e-19
4.889787150258464042e-19
4.888659106664759968e-19
4.887533814107591204e-19
4.886411223096949376e-19
4.885291284718102350e-19
4.884173950621746949e-19
4.883059173014350414e-19
4.881946904648703719e-19
4.880837098814679996e-19
4.879729709330225035e-19
4.878624690532505706e-19
4.877521997269256764e-19
4.876421584890346231e-19
4.875323409239505455e-19
4.874227426646210355e-19
4.873133593917768736e-19
4.872041868331585752e-19
4.870952207627529524e-19
4.869864570000561567e-19
4.868778914093437513e-19
4.867695198989561918e-19
4.866613384206052978e-19
4.865533429686941119e-19
4.864455295796400305e-19
4.863378943312311588e-19
4.862304333419757315e-19
4.861231427704812891e-19
4.860160188148364543e-19
4.859090577120081163e-19
4.858022557372538293e-19
4.856956092035414338e-19
4.855891144609840845e-19
4.854827678962811534e-19
4.853765659321816654e-19
4.852705050269431122e-19
4.851645816738142435e-19
4.850587924005211330e-19
4.849531337687644140e-19
4.848476023737268195e-19
4.847421948435936252e-19
4.846369078390746340e-19
4.845317380529458047e-19
4.844266822095883768e-19
4.843217370645484103e-19
4.842168994040942071e-19
4.841121660447918362e-19
4.840075338330804657e-19
4.839029996448612735e-19
4.837985603850909796e-19
4.836942129873878007e-19
4.835899544136378867e-19
4.834857816536127346e-19
4.833816917245976763e-19
4.832776816710194045e-19
4.831737485640869785e-19
4.830698895014361054e-19
4.829661016067796802e-19
4.828623820295686294e-19
4.827587279446547766e-19
4.826551365519602573e-19
4.825516050761572364e-19
4.824481307663483963e-19
4.823447108957540698e-19
4.822413427614092912e-19
4.821380236838606550e-19
4.820347510068712634e-19
4.819315220971324146e-19
4.818283343439778910e-19
4.817251851591033514e-19
4.816220719762937155e-19
4.815189922511505484e-19
4.814159434608291714e-19
4.813129231037778909e-19
4.812099286994817535e-19
4.811069577882089974e-19
4.810040079307678073e-19
4.809010767082619138e-19
4.807981617218486970e-19
4.806952605925106745e-19
4.805923709608204420e-19
4.804894904867158205e-19
4.803866168492767377e-19
4.802837477465064426e-19
4.801808808951158967e-19
4.800780140303137526e-19
4.799751449055956560e-19
4.798722712925409650e-19
4.797693909806136077e-19
4.796665017769608238e-19
4.795636015062207632e-19
4.794606880103306638e-19
4.793577591483391696e-19
4.792548127962203822e-19
4.791518468466924381e-19
4.790488592090393601e-19
4.789458478089319461e-19
4.788428105882587685e-19
4.787397455049524553e-19
4.786366505328217494e-19
4.785335236613908854e-19
4.784303628957304936e-19
4.783271662563038140e-19
4.782239317788059776e-19
4.781206575140106064e-19
4.780173415276165088e-19
4.779139819001000575e-19
4.778105767265634261e-19
4.777071241165943813e-19
4.776036221941185643e-19
4.775000690972637124e-19
4.773964629782167555e-19
4.772928020030890966e-19
4.771890843517810271e-19
4.770853082178530741e-19
4.769814718083913781e-19
4.768775733438821225e-19
4.767736110580842295e-19
4.766695831979049448e-19
4.765654880232778305e-19
4.764613238070411420e-19
4.763570888348207320e-19
4.762527814049107387e-19
4.761483998281591858e-19
4.760439424278533897e-19
4.759394075396128777e-19
4.758347935112713284e-19
4.757300987027723790e-19
4.756253214860641809e-19
4.755204602449878878e-19
4.754155133751808781e-19
4.753104792839684213e-19
4.752053563902655518e-19
4.751001431244773057e-19
4.749948379283997281e-19
4.748894392551234803e-19
4.747839455689386025e-19
4.746783553452411062e-19
4.745726670704382184e-19
4.744668792418601741e-19
4.743609903676666163e-19
4.742549989667613730e-19
4.741489035687021318e-19
4.740427027136145430e-19
4.739363949521082490e-19
4.738299788451916622e-19
4.737234529641899202e-19
4.736168158906621671e-19
4.735100662163230718e-19
4.734032025429603986e-19
4.732962234823582583e-19
4.731891276562208418e-19
4.730819136960933604e-19
4.729745802432884755e-19
4.728671259488129206e-19
4.727595494732910418e-19
4.726518494868959459e-19
4.725440246692760262e-19
4.724360737094855325e-19
4.723279953059142749e-19
4.722197881662194459e-19
4.721114510072577311e-19
4.720029825550183834e-19
4.718943815445582228e-19
4.717856467199347101e-19
4.716767768341435473e-19
4.715677706490544473e-19
4.714586269353472895e-19
4.713493444724522235e-19
4.712399220484873652e-19
4.711303584601989002e-19
4.710206525129010914e-19
4.709108030204186935e-19
4.708008088050269602e-19
4.706906686973955036e-19
4.705803815365324419e-19
4.704699461697249850e-19
4.703593614524892633e-19
4.702486262485110096e-19
4.701377394295944255e-19
4.700266998756088331e-19
4.699155064744335933e-19
4.698041581219081284e-19
4.696926537217821362e-19
4.695809921856592568e-19
4.694691724329532577e-19
4.693571933908343970e-19
4.692450539941823335e-19
4.691327531855353795e-19
4.690202899150458186e-19
4.689076631404298314e-19
4.687948718269232962e-19
4.686819149472312322e-19
4.685687914814882228e-19
4.684555004172079553e-19
4.683420407492402733e-19
4.682284114797289021e-19
4.681146116180634933e-19
4.680006401808414914e-19
4.678864961918218149e-19
4.677721786818840270e-19
4.676576866889858685e-19
4.675430192581227173e-19
4.674281754412859877e-19
4.673131542974241312e-19
4.671979548924005542e-19
4.670825762989553887e-19
4.669670175966663956e-19
4.668512778719095799e-19
4.667353562178220197e-19
4.666192517342629627e-19
4.665029635277763670e-19
4.663864907115541157e-19
4.662698324054002906e-19
4.661529877356921728e-19
4.660359558353483677e-19
4.659187358437879762e-19
4.658013269069008383e-19
4.656837281770088223e-19
4.655659388128322175e-19
4.654479579794578595e-19
4.653297848483019602e-19
4.652114185970779447e-19
4.650928584097642881e-19
4.649741034765715822e-19
4.648551529939074837e-19
4.647360061643483066e-19
4.646166621966049331e-19
4.644971203054911324e-19
4.643773797118930343e-19
4.642574396427393741e-19
4.641372993309673067e-19
4.640169580154958295e-19
4.638964149411949667e-19
4.637756693588533182e-19
4.636547205251511922e-19
4.635335677026316205e-19
4.634122101596694467e-19
4.632906471704443640e-19
4.631688780149107737e-19
4.630469019787718816e-19
4.629247183534499427e-19
4.628023264360595866e-19
4.626797255293796994e-19
4.625569149418269417e-19
4.624338939874288823e-19
4.623106619857956868e-19
4.621872182620969100e-19
4.620635621470317406e-19
4.619396929768053122e-19
4.618156100931026067e-19
4.616913128430618768e-19
4.615668005792502827e-19
4.614420726596390477e-19
4.613171284475770731e-19
4.611919673117690787e-19
4.610665886262464252e-19
4.609409917703486249e-19
4.608151761286949345e-19
4.606891410911617256e-19
4.605628860528603359e-19
4.604364104141102994e-19
4.603097135804197017e-19
4.601827949624600464e-19
4.600556539760433369e-19
4.599282900420998316e-19
4.598007025866554143e-19
4.596728910408086759e-19
4.595448548407099213e-19
4.594165934275394068e-19
4.592881062474809547e-19
4.591593927517070271e-19
4.590304523963530152e-19
4.589012846424974021e-19
4.587718889561378809e-19
4.586422648081748883e-19
4.585124116743865676e-19
4.583823290354106649e-19
4.582520163767218991e-19
4.581214731886138585e-19
4.579906989661770453e-19
4.578596932092786529e-19
4.577284554225435960e-19
4.575969851153341914e-19
4.574652818017297439e-19
4.573333450005085383e-19
4.572011742351272321e-19
4.570687690337012110e-19
4.569361289289868707e-19
4.568032534583616828e-19
4.566701421638050324e-19
4.565367945918804993e-19
4.564032102937149618e-19
4.562693888249837669e-19
4.561353297458885821e-19
4.560010326211419881e-19
4.558664970199464860e-19
4.557317225159793789e-19
4.555967086873730309e-19
4.554614551166987860e-19
4.553259613909461676e-19
4.551902271015076639e-19
4.550542518441619721e-19
4.549180352190543544e-19
4.547815768306812299e-19
4.546448762878718786e-19
4.545079332037723603e-19
4.543707471958267358e-19
4.542333178857638751e-19
4.540956448995762721e-19
4.539577278675072366e-19
4.538195664240318282e-19
4.536811602078422191e-19
4.535425088618291084e-19
4.534036120330684339e-19
4.532644693728028827e-19
4.531250805364266767e-19
4.529854451834695867e-19
4.528455629775819111e-19
4.527054335865169492e-19
4.525650566821167496e-19
4.524244319402963177e-19
4.522835590410265708e-19
4.521424376683217237e-19
4.520010675102219552e-19
4.518594482587788672e-19
4.517175796100385365e-19
4.515754612640303447e-19
4.514330929247474297e-19
4.512904743001359969e-19
4.511476051020767342e-19
4.510044850463723892e-19
4.508611138527324586e-19
4.507174912447589361e-19
4.505736169499303271e-19
4.504294906995890341e-19
4.502851122289260452e-19
4.501404812769662974e-19
4.499955975865558690e-19
4.498504609043455128e-19
4.497050709807784267e-19
4.495594275700764830e-19
4.494135304302235693e-19
4.492673793229551886e-19
4.491209740137418958e-19
4.489743142717772614e-19
4.488273998699635224e-19
4.486802305848969463e-19
4.485328061968567559e-19
4.483851264897883745e-19
4.482371912512935072e-19
4.480890002726135776e-19
4.479405533486181726e-19
4.477918502777923308e-19
4.476428908622208469e-19
4.474936749075771967e-19
4.473442022231113083e-19
4.471944726216327096e-19
4.470444859195021507e-19
4.468942419366147521e-19
4.467437404963906639e-19
4.465929814257599473e-19
4.464419645551488040e-19
4.462906897184720652e-19
4.461391567531130657e-19
4.459873654999169030e-19
4.458353158031768598e-19
4.456830075106187070e-19
4.455304404733930009e-19
4.453776145460583268e-19
4.452245295865720551e-19
4.450711854562768594e-19
4.449175820198881981e-19
4.447637191454825665e-19
4.446095967044856517e-19
4.444552145716595258e-19
4.443005726250913789e-19
4.441456707461807116e-19
4.439905088196277797e-19
4.438350867334219420e-19
4.436794043788304903e-19
4.435234616503838192e-19
4.433672584458673377e-19
4.432107946663080838e-19
4.430540702159623020e-19
4.428970850023059106e-19
4.427398389360206342e-19
4.425823319309835079e-19
4.424245639042561884e-19
4.422665347760715684e-19
4.421082444698244362e-19
4.419496929120580905e-19
4.417908800324549994e-19
4.416318057638233189e-19
4.414724700420877449e-19
4.413128728062770911e-19
4.411530139985128292e-19
4.409928935639992671e-19
4.408325114510109340e-19
4.406718676108828541e-19
4.405109619979980287e-19
4.403497945697779023e-19
4.401883652866705181e-19
4.400266741121405038e-19
4.398647210126560707e-19
4.397025059576810220e-19
4.395400289196615593e-19
4.393772898740172313e-19
4.392142887991288004e-19
4.390510256763285165e-19
4.388875004898888504e-19
4.387237132270125756e-19
4.385596638778208268e-19
4.383953524353440489e-19
4.382307788955103444e-19
4.380659432571349776e-19
4.379008455219115150e-19
4.377354856943994030e-19
4.375698637820138572e-19
4.374039797950168100e-19
4.372378337465044889e-19
4.370714256523997122e-19
4.369047555314389857e-19
4.367378234051640284e-19
4.365706292979106985e-19
4.364031732367990747e-19
4.362354552517224788e-19
4.360674753753394826e-19
4.358992336430615822e-19
4.357307300930440497e-19
4.355619647661751483e-19
4.353929377060683320e-19
4.352236489590488603e-19
4.350540985741458059e-19
4.348842866030834842e-19
4.347142131002683569e-19
4.345438781227812318e-19
4.343732817303675374e-19
4.342024239854253817e-19
4.340313049529988115e-19
4.338599247007657753e-19
4.336882832990286866e-19
4.335163808207063827e-19
4.333442173413216063e-19
4.331717929389934464e-19
4.329991076944274676e-19
4.328261616909055030e-19
4.326529550142758799e-19
4.324794877529448493e-19
4.323057599978656566e-19
4.321317718425305006e-19
4.319575233829601335e-19
4.317830147176952424e-19
4.316082459477842677e-19
4.314332171767789737e-19
4.312579285107196186e-19
4.310823800581294177e-19
4.309065719300035657e-19
4.307305042398007140e-19
4.305541771034320416e-19
4.303775906392544176e-19
4.302007449680587977e-19
4.300236402130629058e-19
4.298462764999000150e-19
4.296686539566124000e-19
4.294907727136391069e-19
4.293126329038090685e-19
4.291342346623321965e-19
4.289555781267877299e-19
4.287766634371173013e-19
4.285974907356166558e-19
4.284180601669231322e-19
4.282383718780106557e-19
4.280584260181779416e-19
4.278782227390413210e-19
4.276977621945242446e-19
4.275170445408498200e-19
4.273360699365301704e-19
4.271548385423596943e-19
4.269733505214041838e-19
4.267916060389940839e-19
4.266096052627129368e-19
4.264273483623909784e-19
4.262448355100953639e-19
4.260620668801219830e-19
4.258790426489854447e-19
4.256957629954115182e-19
4.255122281003278885e-19
4.253284381468564523e-19
4.251443933203029668e-19
4.249600938081498269e-19
4.247755398000463874e-19
4.245907314878016449e-19
4.244056690653747522e-19
4.242203527288659185e-19
4.240347826765091390e-19
4.238489591086630945e-19
4.236628822278026299e-19
4.234765522385098941e-19
4.232899693474666851e-19
4.231031337634452052e-19
4.229160456973004536e-19
4.227287053619604041e-19
4.225411129724196980e-19
4.223532687457293881e-19
4.221651729009894761e-19
4.219768256593401973e-19
4.217882272439542213e-19
4.215993778800281289e-19
4.214102777947731683e-19
4.212209272174084659e-19
4.210313263791522153e-19
4.208414755132135401e-19
4.206513748547831051e-19
4.204610246410268570e-19
4.202704251110766354e-19
4.200795765060222769e-19
4.198884790689030921e-19
4.196971330447006440e-19
4.195055386803297443e-19
4.193136962246309897e-19
4.191216059283622407e-19
4.189292680441902428e-19
4.187366828266842236e-19
4.185438505323052034e-19
4.183507714194008915e-19
4.181574457481953346e-19
4.179638737807828018e-19
4.177700557811174327e-19
4.175759920150082783e-19
4.173816827501092859e-19
4.171871282559115474e-19
4.169923288037367030e-19
4.167972846667271189e-19
4.166019961198400614e-19
4.164064634398390302e-19
4.162106869052843214e-19
4.160146667965281642e-19
4.158184033957047067e-19
4.156218969867233709e-19
4.154251478552604269e-19
4.152281562887513374e-19
4.150309225763834873e-19
4.148334470090884317e-19
4.146357298795331332e-19
4.144377714821141356e-19
4.142395721129478865e-19
4.140411320698643812e-19
4.138424516523992190e-19
4.136435311617861875e-19
4.134443709009486929e-19
4.132449711744939338e-19
4.130453322887035602e-19
4.128454545515268369e-19
4.126453382725733249e-19
4.124449837631052253e-19
4.122443913360295799e-19
4.120435613058905191e-19
4.118424939888631471e-19
4.116411897027447788e-19
4.114396487669474769e-19
4.112378715024909260e-19
4.110358582319967513e-19
4.108336092796768661e-19
4.106311249713303910e-19
4.104284056343342165e-19
4.102254515976358770e-19
4.100222631917458956e-19
4.098188407487315725e-19
4.096151846022083667e-19
4.094112950873335887e-19
4.092071725407984557e-19
4.090028173008208698e-19
4.087982297071388213e-19
4.085934101010027334e-19
4.083883588251675175e-19
4.081830762238869882e-19
4.079775626429044743e-19
4.077718184294479076e-19
4.075658439322209640e-19
4.073596395013972851e-19
4.071532054886122454e-19
4.069465422469556335e-19
4.067396501309657780e-19
4.065325294966213142e-19
4.063251807013353583e-19
4.061176041039465997e-19
4.059098000647142938e-19
4.057017689453092100e-19
4.054935111088088171e-19
4.052850269196877014e-19
4.050763167438130411e-19
4.048673809484358432e-19
4.046582199021851177e-19
4.044488339750608476e-19
4.042392235384256596e-19
4.040293889649989018e-19
4.038193306288512992e-19
4.036090489053947943e-19
4.033985441713781175e-19
4.031878168048793246e-19
4.029768671852986699e-19
4.027656956933515295e-19
4.025543027110626226e-19
4.023426886217578267e-19
4.021308538100584963e-19
4.019187986618747217e-19
4.017065235643968553e-19
4.014940289060909373e-19
4.012813150766908474e-19
4.010683824671919978e-19
4.008552314698437736e-19
4.006418624781440920e-19
4.004282758868316510e-19
4.002144720918797654e-19
4.000004514904893863e-19
3.997862144810830338e-19
3.995717614632977197e-19
3.993570928379792173e-19
3.991422090071731062e-19
3.989271103741207760e-19
3.987117973432516260e-19
3.984962703201766136e-19
3.982805297116819951e-19
3.980645759257228734e-19
3.978484093714157837e-19
3.976320304590333005e-19
3.974154395999969120e-19
3.971986372068703270e-19
3.969816236933543717e-19
3.967643994742783709e-19
3.965469649655953814e-19
3.963293205843756920e-19
3.961114667487997455e-19
3.958934038781520241e-19
3.956751323928139717e-19
3.954566527142589863e-19
3.952379652650457753e-19
3.950190704688104116e-19
3.947999687502624333e-19
3.945806605351764656e-19
3.943611462503872142e-19
3.941414263237830123e-19
3.939215011842979255e-19
3.937013712619083324e-19
3.934810369876247396e-19
3.932604987934855708e-19
3.930397571125514852e-19
3.928188123788996477e-19
3.925976650276161698e-19
3.923763154947910060e-19
3.921547642175119348e-19
3.919330116338572888e-19
3.917110581828903693e-19
3.914889043046543907e-19
3.912665504401641511e-19
3.910439970314029985e-19
3.908212445213124794e-19
3.905982933537912791e-19
3.903751439736845816e-19
3.901517968267806982e-19
3.899282523598055317e-19
3.897045110204141492e-19
3.894805732571859201e-19
3.892564395196193637e-19
3.890321102581257940e-19
3.888075859240219044e-19
3.885828669695256755e-19
3.883579538477495861e-19
3.881328470126944983e-19
3.879075469192446020e-19
3.876820540231608665e-19
3.874563687810747336e-19
3.872304916504833985e-19
3.870044230897424918e-19
3.867781635580627567e-19
3.865517135155001309e-19
3.863250734229544946e-19
3.860982437421601371e-19
3.858712249356826755e-19
3.856440174669111580e-19
3.854166218000544533e-19
3.851890384001326316e-19
3.849612677329744612e-19
3.847333102652094157e-19
3.845051664642626186e-19
3.842768367983495948e-19
3.840483217364694341e-19
3.838196217484007464e-19
3.835907373046946800e-19
3.833616688766694332e-19
3.831324169364060170e-19
3.829029819567399253e-19
3.826733644112578130e-19
3.824435647742918140e-19
3.822135835209128495e-19
3.819834211269250416e-19
3.817530780688615737e-19
3.815225548239778525e-19
3.812918518702465014e-19
3.810609696863513414e-19
3.808299087516821911e-19
3.805986695463303894e-19
3.803672525510814764e-19
3.801356582474109086e-19
3.799038871174783772e-19
3.796719396441227045e-19
3.794398163108547179e-19
3.792075176018546016e-19
3.789750440019646265e-19
3.787423959966835168e-19
3.785095740721631275e-19
3.782765787151998744e-19
3.780434104132329041e-19
3.778100696543360535e-19
3.775765569272136608e-19
3.773428727211953655e-19
3.771090175262311010e-19
3.768749918328842095e-19
3.766407961323281193e-19
3.764064309163392197e-19
3.761718966772937305e-19
3.759371939081612025e-19
3.757023231024985470e-19
3.754672847544467136e-19
3.752320793587241419e-19
3.749967074106218505e-19
3.747611694059984778e-19
3.745254658412753224e-19
3.742895972134306140e-19
3.740535640199946498e-19
3.738173667590443544e-19
3.735810059291993791e-19
3.733444820296158433e-19
3.731077955599810377e-19
3.728709470205098615e-19
3.726339369119376004e-19
3.723967657355172779e-19
3.721594339930123854e-19
3.719219421866939449e-19
3.716842908193338167e-19
3.714464803942004138e-19
3.712085114150536464e-19
3.709703843861406372e-19
3.707320998121893169e-19
3.704936581984047657e-19
3.702550600504639163e-19
3.700163058745100657e-19
3.697773961771488783e-19
3.695383314654428009e-19
3.692991122469067295e-19
3.690597390295029054e-19
3.688202123216358598e-19
3.685805326321474545e-19
3.683407004703135594e-19
3.681007163458360121e-19
3.678605807688421843e-19
3.676202942498761229e-19
3.673798572998961421e-19
3.671392704302698643e-19
3.668985341527681538e-19
3.666576489795616014e-19
3.664166154232161913e-19
3.661754339966866569e-19
3.659341052133141692e-19
3.656926295868193074e-19
3.654510076312996518e-19
3.652092398612231867e-19
3.649673267914246420e-19
3.647252689371014964e-19
3.644830668138071885e-19
3.642407209374493836e-19
3.639982318242823182e-19
3.637555999909048739e-19
3.635128259542547514e-19
3.632699102316034153e-19
3.630268533405531566e-19
