3.676969380683917279e+03 1.966863862762482540e+03 1.592602198264274648e+03 1.367685148609487669e+03
2.600208250546540700e+00 1.389561204556253760e+00 1.124375181439938753e+00 9.649067904079744462e-01
2.089205957248053414e-01 1.115219941870454895e-01 9.016531070585435959e-02 7.731294088166715262e-02
4.269891468293178505e-02 2.276645578606149509e-02 1.839126201136710367e-02 1.575628494909141197e-02
1.329519000014455117e-02 7.080486061460181980e-03 5.714901927665454531e-03 4.891840790834558160e-03
5.273145407543896115e-03 2.804923792287234048e-03 2.261988686229938691e-03 1.934498696458438870e-03
2.448449852399281045e-03 1.300834790565505699e-03 1.048122534474667071e-03 8.955723806557341167e-04
1.270230012635673554e-03 6.740527498508146502e-04 5.426305955983105802e-04 4.632364910206840814e-04
7.155329871669606490e-04 3.792506727707715768e-04 3.050421230444124387e-04 2.601777330758264957e-04
4.295141610311284082e-04 2.273876416044061702e-04 1.827376760466024159e-04 1.557235960332857148e-04
2.711938154449914013e-04 1.434073721187818513e-04 1.151507718707150561e-04 9.804266211351826297e-05
1.784292924391393603e-04 9.424783635859135852e-05 7.561508413552448893e-05 6.432588334000379588e-05
1.214802157842116481e-04 6.409683819323814256e-05 5.138350252492596761e-05 4.367552810495987974e-05
8.512952565212953489e-05 4.486937682673915125e-05 3.594149230962384703e-05 3.052505015831278218e-05
6.114741362837469089e-05 3.219585971007674129e-05 2.576999426320292772e-05 2.186902864749995062e-05
4.486995972572517473e-05 2.360169637195162561e-05 1.887709535772257507e-05 1.600716870678515932e-05
3.354627771909600474e-05 1.762832173250279612e-05 1.408932037434945227e-05 1.193831289449769209e-05
2.549673746485354889e-05 1.338578005242714503e-05 1.069102406359191377e-05 9.052221016539822908e-06
1.966432536801085773e-05 1.031439343573783419e-05 8.232375318741838005e-06 6.965514776800659457e-06
1.536588651045817124e-05 8.052684233374108913e-06 6.422988047669234492e-06 5.430834006797917384e-06
1.214931737358371931e-05 6.361592328141281196e-06 5.070913195204349795e-06 4.284754220492351868e-06
9.709019410365514648e-06 5.079633437020492789e-06 4.046553636750907720e-06 3.416993245146066615e-06
7.834450758169754305e-06 4.095626639307124808e-06 3.260726046397066394e-06 2.751697812060573398e-06
6.378036968853278990e-06 3.331693144412049256e-06 2.650990387065059407e-06 2.235787225526874375e-06
5.234705452364886461e-06 2.732419228736162010e-06 2.172939366110539339e-06 1.831529218186107603e-06
4.328566558339021095e-06 2.257807271836776245e-06 1.794534884723937935e-06 1.511714763768535170e-06
3.604084359512814128e-06 1.878605423644843197e-06 1.492357083781449473e-06 1.256463657911698983e-06
3.020124032205976002e-06 1.573160548943742579e-06 1.249077784213076981e-06 1.051073692809332411e-06
2.545875854847555486e-06 1.325264440438313301e-06 1.051732024128087626e-06 8.845498290377773300e-07
2.158023960204414476e-06 1.122658547127733355e-06 8.905185300367296489e-07 7.485838674741096942e-07
1.838753484151034772e-06 9.559820299856553580e-07 7.579561532991312340e-07 6.368371913282216720e-07
1.574330488688864751e-06 8.180225453254974862e-07 6.482832937263321946e-07 5.444303134689662325e-07
1.354078389000578674e-06 7.031764930157233249e-07 5.570253935653008119e-07 4.675754161787579423e-07
1.169632255460643621e-06 6.070559914158320851e-07 4.806801213320286592e-07 4.033089842453886179e-07
1.014390101807106953e-06 5.261998187754793246e-07 4.164859187321676116e-07 3.492953117658430081e-07
8.831053254877734583e-07 4.578588183089672836e-07 3.622502341729694281e-07 3.036807353889763721e-07
7.715813162440876187e-07 3.998351766004435872e-07 3.162209239891955376e-07 2.649845420345682547e-07
6.764407195210070030e-07 3.503610496416876652e-07 2.769891716171847382e-07 2.320166443221051476e-07
5.949497392991668720e-07 3.080061849452776430e-07 2.434156252551001222e-07 2.038149682757756026e-07
5.248833617799486145e-07 2.716070921338687607e-07 2.145737846807312995e-07 1.795974803731530436e-07
4.644212459351841313e-07 2.402123552470955758e-07 1.897063049918043866e-07 1.587251734419492662e-07
4.120667700422036211e-07 2.130401280448637833e-07 1.681910462648746491e-07 1.406733183035569616e-07
3.665836880901460392e-07 1.894448903460427222e-07 1.495145293039015624e-07 1.250089945992745489e-07
3.269462693249031687e-07 1.688912921261529319e-07 1.332510577017302171e-07 1.113734241559280092e-07
2.922998279564875485e-07 1.509334571663025403e-07 1.190462031727040900e-07 9.946800127306893465e-08
2.619293087911035153e-07 1.351985179531066583e-07 1.066036714492023943e-07 8.904318637238534141e-08
2.352341555437479106e-07 1.213734490997193610e-07 9.567480272687838340e-08 7.988963041267089556e-08
2.117081062868860553e-07 1.091944865487358235e-07 8.605013676228335352e-08 7.183104696373087130e-08
1.909228735816074285e-07 9.843858465241714716e-08 7.755260465260026563e-08 6.471846077947598029e-08
1.725149030189144298e-07 8.891648752342957501e-08 7.003200878209935248e-08 5.842554607959979291e-08
1.561745831519845279e-07 8.046708535232345281e-08 6.336052785451364990e-08 5.284483172345609130e-08
1.416374166426222580e-07 7.295279835304212802e-08 5.742904148108202463e-08 4.788459925324378259e-08
1.286767674958965870e-07 6.625578622382280413e-08 5.214411294655730973e-08 4.346633720733598877e-08
1.170978803349305607e-07 6.027482361902817703e-08 4.742550283115004456e-08 3.952264396221560221e-08
1.067329305658381037e-07 5.492271517001024602e-08 4.320411256955062182e-08 3.599549372849533243e-08
9.743691331857290607e-08 5.012414934432828046e-08 3.942027759972736864e-08 3.283479774861534276e-08
8.908421745978794497e-08 4.581391059690983566e-08 3.602234585841620717e-08 2.999720637884601404e-08
8.156576119855956812e-08 4.193538512838811729e-08 3.296549004490249543e-08 2.744510845822441620e-08
7.478658969405796113e-08 3.843930809789196486e-08 3.021071207833489655e-08 2.514579283237240721e-08
6.866385403436540887e-08 3.528271008092119259e-08 2.772400610905407175e-08 2.307074361337325354e-08
6.312510606576070500e-08 3.242802848458330727e-08 2.547565276467366156e-08 2.119504610243793818e-08
5.810685564111822090e-08 2.984235596834365019e-08 2.343962236546298152e-08 1.949688457541104590e-08
5.355334656528554363e-08 2.749680300526894336e-08 2.159306890010153872e-08 1.795711656033497310e-08
4.941551534163189759e-08 2.536595581777265980e-08 1.991589982088095591e-08 1.655891099819231026e-08
4.565010315491920747e-08 2.342741423664434428e-08 1.839040935954688703e-08 1.528743991032794166e-08
4.221889666453888052e-08 2.166139672192426689e-08 1.700096520841751564e-08 1.412961500664523932e-08
3.908807736726858281e-08 2.005040197405656201e-08 1.573374015608219570e-08 1.307386214204950891e-08
3.622766270802181417e-08 1.857891835236955821e-08 1.457648169164100803e-08 1.210992773144804935e-08
3.361102491939482971e-08 1.723317378335992725e-08 1.351831375841194270e-08 1.122871221864683649e-08
3.121447587442603908e-08 1.600092004552371937e-08 1.254956579681025468e-08 1.042212650359037868e-08
2.901690813615817870e-08 1.487124631001934963e-08 1.166162500614005585e-08 9.682967898940190830e-09
2.699948395778195342e-08 1.383441763681277892e-08 1.084680840788121765e-08 9.004812737658464534e-09
2.514536528890184029e-08 1.288173480587883612e-08 1.009825183401582708e-08 8.381923209457308691e-09
2.343947892557304082e-08 1.200541242806539254e-08 9.409813413392467340e-09 7.809166382912581761e-09
2.186831184360907883e-08 1.119847275100240202e-08 8.775989503523240423e-09 7.281943685626848178e-09
2.041973250817753332e-08 1.045465296867055933e-08 8.191841327870613809e-09 6.796129378315375866e-09
1.908283458382614387e-08 9.768324172512759425e-09 7.652930840430004443e-09 6.348016779223312862e-09
1.784779999895303867e-08 9.134420358338213930e-09 7.155264559063176604e-09 5.934271180304936313e-09
1.670577876463001820e-08 8.548376135772173984e-09 6.695244293787047099e-09 5.551888552187013322e-09
1.564878332376478529e-08 8.006071983049259852e-09 6.269623851970403873e-09 5.198159266076672865e-09
1.466959552446961728e-08 7.503786055612600139e-09 5.875470933976226170e-09 4.870636171544261567e-09
1.376168458078067002e-08 7.038151697277488314e-09 5.510133544201160921e-09 4.567106462881459167e-09
1.291913461244079605e-08 6.606119921774440128e-09 5.171210336991256912e-09 4.285566846275981956e-09
1.213658054987702228e-08 6.204926233728465278e-09 4.856524397280842107e-09 4.024201587656534532e-09
1.140915135619519159e-08 5.832061244391864552e-09 4.564100024263551583e-09 3.781363078646075249e-09
1.073241965950114906e-08 5.485244611088752528e-09 4.292142144839692778e-09 3.555554607202178057e-09
1.010235700990004966e-08 5.162401892313649218e-09 4.039018033553524990e-09 3.345415061536393824e-09
9.515294079271352424e-09 4.861643964397392676e-09 3.803241058544799834e-09 3.149705331891584583e-09
8.967885210994298496e-09 4.581248691982002328e-09 3.583456209780533910e-09 2.967296205635607061e-09
8.457076803419363371e-09 4.319644584386641687e-09 3.378427197423652741e-09 2.797157577674756276e-09
7.980079076896818748e-09 4.075396204264627087e-09 3.187024935401705565e-09 2.638348821047238583e-09
7.534340831148937777e-09 3.847191124562890235e-09 3.008217248710164999e-09 2.490010182271947653e-09
7.117526849026071919e-09 3.633828255387600948e-09 2.841059663266756936e-09 2.351355083060694865e-09
6.727497645332311886e-09 3.434207384533224159e-09 2.684687154686979557e-09 2.221663224741013630e-09
6.362291296389246155e-09 3.247319794639853345e-09 2.538306747567717899e-09 2.100274404511048065e-09
6.020107118126623889e-09 3.072239836622019622e-09 2.401190870076658142e-09 1.986582963736410325e-09
5.699290988428140671e-09 2.908117353516451559e-09 2.272671380131993744e-09 1.880032798138534911e-09
5.398322133798396213e-09 2.754170861528020055e-09 2.152134189459055667e-09 1.780112868116290059e-09
5.115801221648389923e-09 2.609681406070174824e-09 2.039014420532697507e-09 1.686353154759580333e-09
4.850439618044028474e-09 2.473987020218267337e-09 1.932792039030748109e-09 1.598321013502066684e-09
4.601049686986691471e-09 2.346477721409649482e-09 1.832987911084221085e-09 1.515617882945492813e-09
4.366536021506785743e-09 2.226590989594301747e-09 1.739160240441816453e-09 1.437876311277934804e-09
4.145887509316738798e-09 2.113807676502768225e-09 1.650901345779710631e-09 1.364757266995006471e-09
3.938170146717494114e-09 2.007648301372960239e-09 1.567834742876753198e-09 1.295947704395749597e-09
3.742520524079437085e-09 1.907669693466601817e-09 1.489612500321357351e-09 1.231158357632004884e-09
3.558139914694539170e-09 1.813461946097858450e-09 1.415912840889470373e-09 1.170121740000200989e-09
3.384288906268431515e-09 1.724645650767540160e-09 1.346437963793689516e-09 1.112590327728640416e-09
3.220282520915017294e-09 1.640869383411539625e-09 1.280912065703661321e-09 1.058334909775056668e-09
3.065485775343273984e-09 1.561807417789725521e-09 1.219079540823152357e-09 1.007143087146870651e-09
2.919309638080141066e-09 1.487157643710084642e-09 1.160703342418306489e-09 9.588179070227145518e-10
2.781207345138236579e-09 1.416639670145920408e-09 1.105563490058942090e-09 9.131766185172027363e-10
2.650671039584347935e-09 1.349993095398555309e-09 1.053455708489748648e-09 8.700495383163765653e-10
2.527228704056608876e-09 1.286975928316677425e-09 1.004190185516654653e-09 8.292790156402876428e-10
2.410441358469933065e-09 1.227363146234720546e-09 9.575904375979395636e-10 7.907184870807186589e-10
2.299900497987874105e-09 1.170945376760990129e-09 9.134922729893434621e-10 7.542316128323887640e-10
2.195225748866596677e-09 1.117527691853408606e-09 8.717428433246692167e-10 7.196914866995870369e-10
2.096062722029007471e-09 1.066928503785440796e-09 8.321997754329756058e-10 6.869799130294216613e-10
2.002081046236832484e-09 1.018978553643761497e-09 7.947303760137295073e-10 6.559867444089335465e-10
1.912972564522852871e-09 9.735199839267902307e-10 7.592109025234613709e-10 6.266092745756050055e-10
1.828449679149596550e-09 9.304054876422337109e-10 7.255258942817902902e-10 5.987516815379066680e-10
1.748243831795887128e-09 8.894975270433335158e-10 6.935675583898800154e-10 5.723245163917607420e-10
1.672104106957894149e-09 8.506676158075337750e-10 6.632352055783444377e-10 5.472442337567817743e-10
1.599795947703287481e-09 8.137956590563331502e-10 6.344347315710853633e-10 5.234327601485334226e-10
1.531099973950502406e-09 7.787693461488088745e-10 6.070781399725839496e-10 5.008170969548895051e-10
1.465810894373286282e-09 7.454835916606008150e-10 5.810831030642117686e-10 4.793289550004830073e-10
1.403736503864454930e-09 7.138400203906106851e-10 5.563725572346281359e-10 4.589044179668550191e-10
1.344696759243164026e-09 6.837464926250411503e-10 5.328743300747986302e-10 4.394836321910951555e-10
1.288522926565129235e-09 6.551166662368531225e-10 5.105207964429087722e-10 4.210105205952434776e-10
1.235056794003796160e-09 6.278695925127974337e-10 4.892485610520674848e-10 4.034325187055113296e-10
1.184149944818927841e-09 6.019293428831514308e-10 4.689981653567559960e-10 3.867003309066521866e-10
1.135663085424326879e-09 5.772246639848190149e-10 4.497138167153820052e-10 3.707677052449676929e-10
1.089465424013357114e-09 5.536886587189825099e-10 4.313431379879853266e-10 3.555912252451070438e-10
1.045434095605196893e-09 5.312584911730069163e-10 4.138369358924462847e-10 3.411301173429744390e-10
1.003453629740183110e-09 5.098751134647349523e-10 3.971489865910276718e-10 3.273460726609762137e-10
9.634154573835222660e-10 4.894830127379328970e-10 3.812358371134992234e-10 3.142030819640195757e-10
9.252174538963788025e-10 4.700299766921701739e-10 3.660566213448216200e-10 3.016672827362445363e-10
8.887635152050163875e-10 4.514668761704430717e-10 3.515728894156603914e-10 2.897068174104905422e-10
8.539631645452041586e-10 4.337474634549192650e-10 3.377484494340744775e-10 2.782917018659871665e-10
8.207311873828303667e-10 4.168281850364628734e-10 3.245492205875092390e-10 2.673937033854812280e-10
7.889872923149282302e-10 4.006680077283344592e-10 3.119430967266936661e-10 2.569862273317969125e-10
7.586557959401415632e-10 3.852282570896714894e-10 2.998998196180018336e-10 2.470442118663392799e-10
7.296653298557284353e-10 3.704724672109310792e-10 2.883908611189970896e-10 2.375440300888826259e-10
7.019485680912375988e-10 3.563662409922897212e-10 2.773893135939164251e-10 2.284633990297121042e-10
6.754419734283470186e-10 3.428771201177653429e-10 2.668697879423400171e-10 2.197812949722788711e-10
6.500855611834213982e-10 3.299744639932451823e-10 2.568083186657773975e-10 2.114778746274454235e-10
6.258226791452043371e-10 3.176293369762551516e-10 2.471822754438423898e-10 2.035344017195228181e-10
6.025998024658028713e-10 3.058144032797376881e-10 2.379702807345193363e-10 1.959331785799965322e-10
5.803663423996816292e-10 2.945038289818018434e-10 2.291521329521212500e-10 1.886574823774169791e-10
5.590744678736399758e-10 2.836731906188323317e-10 2.207087348122766652e-10 1.816915056417084997e-10
5.386789389513963498e-10 2.732993898808412715e-10 2.126220264659224352e-10 1.750203007683432028e-10
5.191369513302372104e-10 2.633605739659358146e-10 2.048749230741623425e-10 1.686297282127199263e-10
5.004079910747150024e-10 2.538360611855133923e-10 1.974512565031695999e-10 1.625064081078445356e-10
4.824536988542869860e-10 2.447062714436395033e-10 1.903357208433556350e-10 1.566376750592650580e-10
4.652377430084874773e-10 2.359526612432265669e-10 1.835138214799568392e-10 1.510115358903122176e-10
4.487257008152189964e-10 2.275576628983688826e-10 1.769718274632148991e-10 1.456166301282022578e-10
4.328849473854586706e-10 2.195046276567224505e-10 1.706967269456133854e-10 1.404421930376171510e-10
4.176845516514873947e-10 2.117777724583424295e-10 1.646761854713395153e-10 1.354780210231202362e-10
4.030951789559359579e-10 2.043621300780523823e-10 1.588985069193809995e-10 1.307144392352845624e-10
3.890889997859483938e-10 1.972435024174381705e-10 1.533525969166163287e-10 1.261422712278541271e-10
3.756396042307259136e-10 1.904084167300184607e-10 1.480279285509776367e-10 1.217528105246787752e-10
3.627219217719788497e-10 1.838440845792078792e-10 1.429145102273898629e-10 1.175377939656700352e-10
3.503121460456028690e-10 1.775383633434842486e-10 1.380028555208138665e-10 1.134893767106978293e-10
3.383876642393878298e-10 1.714797200967811191e-10 1.332839548914175966e-10 1.096001087892486551e-10
3.269269908159800795e-10 1.656571977046693514e-10 1.287492491367497258e-10 1.058629130918616429e-10
3.159097052728341792e-10 1.600603829884577890e-10 1.243906044648788738e-10 1.022710647069198151e-10
3.053163936716344851e-10 1.546793768199954416e-10 1.202002890808287173e-10 9.881817151333382396e-11
2.951285936888251441e-10 1.495047660198008159e-10 1.161709511863693343e-10 9.549815594608635968e-11
2.853287429565586875e-10 1.445275969402150233e-10 1.122955983003509294e-10 9.230523785753092832e-11
2.759001304797149266e-10 1.397393506236680997e-10 1.085675778133559656e-10 8.923391840281977974e-11
2.668268509297052827e-10 1.351319194338819052e-10 1.049805586965197523e-10 8.627896488288685304e-11
2.580937616297503625e-10 1.306975850650050937e-10 1.015285142900003775e-10 8.343539648309272564e-11
2.496864420591962956e-10 1.264289978402867264e-10 9.820570610177001359e-11 8.069847084995643493e-11
2.415911557163754436e-10 1.223191572180234533e-10 9.500666855221006614e-11 7.806367145239626261e-11
2.337948141905749440e-10 1.183613934281895417e-10 9.192619460444859665e-11 7.552669567760727612e-11
2.262849433038870380e-10 1.145493501683998921e-10 8.895932222449052895e-11 7.308344361512085382e-11
2.190496511932122734e-10 1.108769682927282880e-10 8.610132161901642246e-11 7.073000748577102531e-11
2.120775982114608676e-10 1.073384704314050463e-10 8.334768320225850879e-11 6.846266167522856153e-11
2.053579685351471522e-10 1.039283464835997052e-10 8.069410624664455317e-11 6.627785333449105445e-11
1.988804433731338521e-10 1.006413399293727721e-10 7.813648817494296388e-11 6.417219351224607234e-11
1.926351756782852393e-10 9.747243491047228155e-11 7.567091445446144878e-11 6.214244878636606961e-11
1.866127662703124618e-10 9.441684403299760070e-11 7.329364905647715809e-11 6.018553336397592351e-11
1.808042412841360727e-10 9.146999684805029491e-11 7.100112544650653415e-11 5.829850162155230329e-11
1.752010308637051731e-10 8.862752896937167037e-11 6.878993807328177109e-11 5.647854105839083409e-11
1.697949490264517592e-10 8.588527178965281494e-11 6.665683432640879167e-11 5.472296563852801034e-11
1.645781746283994772e-10 8.323924275968407386e-11 6.459870693462712636e-11 5.302920949782031052e-11
1.595432333644738186e-10 8.068563619683289601e-11 6.261258677841355673e-11 5.139482099439631733e-11
1.546829807427709578e-10 7.822081459149663583e-11 6.069563609236386181e-11 4.981745708210260772e-11
1.499905859754416081e-10 7.584130038217555774e-11 5.884514203435400896e-11 4.829487798786592639e-11
1.454595167325144826e-10 7.354376817169122617e-11 5.705851059995671613e-11 4.682494217511811905e-11
1.410835247083608586e-10 7.132503735880623636e-11 5.533326086194612759e-11 4.540560157655741914e-11
1.368566319536837024e-10 6.918206516113165254e-11 5.366701951600214719e-11 4.403489708058041167e-11
1.327731179288565228e-10 6.711194000671574701e-11 5.205751571490711583e-11 4.271095425670092583e-11
1.288275072371984590e-10 6.511187527312226722e-11 5.050257617463735732e-11 4.143197930619192644e-11
1.250145579993354356e-10 6.317920335412024070e-11 4.900012053678103236e-11 4.019625522504163034e-11
1.213292508322008002e-10 6.131137003533771991e-11 4.754815697267928006e-11 3.900213816711590107e-11
1.177667783984617274e-10 5.950592916137636419e-11 4.614477801558384409e-11 3.784805399616301121e-11
1.143225354942551974e-10 5.776053757795751358e-11 4.478815660796649583e-11 3.673249501599555782e-11
1.109921096450680946e-10 5.607295033366988950e-11 4.347654235189882924e-11 3.565401686883440311e-11
1.077712721814205516e-10 5.444101612682295015e-11 4.220825795115252730e-11 3.461123559240651402e-11
1.046559697677252966e-10 5.286267298378784552e-11 4.098169583435876928e-11 3.360282482695991111e-11
