1.946660494993492030e+00
1.758264683799668493e+00
1.754472663942916011e+00
1.751406188989601098e+00
1.748389403725738145e+00
1.745304788448740707e+00
1.742105716718072683e+00
1.738771119501768769e+00
1.735292087099763236e+00
1.731665977965650471e+00
1.727893572011614420e+00
1.723977623176341067e+00
1.719922085893692110e+00
1.715731679413655009e+00
1.711411628535510321e+00
1.706967500274992222e+00
1.702405094840233835e+00
1.697730368616207741e+00
1.692949376814614215e+00
1.688068228749993516e+00
1.683093051616209479e+00
1.678029960281800292e+00
1.672885031573763115e+00
1.667664282080663973e+00
1.662373648842872420e+00
1.657018972502864340e+00
1.651605982614469337e+00
1.646140284887946503e+00
1.640627350196440570e+00
1.635072505199507198e+00
1.629480924458760471e+00
1.623857623932738026e+00
1.618207455746469403e+00
1.612535104136751940e+00
1.606845082478769449e+00
1.601141731303266091e+00
1.595429217217220419e+00
1.589711532644279668e+00
1.583992496304950759e+00
1.578275754360173977e+00
1.572564782145934981e+00
1.566862886430391066e+00
1.561173208129249534e+00
1.555498725419215411e+00
1.549842257193446704e+00
1.544206466807087619e+00
1.538593866064999816e+00
1.533006819407686017e+00
1.527447548255226550e+00
1.521918135472675626e+00
1.516420529923817817e+00
1.510956551083454169e+00
1.505527893681533502e+00
1.500136132355256668e+00
1.494782726288029773e+00
1.489469023816701210e+00
1.484196266990699620e+00
1.478965596068992472e+00
1.473778053942601307e+00
1.468634590472307266e+00
1.463536066732762375e+00
1.458483259155704870e+00
1.453476863566318000e+00
1.448517499108019191e+00
1.443605712051982737e+00
1.438741979488703304e+00
1.433926712899794342e+00
1.429160261608915850e+00
1.424442916111477331e+00
1.419774911283262719e+00
1.415156429468776400e+00
1.410587603450368599e+00
1.406068519299794817e+00
1.401599219114038952e+00
1.397179703637559278e+00
1.392809934773403091e+00
1.388489837985744213e+00
1.384219304596597588e+00
1.379998193979610210e+00
1.375826335653881127e+00
1.371703531280838995e+00
1.367629556567303784e+00
1.363604163077783760e+00
1.359627079959220275e+00
1.355698015581169980e+00
1.351816659094649431e+00
1.347982681912614833e+00
1.344195739115143562e+00
1.340455470782257130e+00
1.336761503257345662e+00
1.333113450343998752e+00
1.329510914439062219e+00
1.325953487604621506e+00
1.322440752581545809e+00
1.318972283747172014e+00
1.315547648019600668e+00
1.312166405711008066e+00
1.308828111332318134e+00
1.305532314351454559e+00
1.302278559907368072e+00
1.299066389481891903e+00
1.295895341531478007e+00
1.292764952080704077e+00
1.289674755279437868e+00
1.286624283925427603e+00
1.283613069954038455e+00
1.280640644896756886e+00
1.277706540310065586e+00
1.274810288176160267e+00
1.271951421276967364e+00
1.269129473542821795e+00
1.266343980377159006e+00
1.263594478958424805e+00
1.260880508520437093e+00
1.258201610612339039e+00
1.255557329339240802e+00
1.252947211584569231e+00
1.250370807215142932e+00
1.247827669269907513e+00
1.245317354133240073e+00
1.242839421693659574e+00
1.240393435488791773e+00
1.237978962837328334e+00
1.235595574958754828e+00
1.233242847081523985e+00
1.230920358540347204e+00
1.228627692863249354e+00
1.226364437848971090e+00
1.224130185635309065e+00
1.221924532758918325e+00
1.219747080207111534e+00
1.217597433462120682e+00
1.215475202538308652e+00
1.213380002012757197e+00
1.211311451049636334e+00
1.209269173418780152e+00
1.207252797508821640e+00
1.205261956335232032e+00
1.203296287543630827e+00
1.201355433408644480e+00
1.199439040828663927e+00
1.197546761316725661e+00
1.195678250987841418e+00
1.193833170542983879e+00
1.192011185250005934e+00
1.190211964921692900e+00
1.188435183891184854e+00
1.186680520984945364e+00
1.184947659493494454e+00
1.183236287140063014e+00
1.181546096047362049e+00
1.179876782702602878e+00
1.178228047920931498e+00
1.176599596807434533e+00
1.174991138717807360e+00
1.173402387217866938e+00
1.171833060041983510e+00
1.170282879050559055e+00
1.168751570186666866e+00
1.167238863431933726e+00
1.165744492761768614e+00
1.164268196100021191e+00
1.162809715273151578e+00
1.161368795963990674e+00
1.159945187665159860e+00
1.158538643632216036e+00
1.157148920836589712e+00
1.155775779918370771e+00
1.154418985138998321e+00
1.153078304333903903e+00
1.151753508865161146e+00
1.150444373574178059e+00
1.149150676734479459e+00
1.147872200004622201e+00
1.146608728381261821e+00
1.145360050152421261e+00
1.144125956850991388e+00
1.142906243208473116e+00
1.141700707109013946e+00
1.140509149543740719e+00
1.139331374565421218e+00
1.138167189243476596e+00
1.137016403619353966e+00
1.135878830662285566e+00
1.134754286225448494e+00
1.133642589002529011e+00
1.132543560484719825e+00
1.131457024918147258e+00
1.130382809261748500e+00
1.129320743145601824e+00
1.128270658829722217e+00
1.127232391163321745e+00
1.126205777544557307e+00
1.125190657880744016e+00
1.124186874549066628e+00
1.123194272357775692e+00
1.122212698507874640e+00
1.121242002555300710e+00
1.120282036373606349e+00
1.119332654117126680e+00
1.118393712184659883e+00
1.117465069183627868e+00
1.116546585894742760e+00
1.115638125237166545e+00
1.114739552234165876e+00
1.113850733979254271e+00
1.112971539602828352e+00
1.112101840239292372e+00
1.111241508994662786e+00
1.110390420914656451e+00
1.109548452953259989e+00
1.108715483941768998e+00
1.107891394558301545e+00
1.107076067297773303e+00
1.106269386442345626e+00
1.105471238032321724e+00
1.104681509837501130e+00
1.103900091328984034e+00
1.103126873651421924e+00
1.102361749595701657e+00
1.101604613572070734e+00
1.100855361583691794e+00
1.100113891200620087e+00
1.099380101534201959e+00
1.098653893211887000e+00
1.097935168352450530e+00
1.097223830541622647e+00
1.096519784808110520e+00
1.095822937600018809e+00
1.095133196761661099e+00
1.094450471510742595e+00
1.093774672415938731e+00
1.093105711374825262e+00
1.092443501592196942e+00
1.091787957558728817e+00
1.091138995030008330e+00
1.090496531005908265e+00
1.089860483710314520e+00
1.089230772571189831e+00
1.088607318200970564e+00
1.087990042377301236e+00
1.087378868024090117e+00
1.086773719192885457e+00
1.086174521044565244e+00
1.085581199831342492e+00
1.084993682879072940e+00
1.084411898569861199e+00
1.083835776324966638e+00
1.083265246587997277e+00
1.082700240808392778e+00
1.082140691425185208e+00
1.081586531851041366e+00
1.081037696456571329e+00
1.080494120554912563e+00
1.079955740386571161e+00
1.079422493104524650e+00
1.078894316759579031e+00
1.078371150285975633e+00
1.077852933487246645e+00
1.077339607022309131e+00
1.076831112391798850e+00
1.076327391924637000e+00
1.075828388764829002e+00
1.075334046858485326e+00
1.074844310941068359e+00
1.074359126524853325e+00
1.073878439886608582e+00
1.073402198055480428e+00
1.072930348801091727e+00
1.072462840621837721e+00
1.071999622733386337e+00
1.071540645057371899e+00
1.071085858210284458e+00
1.070635213492545645e+00
1.070188662877773478e+00
1.069746159002229691e+00
1.069307655154444259e+00
1.068873105265020884e+00
1.068442463896612571e+00
1.068015686234068173e+00
1.067592728074749475e+00
1.067173545819007696e+00
1.066758096460825644e+00
1.066346337578616410e+00
1.065938227326179488e+00
1.065533724423810558e+00
1.065132788149556697e+00
1.064735378330628146e+00
1.064341455334945508e+00
1.063950980062838614e+00
1.063563913938877725e+00
1.063180218903848173e+00
1.062799857406856896e+00
1.062422792397571314e+00
1.062048987318591875e+00
1.061678406097948724e+00
1.061311013141728044e+00
1.060946773326817416e+00
1.060585651993777079e+00
1.060227614939826646e+00
1.059872628411952400e+00
1.059520659100126494e+00
1.059171674130640284e+00
1.058825641059548905e+00
1.058482527866225320e+00
1.058142302947020497e+00
1.057804935109027511e+00
1.057470393563952671e+00
1.057138647922083230e+00
1.056809668186360573e+00
1.056483424746544664e+00
1.056159888373480626e+00
1.055839030213455487e+00
1.055520821782650165e+00
1.055205234961682503e+00
1.054892241990236901e+00
1.054581815461787864e+00
1.054273928318402831e+00
1.053968553845634260e+00
1.053665665667495643e+00
1.053365237741516580e+00
1.053067244353879328e+00
1.052771660114636409e+00
1.052478459953002821e+00
1.052187619112726180e+00
1.051899113147533482e+00
1.051612917916645573e+00
1.051329009580374008e+00
1.051047364595776079e+00
1.050767959712393118e+00
1.050490771968047632e+00
1.050215778684712165e+00
1.049942957464441662e+00
1.049672286185376224e+00
1.049403742997802258e+00
1.049137306320278240e+00
1.048872954835823990e+00
1.048610667488168557e+00
1.048350423478057847e+00
1.048092202259622852e+00
1.047835983536803184e+00
1.047581747259828555e+00
1.047329473621755325e+00
1.047079143055056782e+00
1.046830736228270498e+00
1.046584234042693851e+00
1.046339617629135299e+00
1.046096868344713826e+00
1.045855967769710793e+00
1.045616897704470638e+00
1.045379640166347102e+00
1.045144177386701179e+00
1.044910491807943931e+00
1.044678566080624815e+00
1.044448383060565311e+00
1.044219925806038951e+00
1.043993177574991771e+00
1.043768121822308270e+00
1.043544742197118680e+00
1.043323022540147971e+00
1.043102946881104165e+00
1.042884499436109946e+00
1.042667664605169797e+00
1.042452426969679102e+00
1.042238771289969890e+00
1.042026682502893653e+00
1.041816145719441478e+00
1.041607146222402358e+00
1.041399669464051936e+00
1.041193701063882981e+00
1.040989226806364298e+00
1.040786232638737818e+00
1.040584704668845673e+00
1.040384629162992791e+00
1.040185992543839699e+00
1.039988781388328398e+00
1.039792982425638446e+00
1.039598582535172788e+00
1.039405568744576458e+00
1.039213928227783024e+00
1.039023648303088798e+00
1.038834716431259242e+00
1.038647120213660680e+00
1.038460847390419994e+00
1.038275885838613855e+00
1.038092223570481032e+00
1.037909848731665141e+00
1.037728749599480249e+00
1.037548914581203130e+00
1.037370332212390389e+00
1.037192991155221788e+00
1.037016880196864221e+00
1.036841988247864776e+00
1.036668304340561786e+00
1.036495817627523408e+00
1.036324517380006416e+00
1.036154392986438300e+00
1.035985433950922241e+00
1.035817629891760738e+00
1.035650970540004545e+00
1.035485445738020038e+00
1.035321045438077681e+00
1.035157759700961133e+00
1.034995578694596352e+00
1.034834492692699781e+00
1.034674492073447416e+00
1.034515567318160301e+00
1.034357709010011561e+00
1.034200907832750094e+00
1.034045154569443792e+00
1.033890440101238317e+00
1.033736755406136743e+00
1.033584091557793183e+00
1.033432439724326413e+00
1.033281791167147912e+00
1.033132137239807902e+00
1.032983469386856479e+00
1.032835779142722510e+00
1.032689058130606519e+00
1.032543298061389114e+00
1.032398490732556740e+00
1.032254628027139631e+00
1.032111701912665991e+00
1.031969704440132141e+00
1.031828627742984006e+00
1.031688464036114139e+00
1.031549205614874287e+00
1.031410844854097952e+00
1.031273374207140936e+00
1.031136786204930322e+00
1.031001073455030781e+00
1.030866228640720639e+00
1.030732244520082608e+00
1.030599113925106280e+00
1.030466829760802616e+00
1.030335385004330861e+00
1.030204772704136573e+00
1.030074985979103186e+00
1.029946018017713572e+00
1.029817862077223367e+00
1.029690511482845183e+00
1.029563959626944580e+00
1.029438199968247147e+00
1.029313226031053796e+00
1.029189031404471155e+00
1.029065609741646625e+00
1.028942954759019646e+00
1.028821060235576956e+00
1.028699920012124513e+00
1.028579527990562292e+00
1.028459878133173522e+00
1.028340964461922136e+00
1.028222781057758217e+00
1.028105322059934323e+00
1.027988581665330470e+00
1.027872554127788440e+00
1.027757233757451649e+00
1.027642614920119879e+00
1.027528692036606017e+00
1.027415459582106783e+00
1.027302912085577002e+00
1.027191044129115216e+00
1.027079850347357270e+00
1.026969325426874136e+00
1.026859464105583486e+00
1.026750261172164169e+00
1.026641711465479778e+00
1.026533809874010883e+00
1.026426551335292370e+00
1.026319930835360550e+00
1.026213943408204710e+00
1.026108584135228652e+00
1.026003848144716901e+00
1.025899730611308458e+00
1.025796226755477658e+00
1.025693331843021694e+00
1.025591041184553687e+00
1.025489350135004418e+00
1.025388254093126950e+00
1.025287748501011453e+00
1.025187828843604043e+00
1.025088490648230710e+00
1.024989729484130585e+00
1.024891540961991421e+00
1.024793920733493735e+00
1.024696864490859394e+00
1.024600367966406411e+00
1.024504426932107970e+00
1.024409037199159878e+00
1.024314194617549800e+00
1.024219895075635600e+00
1.024126134499725449e+00
1.024032908853666157e+00
1.023940214138434390e+00
1.023848046391734323e+00
1.023756401687599960e+00
1.023665276136001889e+00
1.023574665882460488e+00
1.023484567107660670e+00
1.023394976027075520e+00
1.023305888890591486e+00
1.023217301982139782e+00
1.023129211619331125e+00
1.023041614153096024e+00
1.022954505967328842e+00
1.022867883478536966e+00
1.022781743135493082e+00
1.022696081418892566e+00
1.022610894841015305e+00
1.022526179945390634e+00
1.022441933306466044e+00
1.022358151529283221e+00
1.022274831249152749e+00
1.022191969131337475e+00
1.022109561870736538e+00
1.022027606191574955e+00
1.021946098847096751e+00
1.021865036619260536e+00
1.021784416318440414e+00
1.021704234783129328e+00
1.021624488879645964e+00
1.021545175501846758e+00
1.021466291570838347e+00
1.021387834034696906e+00
1.021309799868187707e+00
1.021232186072490666e+00
1.021154989674926572e+00
1.021078207728688847e+00
1.021001837312577321e+00
1.020925875530735327e+00
1.020850319512389248e+00
1.020775166411593160e+00
1.020700413406973706e+00
1.020626057701480072e+00
1.020552096522136409e+00
1.020478527119796253e+00
1.020405346768901156e+00
1.020332552767240886e+00
1.020260142435716944e+00
1.020188113118110307e+00
1.020116462180848504e+00
1.020045187012778243e+00
1.019974285024940031e+00
1.019903753650345024e+00
1.019833590343753649e+00
1.019763792581459105e+00
1.019694357861071543e+00
1.019625283701304230e+00
1.019556567641763944e+00
1.019488207242743361e+00
1.019420200085013661e+00
1.019352543769623143e+00
1.019285235917694710e+00
1.019218274170228478e+00
1.019151656187903932e+00
1.019085379650886747e+00
1.019019442258636277e+00
1.018953841729715926e+00
1.018888575801605301e+00
1.018823642230514803e+00
1.018759038791201554e+00
1.018694763276789539e+00
1.018630813498587973e+00
1.018567187285915887e+00
1.018503882485925605e+00
1.018440896963429987e+00
1.018378228600730573e+00
1.018315875297448159e+00
1.018253834970355376e+00
1.018192105553210158e+00
1.018130684996593205e+00
1.018069571267744111e+00
1.018008762350402385e+00
1.017948256244648020e+00
1.017888050966745395e+00
1.017828144548987845e+00
1.017768535039544453e+00
1.017709220502307943e+00
1.017650199016745249e+00
1.017591468677748967e+00
1.017533027595490802e+00
1.017474873895275467e+00
1.017417005717398792e+00
1.017359421217004511e+00
1.017302118563944147e+00
1.017245095942638455e+00
1.017188351551939540e+00
1.017131883604995402e+00
1.017075690329115156e+00
1.017019769965636478e+00
1.016964120769793922e+00
1.016908741010588146e+00
1.016853628970658896e+00
1.016798782946155555e+00
1.016744201246612800e+00
1.016689882194825811e+00
1.016635824126725929e+00
1.016582025391260080e+00
1.016528484350269101e+00
1.016475199378369387e+00
1.016422168862833875e+00
1.016369391203475692e+00
1.016316864812532694e+00
1.016264588114552447e+00
1.016212559546280536e+00
1.016160777556546879e+00
1.016109240606156039e+00
1.016057947167777309e+00
1.016006895725836801e+00
1.015956084776409307e+00
1.015905512827112389e+00
1.015855178397002234e+00
1.015805080016468631e+00
1.015755216227132385e+00
1.015705585581743842e+00
1.015656186644081416e+00
1.015607017988853888e+00
1.015558078201598935e+00
1.015509365878587644e+00
1.015460879626727486e+00
1.015412618063466166e+00
1.015364579816697699e+00
1.015316763524668264e+00
1.015269167835883835e+00
1.015221791409018692e+00
1.015174632912824393e+00
1.015127691026039836e+00
1.015080964437302224e+00
1.015034451845060692e+00
1.014988151957486595e+00
1.014942063492389357e+00
1.014896185177130539e+00
1.014850515748539017e+00
1.014805053952828384e+00
1.014759798545512792e+00
1.014714748291327018e+00
1.014669901964143195e+00
1.014625258346892434e+00
1.014580816231484661e+00
1.014536574418729353e+00
1.014492531718259372e+00
1.014448686948452583e+00
1.014405038936355474e+00
1.014361586517609215e+00
1.014318328536372826e+00
1.014275263845251018e+00
1.014232391305219805e+00
1.014189709785555005e+00
1.014147218163758968e+00
1.014104915325491296e+00
1.014062800164496903e+00
1.014020871582537620e+00
1.013979128489322257e+00
1.013937569802439098e+00
1.013896194447287513e+00
1.013855001357011787e+00
1.013813989472434507e+00
1.013773157741991060e+00
1.013732505121664129e+00
1.013692030574920411e+00
1.013651733072645778e+00
1.013611611593083328e+00
1.013571665121769882e+00
1.013531892651474697e+00
1.013492293182138404e+00
1.013452865720811946e+00
1.013413609281596850e+00
1.013374522885585272e+00
1.013335605560802266e+00
1.013296856342145835e+00
1.013258274271330750e+00
1.013219858396830153e+00
1.013181607773820048e+00
1.013143521464122010e+00
1.013105598536148566e+00
1.013067838064848125e+00
1.013030239131650134e+00
1.012992800824411121e+00
1.012955522237361405e+00
1.012918402471052914e+00
1.012881440632305230e+00
1.012844635834154516e+00
1.012807987195803339e+00
1.012771493842566928e+00
1.012735154905825663e+00
1.012698969522973114e+00
1.012662936837367411e+00
1.012627055998282177e+00
1.012591326160858118e+00
1.012555746486053954e+00
1.012520316140600674e+00
1.012485034296952469e+00
1.012449900133241210e+00
1.012414912833229597e+00
1.012380071586265196e+00
1.012345375587236029e+00
1.012310824036523949e+00
1.012276416139961555e+00
1.012242151108787125e+00
1.012208028159601758e+00
1.012174046514324521e+00
1.012140205400151372e+00
1.012106504049510969e+00
1.012072941700024042e+00
1.012039517594460758e+00
1.012006230980698751e+00
1.011973081111684047e+00
1.011940067245388430e+00
1.011907188644771027e+00
1.011874444577737009e+00
1.011841834317098954e+00
1.011809357140537546e+00
1.011777012330562275e+00
1.011744799174474352e+00
1.011712716964327408e+00
1.011680764996890414e+00
1.011648942573610155e+00
1.011617249000574370e+00
1.011585683588474449e+00
1.011554245652570794e+00
1.011522934512654182e+00
1.011491749493013126e+00
1.011460689922395684e+00
1.011429755133976816e+00
1.011398944465321525e+00
1.011368257258352665e+00
1.011337692859314963e+00
1.011307250618742382e+00
1.011276929891424148e+00
1.011246730036371666e+00
1.011216650416786100e+00
1.011186690400025068e+00
1.011156849357571108e+00
1.011127126664998821e+00
1.011097521701943780e+00
1.011068033852071668e+00
1.011038662503045638e+00
1.011009407046496555e+00
1.010980266877992362e+00
1.010951241397007427e+00
1.010922330006892800e+00
1.010893532114845783e+00
1.010864847131881517e+00
1.010836274472802776e+00
1.010807813556171553e+00
1.010779463804279965e+00
1.010751224643122281e+00
1.010723095502365831e+00
1.010695075815323918e+00
1.010667165018927616e+00
1.010639362553698684e+00
1.010611667863721364e+00
1.010584080396616846e+00
1.010556599603515071e+00
1.010529224939029191e+00
1.010501955861228929e+00
1.010474791831614150e+00
1.010447732315089775e+00
1.010420776779939356e+00
1.010393924697800427e+00
1.010367175543638973e+00
1.010340528795723891e+00
1.010313983935603455e+00
1.010287540448080001e+00
1.010261197821185952e+00
1.010234955546159163e+00
1.010208813117419391e+00
1.010182770032545418e+00
1.010156825792249524e+00
1.010130979900356829e+00
1.010105231863779540e+00
1.010079581192496523e+00
1.010054027399528431e+00
1.010028570000917059e+00
1.010003208515701800e+00
1.009977942465898115e+00
1.009952771376475322e+00
1.009927694775335061e+00
1.009902712193289975e+00
1.009877823164041288e+00
1.009853027224159261e+00
1.009828323913060766e+00
1.009803712772989304e+00
1.009779193348993687e+00
1.009754765188908276e+00
1.009730427843332334e+00
1.009706180865609371e+00
1.009682023811808493e+00
1.009657956240703314e+00
1.009633977713752850e+00
1.009610087795082212e+00
1.009586286051463055e+00
1.009562572052294271e+00
1.009538945369583995e+00
1.009515405577929181e+00
1.009491952254498504e+00
1.009468584979012595e+00
1.009445303333726729e+00
1.009422106903411720e+00
1.009398995275336830e+00
1.009375968039251115e+00
1.009353024787365660e+00
1.009330165114336486e+00
1.009307388617247003e+00
1.009284694895590029e+00
1.009262083551251798e+00
1.009239554188493537e+00
1.009217106413935694e+00
1.009194739836541066e+00
1.009172454067597480e+00
1.009150248720702026e+00
1.009128123411744182e+00
1.009106077758890052e+00
1.009084111382566151e+00
1.009062223905443645e+00
1.009040414952421694e+00
1.009018684150613243e+00
1.008997031129327704e+00
1.008975455520057629e+00
1.008953956956461173e+00
1.008932535074348324e+00
1.008911189511665807e+00
1.008889919908481758e+00
1.008868725906970409e+00
1.008847607151398984e+00
1.008826563288111489e+00
1.008805593965514946e+00
1.008784698834065185e+00
1.008763877546252408e+00
1.008743129756587198e+00
1.008722455121586314e+00
1.008701853299758922e+00
1.008681323951593045e+00
1.008660866739541362e+00
1.008640481328008542e+00
1.008620167383336819e+00
1.008599924573793105e+00
1.008579752569556121e+00
1.008559651042702177e+00
1.008539619667193854e+00
1.008519658118864903e+00
1.008499766075410031e+00
1.008479943216369579e+00
1.008460189223118642e+00
1.008440503778853969e+00
1.008420886568581976e+00
1.008401337279105192e+00
1.008381855599012056e+00
1.008362441218662697e+00
1.008343093830178061e+00
1.008323813127428359e+00
1.008304598806019969e+00
1.008285450563284780e+00
1.008266368098268195e+00
1.008247351111716927e+00
1.008228399306068557e+00
1.008209512385439988e+00
1.008190690055615235e+00
1.008171932024035433e+00
1.008153237999786622e+00
1.008134607693589313e+00
1.008116040817788051e+00
1.008097537086339202e+00
1.008079096214801185e+00
1.008060717920324034e+00
1.008042401921637410e+00
1.008024147939041715e+00
1.008005955694396327e+00
1.007987824911110275e+00
1.007969755314130911e+00
1.007951746629934586e+00
1.007933798586516216e+00
1.007915910913379065e+00
1.007898083341525197e+00
1.007880315603444821e+00
1.007862607433107183e+00
1.007844958565950577e+00
1.007827368738872797e+00
1.007809837690220922e+00
1.007792365159783099e+00
1.007774950888777443e+00
1.007757594619844044e+00
1.007740296097034749e+00
1.007723055065804285e+00
1.007705871273001597e+00
1.007688744466859410e+00
1.007671674396986683e+00
1.007654660814358616e+00
1.007637703471308210e+00
1.007620802121517389e+00
1.007603956520008115e+00
1.007587166423133951e+00
1.007570431588571180e+00
1.007553751775310147e+00
1.007537126743647038e+00
1.007520556255175670e+00
1.007504040072777940e+00
1.007487577960617386e+00
1.007471169684128975e+00
1.007454815010012661e+00
1.007438513706223837e+00
1.007422265541966233e+00
1.007406070287683253e+00
1.007389927715050648e+00
1.007373837596968302e+00
1.007357799707552015e+00
1.007341813822126619e+00
1.007325879717217543e+00
1.007309997170543481e+00
1.007294165961008625e+00
1.007278385868695114e+00
1.007262656674855927e+00
1.007246978161906892e+00
1.007231350113419799e+00
1.007215772314114632e+00
1.007200244549852686e+00
1.007184766607629234e+00
1.007169338275565984e+00
1.007153959342904859e+00
1.007138629599999780e+00
1.007123348838310894e+00
1.007108116850396362e+00
1.007092933429906356e+00
1.007077798371576183e+00
1.007062711471218952e+00
1.007047672525719140e+00
1.007032681333025481e+00
1.007017737692145420e+00
1.007002841403137339e+00
1.006987992267104115e+00
1.006973190086187575e+00
1.006958434663560720e+00
1.006943725803422174e+00
1.006929063310989747e+00
1.006914446992493772e+00
1.006899876655170889e+00
1.006885352107258269e+00
1.006870873157986734e+00
1.006856439617574761e+00
1.006842051297223151e+00
1.006827708009107925e+00
1.006813409566374773e+00
1.006799155783133060e+00
1.006784946474450271e+00
1.006770781456345354e+00
1.006756660545783388e+00
1.006742583560669591e+00
1.006728550319843762e+00
1.006714560643074297e+00
1.006700614351052625e+00
1.006686711265387668e+00
1.006672851208600283e+00
1.006659034004117270e+00
1.006645259476266263e+00
1.006631527450270180e+00
1.006617837752241673e+00
1.006604190209177796e+00
1.006590584648954678e+00
1.006577020900321751e+00
1.006563498792897304e+00
1.006550018157162940e+00
1.006536578824457573e+00
1.006523180626972991e+00
1.006509823397748749e+00
1.006496506970667060e+00
1.006483231180447246e+00
1.006469995862640854e+00
1.006456800853627431e+00
1.006443645990608093e+00
1.006430531111601967e+00
1.006417456055440862e+00
1.006404420661763721e+00
1.006391424771012622e+00
1.006378468224428113e+00
1.006365550864043446e+00
1.006352672532680792e+00
1.006339833073945700e+00
1.006327032332223981e+00
1.006314270152675050e+00
1.006301546381228595e+00
1.006288860864579693e+00
1.006276213450184365e+00
1.006263603986255140e+00
1.006251032321755723e+00
1.006238498306398110e+00
1.006226001790636815e+00
1.006213542625665314e+00
1.006201120663410942e+00
1.006188735756531338e+00
1.006176387758409563e+00
1.006164076523150319e+00
1.006151801905575294e+00
1.006139563761218936e+00
1.006127361946324905e+00
1.006115196317840965e+00
1.006103066733416096e+00
1.006090973051394721e+00
1.006078915130814266e+00
1.006066892831400272e+00
1.006054906013562622e+00
