9.463295292204275455e+00
9.456748383311216699e+00
9.437258059126321541e+00
9.405262011216844797e+00
9.361452947984984618e+00
9.306729026856569220e+00
9.242135432864257538e+00
9.168804326251303038e+00
9.087899340118307023e+00
9.000568783851596422e+00
8.907909545508616134e+00
8.810941873578990169e+00
8.710593980883512444e+00
8.607694757195130109e+00
8.502972682759375900e+00
8.397059143042271856e+00
8.290494612101358740e+00
8.183736493036981585e+00
8.077167714593276315e+00
7.971105450862276065e+00
7.865809545373433131e+00
7.761490383076149691e+00
7.658316071044851903e+00
7.556418870131299315e+00
7.455900873871090795e+00
7.356838965067868052e+00
7.259289100454444643e+00
7.163289984085378315e+00
7.068866193876041315e+00
6.976030825286824388e+00
6.884787713157982658e+00
6.795133288245502889e+00
6.707058119827914666e+00
6.620548190340666217e+00
6.535585942656993552e+00
6.452151135566092321e+00
6.370221538304168263e+00
6.289773490730873107e+00
6.210782351920023814e+00
6.133222856550977653e+00
6.057069395515645382e+00
5.982296234573136751e+00
5.908877682647671215e+00
5.836788219446974679e+00
5.766002590437410369e+00
5.696495875817776167e+00
5.628243538954651903e+00
5.561221458748722313e+00
5.495405949568904269e+00
5.430773771696548735e+00
5.367302134644498679e+00
5.304968695237756826e+00
5.243751551949962675e+00
5.183629236666992490e+00
5.124580704786435348e+00
5.066585324348765518e+00
5.009622864724175173e+00
4.953673485241607111e+00
4.898717724037483734e+00
4.844736487315485896e+00
4.791711039141677730e+00
4.739622991847791234e+00
4.688454297076255273e+00
4.638187237471461444e+00
4.588804419000503287e+00
4.540288763872147193e+00
4.492623504012621893e+00
4.445792175050988781e+00
4.399778610764327524e+00
4.354566937931076964e+00
4.310141571543121941e+00
4.266487210328246960e+00
4.223588832538020199e+00
4.181431691959176966e+00
4.140001314110512531e+00
4.099283492590950928e+00
4.059264285548561446e+00
4.019930012243328576e+00
3.981267249680756404e+00
3.943262829296300787e+00
3.905903833673746828e+00
3.869177593283673389e+00
3.833071683230284687e+00
3.797573919997800029e+00
3.762672358189217192e+00
3.728355287252004047e+00
3.694611228187374863e+00
3.661428930240583579e+00
3.628797367571358734e+00
3.596705735904128787e+00
3.565143449159069888e+00
3.534100136065172926e+00
3.503565636757395740e+00
3.473529999360486453e+00
3.443983476562168633e+00
3.414916522178744529e+00
3.386319787716429275e+00
3.358184118931797357e+00
3.330500552394680902e+00
3.303260312057036518e+00
3.276454805831115369e+00
3.250075622180396806e+00
3.224114526726272523e+00
3.198563458873872278e+00
3.173414528459904016e+00
3.148660012425239518e+00
3.124292351515136623e+00
3.100304147009372180e+00
3.076688157484826824e+00
3.053437295612526636e+00
3.030544624991198699e+00
3.008003357019175983e+00
2.985806847806229403e+00
2.963948595126927099e+00
2.942422235416628951e+00
2.921221540811595574e+00
2.900340416233872176e+00
2.879772896522168057e+00
2.859513143609214048e+00
2.839555443746307972e+00
2.819894204775582836e+00
2.800523953450341885e+00
2.781439332803643971e+00
2.762635099565456720e+00
2.744106121628401507e+00
2.725847375561986308e+00
2.707853944175409033e+00
2.690121014128584953e+00
2.672643873591348918e+00
2.655417909950391397e+00
2.638438607563638794e+00
2.621701545561649027e+00
2.605202395695673800e+00
2.588936920231710737e+00
2.572900969890165257e+00
2.557090481830493367e+00
2.541501477680294663e+00
2.526130061608083288e+00
2.510972418439295417e+00
2.496024811814692157e+00
2.481283582390590325e+00
2.466745146080163487e+00
2.452405992335164875e+00
2.438262682467234654e+00
2.424311848008257719e+00
2.410550189108817243e+00
2.396974472974245707e+00
2.383581532337297748e+00
2.370368263966950551e+00
2.357331627212424507e+00
2.344468642581677198e+00
2.331776390353855533e+00
2.319252009224760158e+00
2.306892694984658654e+00
2.294695699227856434e+00
2.282658328093136291e+00
2.270777941034546998e+00
2.259051949621698974e+00
2.247477816369030990e+00
2.236053053593261453e+00
2.224775222298478017e+00
2.213641931088066173e+00
2.202650835103042937e+00
2.191799634985991396e+00
2.181086075870045882e+00
2.170507946392374876e+00
2.160063077731477321e+00
2.149749342667796714e+00
2.139564654667001520e+00
2.129506966985466487e+00
2.119574271797318943e+00
2.109764599342589975e+00
2.100076017095882541e+00
2.090506628955119073e+00
2.081054574449773487e+00
2.071718027968215914e+00
2.062495198003563512e+00
2.053384326417686978e+00
2.044383687722858944e+00
2.035491588380548666e+00
2.026706366117091651e+00
2.018026389255605402e+00
2.009450056063895040e+00
2.000975794117866080e+00
1.992602059680064652e+00
1.984327337093008570e+00
1.976150138186830496e+00
1.968069001700994303e+00
1.960082492719627645e+00
1.952189202120180322e+00
1.944387746035047826e+00
1.936676765325819005e+00
1.929054925069899173e+00
1.921520914059061003e+00
1.914073444309776217e+00
1.906711250584880002e+00
1.899433089926440221e+00
1.892237741199348733e+00
1.885124004645595708e+00
1.878090701448754452e+00
1.871136673308511966e+00
1.864260782025027208e+00
1.857461909092772423e+00
1.850738955303695921e+00
1.844090840359434935e+00
1.837516502492380521e+00
1.831014898095332022e+00
1.824585001359543934e+00
1.818225803921017958e+00
1.811936314514682067e+00
1.805715558636435070e+00
1.799562578212748010e+00
1.793476431277654992e+00
1.787456191656991988e+00
1.781500948659649808e+00
1.775609806775709565e+00
1.769781885381256803e+00
1.764016318449735721e+00
1.758312254269681407e+00
1.752668855168653561e+00
1.747085297243242685e+00
1.741560770094977340e+00
1.736094476572007439e+00
1.730685632516434591e+00
1.725333466517097847e+00
1.720037219667754247e+00
1.714796145330476529e+00
1.709609508904133435e+00
1.704476587597907544e+00
1.699396670209596172e+00
1.694369056908725524e+00
1.689393059024268506e+00
1.684467998836873814e+00
1.679593209375521257e+00
1.674768034218485191e+00
1.669991827298502818e+00
1.665263952712037643e+00
1.660583784532573937e+00
1.655950706627812519e+00
1.651364112480694146e+00
1.646823405014142150e+00
1.642327996419479685e+00
1.637877307988394371e+00
1.633470769948361934e+00
1.629107821301509329e+00
1.624787909666755681e+00
1.620510491125229713e+00
1.616275030068821561e+00
1.612080999051864971e+00
1.607927878645808661e+00
1.603815157296877736e+00
1.599742331186582600e+00
1.595708904095095804e+00
1.591714387267332054e+00
1.587758299281782914e+00
1.583840165921933663e+00
1.579959520050288280e+00
1.576115901484883786e+00
1.572308856878305683e+00
1.568537939599050413e+00
1.564802709615307652e+00
1.561102733380977270e+00
1.557437583723977337e+00
1.553806839736729284e+00
1.550210086668811105e+00
1.546646915821676016e+00
1.543116924445486315e+00
1.539619715637891906e+00
1.536154898244823652e+00
1.532722086763189884e+00
1.529320901245456277e+00
1.525950967206070930e+00
1.522611915529691551e+00
1.519303382381161915e+00
1.516025009117230926e+00
1.512776442199940785e+00
1.509557333111678723e+00
1.506367338271841660e+00
1.503206118955070947e+00
1.500073341211052513e+00
1.496968675785805614e+00
1.493891798044481467e+00
1.490842387895598087e+00
1.487820129716689088e+00
1.484824712281350489e+00
1.481855828687658194e+00
1.478913176287889097e+00
1.475996456619578900e+00
1.473105375337836476e+00
1.470239642148913228e+00
1.467398970744999476e+00
1.464583078740214983e+00
1.461791687607784773e+00
1.459024522618350028e+00
1.456281312779421633e+00
1.453561790775919516e+00
1.450865692911801563e+00
1.448192759052755907e+00
1.445542732569929489e+00
1.442915360284658499e+00
1.440310392414204665e+00
1.437727582518475877e+00
1.435166687447680056e+00
1.432627467290936929e+00
1.430109685325791080e+00
1.427613107968637163e+00
1.425137504726010640e+00
1.422682648146758044e+00
1.420248313775043458e+00
1.417834280104185218e+00
1.415440328531313297e+00
1.413066243312801618e+00
1.410711811520520165e+00
1.408376822998806288e+00
1.406061070322226048e+00
1.403764348754046765e+00
1.401486456205442543e+00
1.399227193195405894e+00
1.396986362811339699e+00
1.394763770670359948e+00
1.392559224881230628e+00
1.390372536006966531e+00
1.388203517028094858e+00
1.386051983306511248e+00
1.383917752549987057e+00
1.381800644777247511e+00
1.379700482283678920e+00
1.377617089607595657e+00
1.375550293497073362e+00
1.373499922877368551e+00
1.371465808818855381e+00
1.369447784505526400e+00
1.367445685204014438e+00
1.365459348233125647e+00
1.363488612933892341e+00
1.361533320640115674e+00
1.359593314649416351e+00
1.357668440194746529e+00
1.355758544416373557e+00
1.353863476334349114e+00
1.351983086821415103e+00
1.350117228576347639e+00
1.348265756097770662e+00
1.346428525658361464e+00
1.344605395279513171e+00
1.342796224706378938e+00
1.341000875383344448e+00
1.339219210429898776e+00
1.337451094616886937e+00
1.335696394343152349e+00
1.333954977612555881e+00
1.332226714011369051e+00
1.330511474686029150e+00
1.328809132321249642e+00
1.327119561118485169e+00
1.325442636774736949e+00
1.323778236461702784e+00
1.322126238805258591e+00
1.320486523865257888e+00
1.318858973115658584e+00
1.317243469424971281e+00
1.315639897037006456e+00
1.314048141551925841e+00
1.312468089907596669e+00
1.310899630361244350e+00
1.309342652471376267e+00
1.307797047080007768e+00
1.306262706295151510e+00
1.304739523473590790e+00
1.303227393203907569e+00
1.301726211289793378e+00
1.300235874733601582e+00
1.298756281720160555e+00
1.297287331600835758e+00
1.295828924877849397e+00
1.294380963188818567e+00
1.292943349291545641e+00
1.291515987049046910e+00
1.290098781414793949e+00
1.288691638418194341e+00
1.287294465150285339e+00
1.285907169749652912e+00
1.284529661388551958e+00
1.283161850259252335e+00
1.281803647560579185e+00
1.280454965484666863e+00
1.279115717203898495e+00
1.277785816858055146e+00
1.276465179541651285e+00
1.275153721291467424e+00
1.273851359074250844e+00
1.272558010774624382e+00
1.271273595183154193e+00
1.269998031984613585e+00
1.268731241746403393e+00
1.267473145907153542e+00
1.266223666765495137e+00
1.264982727468992652e+00
1.263750252003239760e+00
1.262526165181116156e+00
1.261310392632210231e+00
1.260102860792378987e+00
1.258903496893478913e+00
1.257712228953235645e+00
1.256528985765261730e+00
1.255353696889229820e+00
1.254186292641171541e+00
1.253026704083933351e+00
1.251874863017758965e+00
1.250730701971015435e+00
1.249594154191049578e+00
1.248465153635168745e+00
1.247343634961769254e+00
1.246229533521571842e+00
1.245122785348997008e+00
1.244023327153657155e+00
1.242931096311967076e+00
1.241846030858884120e+00
1.240768069479751157e+00
1.239697151502273886e+00
1.238633216888587851e+00
1.237576206227466002e+00
1.236526060726606646e+00
1.235482722205052841e+00
1.234446133085709274e+00
1.233416236387955722e+00
1.232392975720389749e+00
1.231376295273632682e+00
1.230366139813276360e+00
1.229362454672896732e+00
1.228365185747180899e+00
1.227374279485145658e+00
1.226389682883447074e+00
1.225411343479791304e+00
1.224439209346420698e+00
1.223473229083708258e+00
1.222513351813827587e+00
1.221559527174512771e+00
1.220611705312907080e+00
1.219669836879488267e+00
1.218733873022085135e+00
1.217803765379976699e+00
1.216879466078060190e+00
1.215960927721107421e+00
1.215048103388101985e+00
1.214140946626641959e+00
1.213239411447426974e+00
1.212343452318820347e+00
1.211453024161477821e+00
1.210568082343055574e+00
1.209688582672981738e+00
1.208814481397307405e+00
1.207945735193618697e+00
1.207082301166020111e+00
1.206224136840182481e+00
1.205371200158463552e+00
1.204523449475083163e+00
1.203680843551371282e+00
1.202843341551075973e+00
1.202010903035727329e+00
1.201183487960077123e+00
1.200361056667582860e+00
1.199543569885961558e+00
1.198730988722797264e+00
1.197923274661208071e+00
1.197120389555568210e+00
1.196322295627289423e+00
1.195528955460651632e+00
1.194740331998695781e+00
1.193956388539160418e+00
1.193177088730483559e+00
1.192402396567840306e+00
1.191632276389248180e+00
1.190866692871710875e+00
1.190105611027418187e+00
1.189348996199989905e+00
1.188596814060776996e+00
1.187849030605196976e+00
1.187105612149127465e+00
1.186366525325341259e+00
1.185631737079986703e+00
1.184901214669115799e+00
1.184174925655251842e+00
1.183452837904003685e+00
1.182734919580725297e+00
1.182021139147211963e+00
1.181311465358442225e+00
1.180605867259361563e+00
1.179904314181702496e+00
1.179206775740849533e+00
1.178513221832739433e+00
1.177823622630803646e+00
1.177137948582946736e+00
1.176456170408563873e+00
1.175778259095596523e+00
1.175104185897620779e+00
1.174433922330974767e+00
1.173767440171925802e+00
1.173104711453865523e+00
1.172445708464539882e+00
1.171790403743323550e+00
1.171138770078512747e+00
1.170490780504666262e+00
1.169846408299967333e+00
1.169205626983625734e+00
1.168568410313309602e+00
1.167934732282605248e+00
1.167304567118513381e+00
1.166677889278973090e+00
1.166054673450413803e+00
1.165434894545344102e+00
1.164818527699962081e+00
1.164205548271798563e+00
1.163595931837389852e+00
1.162989654189975131e+00
1.162386691337224276e+00
1.161787019498992990e+00
1.161190615105103907e+00
1.160597454793155237e+00
1.160007515406355161e+00
1.159420773991381548e+00
1.158837207796269642e+00
1.158256794268323953e+00
1.157679511052052801e+00
1.157105335987127281e+00
1.156534247106373314e+00
1.155966222633773244e+00
1.155401240982504074e+00
1.154839280752989694e+00
1.154280320730981968e+00
1.153724339885662253e+00
1.153171317367764681e+00
1.152621232507721194e+00
1.152074064813833898e+00
1.151529793970458515e+00
1.150988399836219367e+00
1.150449862442239457e+00
1.149914161990391648e+00
1.149381278851573374e+00
1.148851193563995565e+00
1.148323886831502216e+00
1.147799339521892836e+00
1.147277532665283095e+00
1.146758447452467911e+00
1.146242065233317620e+00
1.145728367515179702e+00
1.145217335961308924e+00
1.144708952389310141e+00
1.144203198769601970e+00
1.143700057223894007e+00
1.143199510023688026e+00
1.142701539588787396e+00
1.142206128485833361e+00
1.141713259426851534e+00
1.141222915267815274e+00
1.140735079007227482e+00
1.140249733784719277e+00
1.139766862879659781e+00
1.139286449709789872e+00
1.138808477829859056e+00
1.138332930930293641e+00
1.137859792835864248e+00
1.137389047504379525e+00
1.136920679025387182e+00
1.136454671618897239e+00
1.135991009634110371e+00
1.135529677548168248e+00
1.135070659964915407e+00
1.134613941613669130e+00
1.134159507348016405e+00
1.133707342144610219e+00
1.133257431101984514e+00
1.132809759439388220e+00
1.132364312495622638e+00
1.131921075727897019e+00
1.131480034710695470e+00
1.131041175134656074e+00
1.130604482805464439e+00
1.130169943642757246e+00
1.129737543679036005e+00
1.129307269058598351e+00
1.128879106036476898e+00
1.128453040977389410e+00
1.128029060354701407e+00
1.127607150749402543e+00
1.127187298849088970e+00
1.126769491446963700e+00
1.126353715440837622e+00
1.125939957832154059e+00
1.125528205725011555e+00
1.125118446325207966e+00
1.124710666939285231e+00
1.124304854973593226e+00
1.123900997933356738e+00
1.123499083421755307e+00
1.123099099139015289e+00
1.122701032881505911e+00
1.122304872540851983e+00
1.121910606103048380e+00
1.121518221647590963e+00
1.121127707346615265e+00
1.120739051464036073e+00
1.120352242354711869e+00
1.119967268463602172e+00
1.119584118324944200e+00
1.119202780561435517e+00
1.118823243883422025e+00
1.118445497088099039e+00
1.118069529058720590e+00
1.117695328763809837e+00
1.117322885256391007e+00
1.116952187673214691e+00
1.116583225234002663e+00
1.116215987240695151e+00
1.115850463076706101e+00
1.115486642206189094e+00
1.115124514173306602e+00
1.114764068601511227e+00
1.114405295192832046e+00
1.114048183727168073e+00
1.113692724061589034e+00
1.113338906129646588e+00
1.112986719940688429e+00
1.112636155579180830e+00
1.112287203204038510e+00
1.111939853047964943e+00
1.111594095416787997e+00
1.111249920688820447e+00
1.110907319314207831e+00
1.110566281814298506e+00
1.110226798781009050e+00
1.109888860876204753e+00
1.109552458831079225e+00
1.109217583445545552e+00
1.108884225587630556e+00
1.108552376192877498e+00
1.108222026263752102e+00
1.107893166869057033e+00
1.107565789143351909e+00
1.107239884286376874e+00
1.106915443562485502e+00
1.106592458300081683e+00
1.106270919891060522e+00
1.105950819790257889e+00
1.105632149514904627e+00
1.105314900644082776e+00
1.104999064818194876e+00
1.104684633738428845e+00
1.104371599166236395e+00
1.104059952922813670e+00
1.103749686888585213e+00
1.103440793002694376e+00
1.103133263262501051e+00
1.102827089723081855e+00
1.102522264496734072e+00
1.102218779752488942e+00
1.101916627715626040e+00
1.101615800667191669e+00
1.101316290943527454e+00
1.101018090935796501e+00
1.100721193089520433e+00
1.100425589904114432e+00
1.100131273932436704e+00
1.099838237780329742e+00
1.099546474106176674e+00
1.099255975620456294e+00
1.098966735085303625e+00
1.098678745314077609e+00
1.098391999170927003e+00
1.098106489570366051e+00
1.097822209476852828e+00
1.097539151904368460e+00
1.097257309916005674e+00
1.096976676623557578e+00
1.096697245187111314e+00
1.096419008814646157e+00
1.096141960761634726e+00
1.095866094330648410e+00
1.095591402870968123e+00
1.095317879778193948e+00
1.095045518493866110e+00
1.094774312505081282e+00
1.094504255344119104e+00
1.094235340588069372e+00
1.093967561858461668e+00
1.093700912820901872e+00
1.093435387184709340e+00
1.093170978702558749e+00
1.092907681170122824e+00
1.092645488425725731e+00
1.092384394349989352e+00
1.092124392865490901e+00
1.091865477936419637e+00
1.091607643568240027e+00
1.091350883807354899e+00
1.091095192740774600e+00
1.090840564495784815e+00
1.090586993239624158e+00
1.090334473179157992e+00
1.090082998560561567e+00
1.089832563668998944e+00
1.089583162828312357e+00
1.089334790400710906e+00
1.089087440786458805e+00
1.088841108423574733e+00
1.088595787787524971e+00
1.088351473390927193e+00
1.088108159783250706e+00
1.087865841550523793e+00
1.087624513315041952e+00
1.087384169735079453e+00
1.087144805504599576e+00
1.086906415352977495e+00
1.086668994044715175e+00
1.086432536379162261e+00
1.086197037190241410e+00
1.085962491346177394e+00
1.085728893749222657e+00
1.085496239335390634e+00
1.085264523074189080e+00
1.085033739968358724e+00
1.084803885053610362e+00
1.084574953398364849e+00
1.084346940103500412e+00
1.084119840302095961e+00
1.083893649159179517e+00
1.083668361871479524e+00
1.083443973667177707e+00
1.083220479805663494e+00
1.082997875577292879e+00
1.082776156303143056e+00
1.082555317334781719e+00
1.082335354054024146e+00
1.082116261872701157e+00
1.081898036232428417e+00
1.081680672604375282e+00
1.081464166489036760e+00
1.081248513416007473e+00
1.081033708943758276e+00
1.080819748659414437e+00
1.080606628178535367e+00
1.080394343144896574e+00
1.080182889230273835e+00
1.079972262134229588e+00
1.079762457583898883e+00
1.079553471333781989e+00
1.079345299165533012e+00
1.079137936887754945e+00
1.078931380335793833e+00
1.078725625371536490e+00
1.078520667883210216e+00
1.078316503785179625e+00
1.078113129017753913e+00
1.077910539546985458e+00
1.077708731364481753e+00
1.077507700487206455e+00
1.077307442957293082e+00
1.077107954841853843e+00
1.076909232232791336e+00
1.076711271246614476e+00
1.076514068024253534e+00
1.076317618730875836e+00
1.076121919555706574e+00
1.075926966711848509e+00
1.075732756436102555e+00
1.075539284988793698e+00
1.075346548653594470e+00
1.075154543737351975e+00
1.074963266569914699e+00
1.074772713503963528e+00
1.074582880914842553e+00
1.074393765200390316e+00
1.074205362780774387e+00
1.074017670098326604e+00
1.073830683617379878e+00
1.073644399824105200e+00
1.073458815226353336e+00
1.073273926353492058e+00
1.073089729756252053e+00
1.072906222006567933e+00
1.072723399697424140e+00
1.072541259442699957e+00
1.072359797877018961e+00
1.072179011655595371e+00
1.071998897454085276e+00
1.071819451968438752e+00
1.071640671914750431e+00
1.071462554029114500e+00
1.071285095067479043e+00
1.071108291805503265e+00
1.070932141038413610e+00
1.070756639580863423e+00
1.070581784266791736e+00
1.070407571949285597e+00
1.070233999500439959e+00
1.070061063811223789e+00
1.069888761791342402e+00
1.069717090369102896e+00
1.069546046491282709e+00
1.069375627122995720e+00
1.069205829247560580e+00
1.069036649866373700e+00
1.068868085998775808e+00
1.068700134681928038e+00
1.068532792970682932e+00
1.068366057937458313e+00
1.068199926672114719e+00
1.068034396281829723e+00
1.067869463890974258e+00
1.067705126640994928e+00
1.067541381690288560e+00
1.067378226214084957e+00
1.067215657404328777e+00
1.067053672469559622e+00
1.066892268634796137e+00
1.066731443141421209e+00
1.066571193247065619e+00
1.066411516225494349e+00
1.066252409366493570e+00
1.066093869975759167e+00
1.065935895374784392e+00
1.065778482900749946e+00
1.065621629906415180e+00
1.065465333760007738e+00
1.065309591845118975e+00
1.065154401560593378e+00
1.064999760320425537e+00
1.064845665553653786e+00
1.064692114704255399e+00
1.064539105231044669e+00
1.064386634607569215e+00
1.064234700322008509e+00
1.064083299877072619e+00
1.063932430789902517e+00
1.063782090591971041e+00
1.063632276828982537e+00
1.063482987060777596e+00
1.063334218861234026e+00
1.063185969818171817e+00
1.063038237533256769e+00
1.062891019621907240e+00
1.062744313713198219e+00
1.062598117449769619e+00
1.062452428487733025e+00
1.062307244496580427e+00
1.062162563159092965e+00
1.062018382171250330e+00
1.061874699242141951e+00
1.061731512093877505e+00
1.061588818461498551e+00
1.061446616092891704e+00
1.061304902748701373e+00
1.061163676202243611e+00
1.061022934239420623e+00
1.060882674658636615e+00
1.060742895270712749e+00
1.060603593898803432e+00
1.060464768378315936e+00
1.060326416556824913e+00
1.060188536293992678e+00
1.060051125461487942e+00
1.059914181942906319e+00
1.059777703633688839e+00
1.059641688441044671e+00
1.059506134283872081e+00
1.059371039092679823e+00
1.059236400809511647e+00
1.059102217387867695e+00
1.058968486792630115e+00
1.058835206999987122e+00
1.058702375997357059e+00
1.058569991783315123e+00
1.058438052367520310e+00
1.058306555770640589e+00
1.058175500024281623e+00
1.058044883170914385e+00
1.057914703263802325e+00
1.057784958366933425e+00
1.057655646554946260e+00
1.057526765913062716e+00
1.057398314537017603e+00
1.057270290532989820e+00
1.057142692017534635e+00
1.057015517117515291e+00
1.056888763970035061e+00
1.056762430722372859e+00
1.056636515531914622e+00
1.056511016566088257e+00
1.056385932002299688e+00
1.056261260027865134e+00
1.056136998839950492e+00
1.056013146645504941e+00
1.055889701661198110e+00
1.055766662113357679e+00
1.055644026237906985e+00
1.055521792280303517e+00
1.055399958495476076e+00
1.055278523147764824e+00
1.055157484510861110e+00
1.055036840867746406e+00
1.054916590510633911e+00
1.054796731740907045e+00
1.054677262869064158e+00
1.054558182214657025e+00
1.054439488106235112e+00
1.054321178881286958e+00
1.054203252886183328e+00
1.054085708476121708e+00
1.053968544015067677e+00
1.053851757875702067e+00
1.053735348439363451e+00
1.053619314095994852e+00
1.053503653244087124e+00
1.053388364290626322e+00
1.053273445651040863e+00
1.053158895749145785e+00
1.053044713017090794e+00
1.052930895895308749e+00
1.052817442832461925e+00
1.052704352285391165e+00
1.052591622719064368e+00
1.052479252606524307e+00
1.052367240428840667e+00
1.052255584675055866e+00
1.052144283842138650e+00
1.052033336434932576e+00
1.051922740966107161e+00
1.051812495956109261e+00
1.051702599933114657e+00
1.051593051432979209e+00
1.051483848999191784e+00
1.051374991182826291e+00
1.051266476542494832e+00
1.051158303644301295e+00
1.051050471061794056e+00
1.050942977375920018e+00
1.050835821174979534e+00
1.050729001054580447e+00
1.050622515617592789e+00
1.050516363474104597e+00
1.050410543241376615e+00
1.050305053543798328e+00
1.050199893012845331e+00
1.050095060287033810e+00
1.049990554011878796e+00
1.049886372839850424e+00
1.049782515430332186e+00
1.049678980449577193e+00
1.049575766570668200e+00
1.049472872473473650e+00
1.049370296844607697e+00
1.049268038377389134e+00
1.049166095771799645e+00
1.049064467734444062e+00
1.048963152978509727e+00
1.048862150223726086e+00
1.048761458196326712e+00
1.048661075629007788e+00
1.048561001260890135e+00
1.048461233837479245e+00
1.048361772110629087e+00
1.048262614838501472e+00
1.048163760785528531e+00
1.048065208722375408e+00
1.047966957425902290e+00
1.047869005679127996e+00
1.047771352271191780e+00
1.047673995997316698e+00
1.047576935658774966e+00
1.047480170062848881e+00
1.047383698022797516e+00
1.047287518357818525e+00
1.047191629893015508e+00
1.047096031459359367e+00
1.047000721893656783e+00
1.046905700038512466e+00
1.046810964742297401e+00
1.046716514859111546e+00
1.046622349248752748e+00
1.046528466776681210e+00
1.046434866313985967e+00
1.046341546737352912e+00
1.046248506929029265e+00
1.046155745776793600e+00
1.046063262173920316e+00
1.045971055019149665e+00
1.045879123216654438e+00
1.045787465676007333e+00
1.045696081312150527e+00
1.045604969045363042e+00
1.045514127801229876e+00
1.045423556510611585e+00
1.045333254109611421e+00
1.045243219539547130e+00
1.045153451746918094e+00
1.045063949683376681e+00
1.044974712305697606e+00
1.044885738575747736e+00
1.044797027460456995e+00
1.044708577931788840e+00
