5.098274396986970380e+00
5.086280343755687383e+00
5.075412341539836447e+00
5.057660710708966612e+00
5.033336440772760767e+00
5.002910049884339294e+00
4.966947518443937781e+00
4.926078561055394545e+00
4.880967908345892781e+00
4.832289063740736523e+00
4.780701642407350960e+00
4.726833111828037559e+00
4.671265243736844042e+00
4.614525131410712966e+00
4.557080296220842541e+00
4.499337213728454188e+00
4.441642515357284715e+00
4.384286137521621995e+00
4.327505764572995517e+00
4.271492017331571134e+00
4.216393954028359481e+00
4.162324560828503550e+00
4.109366006400890114e+00
4.057574515525905312e+00
4.006984779929602780e+00
3.957613871733050459e+00
3.909464658396372805e+00
3.862528740416543815e+00
3.816788946810432570e+00
3.772221430803131881e+00
3.728797410982457539e+00
3.686484602936803245e+00
3.645248384176200673e+00
3.605052731764339047e+00
3.565860968144491050e+00
3.527636346520384159e+00
3.490342503115747341e+00
3.453943799838809170e+00
3.418405577411186780e+00
3.383694335918796092e+00
3.349777857015689086e+00
3.316625279642507085e+00
3.284207139086392058e+00
3.252495377475371541e+00
3.221463332334092655e+00
3.191085708595958526e+00
3.161338538437541423e+00
3.132199132445208978e+00
3.103646024916239643e+00
3.075658915513105551e+00
3.048218609011423830e+00
3.021306954491281171e+00
2.994906785004379124e+00
2.969001858491807866e+00
2.943576800521239711e+00
2.918617049246360118e+00
2.894108802859576279e+00
2.870038969705928089e+00
2.846395121144097651e+00
2.823165447178515919e+00
2.800338714838110032e+00
2.777904229241812573e+00
2.755851797264614156e+00
2.734171693699722905e+00
2.712854629799866579e+00
2.691891724073252057e+00
2.671274475206216081e+00
2.650994736983321332e+00
2.631044695077225271e+00
2.611416845583654833e+00
2.592103975180712006e+00
2.573099142797006689e+00
2.554395662678477841e+00
2.535987088749767082e+00
2.517867200171889586e+00
2.500029988004206505e+00
2.482469642884555849e+00
2.465180543647267353e+00
2.448157246804508524e+00
2.431394476821718165e+00
2.414887117123068805e+00
2.398630201767764092e+00
2.382618907742557468e+00
2.366848547820083581e+00
2.351314563936806490e+00
2.336012521047802437e+00
2.320938101419356858e+00
2.306087099323501199e+00
2.291455416101285003e+00
2.277039055564924475e+00
2.262834119710824154e+00
2.248836804718266080e+00
2.235043397210576543e+00
2.221450270757424850e+00
2.208053882598858486e+00
2.194850770573257392e+00
2.181837550233022061e+00
2.169010912132927960e+00
2.156367619277724579e+00
2.143904504716413584e+00
2.131618469271790772e+00
2.119506479394959619e+00
2.107565565135152585e+00
2.095792818216213327e+00
2.084185390211712452e+00
2.072740490811451508e+00
2.061455386172604598e+00
2.050327397349452241e+00
2.039353898795968512e+00
2.028532316936310309e+00
2.017860128798306896e+00
2.007334860705777047e+00
1.996954087025613944e+00
1.986715428966083774e+00
1.976616553422893663e+00
1.966655171870116181e+00
1.956829039292993233e+00
1.947135953160113342e+00
1.937573752432582452e+00
1.928140316607951377e+00
1.918833564796907920e+00
1.909651454830846085e+00
1.900591982398623703e+00
1.891653180210871810e+00
1.882833117190423344e+00
1.874129897687509150e+00
1.865541660718418981e+00
1.857066579226505754e+00
1.848702859364436346e+00
1.840448739796682442e+00
1.832302491021326141e+00
1.824262414710304148e+00
1.816326843067297858e+00
1.808494138202495050e+00
1.800762691523532855e+00
1.793130923141994515e+00
1.785597281294769356e+00
1.778160241779769946e+00
1.770818307405466641e+00
1.763570007453675759e+00
1.756413897155167270e+00
1.749348557177651475e+00
1.742372593125724123e+00
1.735484635052269020e+00
1.728683336981147178e+00
1.721967376440619368e+00
1.715335454007235416e+00
1.708786292859938660e+00
1.702318638343940149e+00
1.695931257544212034e+00
1.689622938868235558e+00
1.683392491637776267e+00
1.677238745689406230e+00
1.671160550983619819e+00
1.665156777222167150e+00
1.659226313473521008e+00
1.653368067806221919e+00
1.647580966929843349e+00
1.641863955843487100e+00
1.636215997491526020e+00
1.630636072426470351e+00
1.625123178478785846e+00
1.619676330433450051e+00
1.614294559713117305e+00
1.608976914067781649e+00
1.603722457270667423e+00
1.598530268820337330e+00
1.593399443648777947e+00
1.588329091835377405e+00
1.583318338326633379e+00
1.578366322661495680e+00
1.573472198702186686e+00
1.568635134370388151e+00
1.563854311388689133e+00
1.559128925027160273e+00
1.554458183854961151e+00
1.549841309496854613e+00
1.545277536394549234e+00
1.540766111572718700e+00
1.536306294409661044e+00
1.531897356412442068e+00
1.527538580996472994e+00
1.523229263269387790e+00
1.518968709819166873e+00
1.514756238506393071e+00
1.510591178260572987e+00
1.506472868880406324e+00
1.502400660837971635e+00
1.498373915086693042e+00
1.494392002873067948e+00
1.490454305551998315e+00
1.486560214405747482e+00
1.482709130466365988e+00
1.478900464341576182e+00
1.475133636043974850e+00
1.471408074823588041e+00
1.467723219003593593e+00
1.464078515819231097e+00
1.460473421259822269e+00
1.456907399913763834e+00
1.453379924816573743e+00
1.449890477301772007e+00
1.446438546854663443e+00
1.443023630968877535e+00
1.439645235005690083e+00
1.436302872055964297e+00
1.432996062804784199e+00
1.429724335398615986e+00
1.426487225315018481e+00
1.423284275234806495e+00
1.420115034916658914e+00
1.416979061074082669e+00
1.413875917254705961e+00
1.410805173721860983e+00
1.407766407338388426e+00
1.404759201452636219e+00
1.401783145786611229e+00
1.398837836326218387e+00
1.395922875213575942e+00
1.393037870641335774e+00
1.390182436748999661e+00
1.387356193521161130e+00
1.384558766687656428e+00
1.381789787625575139e+00
1.379048893263106423e+00
1.376335725985152303e+00
1.373649933540739276e+00
1.370991168952093497e+00
1.368359090425452340e+00
1.365753361263506882e+00
1.363173649779453100e+00
1.360619629212655113e+00
1.358090977645850961e+00
1.355587377923888726e+00
1.353108517573957670e+00
1.350654088727278435e+00
1.348223788042258509e+00
1.345817316629013494e+00
1.343434379975309678e+00
1.341074687873843096e+00
1.338737954350843307e+00
1.336423897595995225e+00
1.334132239893623728e+00
1.331862707555135028e+00
1.329615030852685731e+00
1.327388943954052047e+00
1.325184184858690273e+00
1.323000495334937243e+00
1.320837620858357209e+00
1.318695310551201816e+00
1.316573317122952558e+00
1.314471396811940807e+00
1.312389309328013010e+00
1.310326817796225063e+00
1.308283688701549874e+00
1.306259691834568804e+00
1.304254600238134110e+00
1.302268190154983296e+00
1.300300240976298261e+00
1.298350535191153732e+00
1.296418858336891855e+00
1.294504998950358976e+00
1.292608748520014617e+00
1.290729901438884442e+00
1.288868254958345450e+00
1.287023609142721847e+00
1.285195766824689168e+00
1.283384533561457541e+00
1.281589717591719912e+00
1.279811129793366309e+00
1.278048583641928637e+00
1.276301895169751344e+00
1.274570882925888160e+00
1.272855367936679194e+00
1.271155173667029903e+00
1.269470125982351538e+00
1.267800053111167280e+00
1.266144785608367851e+00
1.264504156319100403e+00
1.262878000343276907e+00
1.261266155000705158e+00
1.259668459796807749e+00
1.258084756388940573e+00
1.256514888553284859e+00
1.254958702152303207e+00
1.253416045102765164e+00
1.251886767344300599e+00
1.250370720808505975e+00
1.248867759388571086e+00
1.247377738909417166e+00
1.245900517098350369e+00
1.244435953556207952e+00
1.242983909728991421e+00
1.241544248879988377e+00
1.240116836062355343e+00
1.238701538092159105e+00
1.237298223521887897e+00
1.235906762614393362e+00
1.234527027317272152e+00
1.233158891237678301e+00
1.231802229617560140e+00
1.230456919309302455e+00
1.229122838751780078e+00
1.227799867946812507e+00
1.226487888435999318e+00
1.225186783277949054e+00
1.223896437025886019e+00
1.222616735705616575e+00
1.221347566793872907e+00
1.220088819197004515e+00
1.218840383230020308e+00
1.217602150595980204e+00
1.216374014365722900e+00
1.215155868957920271e+00
1.213947610119466836e+00
1.212749134906184523e+00
1.211560341663837859e+00
1.210381130009465567e+00
1.209211400813011705e+00
1.208051056179253457e+00
1.206899999430026016e+00
1.205758135086728799e+00
1.204625368853122103e+00
1.203501607598387091e+00
1.202386759340474454e+00
1.201280733229714626e+00
1.200183439532682916e+00
1.199094789616332202e+00
1.198014695932379858e+00
1.196943072001936281e+00
1.195879832400382758e+00
1.194824892742492706e+00
1.193778169667783384e+00
1.192739580826100987e+00
1.191709044863442424e+00
1.190686481407984942e+00
1.189671811056354001e+00
1.188664955360089870e+00
1.187665836812346276e+00
1.186674378834779775e+00
1.185690505764656510e+00
1.184714142842151929e+00
1.183745216197860772e+00
1.182783652840490696e+00
1.181829380644752181e+00
1.180882328339434739e+00
1.179942425495674518e+00
1.179009602515393551e+00
1.178083790619926186e+00
1.177164921838816714e+00
1.176252928998794633e+00
1.175347745712911784e+00
1.174449306369854451e+00
1.173557546123413120e+00
1.172672400882120325e+00
1.171793807299039702e+00
1.170921702761716476e+00
1.170056025382278486e+00
1.169196713987687986e+00
1.168343708110142654e+00
1.167496947977624489e+00
1.166656374504582816e+00
1.165821929282770508e+00
1.164993554572210099e+00
1.164171193292298012e+00
1.163354789013045121e+00
1.162544285946444989e+00
1.161739628937974445e+00
1.160940763458220282e+00
1.160147635594632742e+00
1.159360192043399795e+00
1.158578380101443539e+00
1.157802147658534508e+00
1.157031443189527220e+00
1.156266215746705406e+00
1.155506414952244265e+00
1.154751990990782851e+00
1.154002894602105700e+00
1.153259077073934158e+00
1.152520490234820505e+00
1.151787086447149999e+00
1.151058818600242839e+00
1.150335640103558710e+00
1.149617504880001029e+00
1.148904367359313561e+00
1.148196182471585614e+00
1.147492905640834726e+00
1.146794492778698826e+00
1.146100900278207213e+00
1.145412085007650127e+00
1.144728004304534474e+00
1.144048615969621929e+00
1.143373878261060739e+00
1.142703749888597464e+00
1.142038190007871989e+00
1.141377158214795351e+00
1.140720614540006395e+00
1.140068519443411699e+00
1.139420833808795885e+00
1.138777518938518973e+00
1.138138536548278124e+00
1.137503848761953318e+00
1.136873418106518541e+00
1.136247207507030010e+00
1.135625180281684798e+00
1.135007300136944286e+00
1.134393531162732893e+00
1.133783837827700314e+00
1.133178184974550140e+00
1.132576537815437989e+00
1.131978861927427138e+00
1.131385123248013880e+00
1.130795288070714832e+00
1.130209323040708203e+00
1.129627195150547214e+00
1.129048871735923720e+00
1.128474320471495096e+00
1.127903509366767310e+00
1.127336406762035503e+00
1.126772981324380085e+00
1.126213202043717665e+00
1.125657038228908835e+00
1.125104459503914800e+00
1.124555435804011516e+00
1.124009937372049794e+00
1.123467934754774911e+00
1.122929398799188849e+00
1.122394300648963839e+00
1.121862611740907179e+00
1.121334303801472476e+00
1.120809348843317954e+00
1.120287719161910500e+00
1.119769387332178345e+00
1.119254326205205707e+00
1.118742508904975619e+00
1.118233908825150946e+00
1.117728499625905147e+00
1.117226255230790777e+00
1.116727149823652843e+00
1.116231157845580579e+00
1.115738253991902518e+00
1.115248413209218414e+00
1.114761610692478477e+00
1.114277821882087682e+00
1.113797022461062491e+00
1.113319188352215328e+00
1.112844295715383680e+00
1.112372320944689408e+00
1.111903240665836679e+00
1.111437031733449210e+00
1.110973671228434378e+00
1.110513136455388628e+00
1.110055404940036183e+00
1.109600454426697302e+00
1.109148262875793378e+00
1.108698808461381580e+00
1.108252069568727682e+00
1.107808024791899104e+00
1.107366652931400797e+00
1.106927932991838226e+00
1.106491844179603445e+00
1.106058365900602469e+00
1.105627477758004185e+00
1.105199159550020127e+00
1.104773391267714233e+00
1.104350153092838793e+00
1.103929425395698383e+00
1.103511188733043324e+00
1.103095423845988021e+00
1.102682111657953934e+00
1.102271233272643647e+00
1.101862769972037803e+00
1.101456703214416688e+00
1.101053014632407123e+00
1.100651686031058674e+00
1.100252699385935840e+00
1.099856036841241336e+00
1.099461680707960465e+00
1.099069613462028361e+00
1.098679817742520992e+00
1.098292276349869923e+00
1.097906972244094170e+00
1.097523888543062931e+00
1.097143008520773400e+00
1.096764315605650575e+00
1.096387793378871489e+00
1.096013425572707201e+00
1.095641196068886991e+00
1.095271088896981215e+00
1.094903088232807908e+00
1.094537178396852939e+00
1.094173343852715696e+00
1.093811569205570544e+00
1.093451839200646480e+00
1.093094138721730335e+00
1.092738452789682624e+00
1.092384766560972942e+00
1.092033065326236896e+00
1.091683334508847247e+00
1.091335559663500598e+00
1.090989726474827837e+00
1.090645820756014572e+00
1.090303828447442225e+00
1.089963735615344875e+00
1.089625528450482106e+00
1.089289193266827604e+00
1.088954716500272646e+00
1.088622084707347781e+00
1.088291284563959183e+00
1.087962302864137198e+00
1.087635126518804896e+00
1.087309742554555037e+00
1.086986138112447486e+00
1.086664300446820830e+00
1.086344216924111761e+00
1.086025875021695120e+00
1.085709262326735036e+00
1.085394366535050503e+00
1.085081175449992719e+00
1.084769676981339526e+00
1.084459859144197180e+00
1.084151710057920104e+00
1.083845217945040629e+00
1.083540371130213620e+00
1.083237158039169756e+00
1.082935567197685467e+00
1.082635587230562635e+00
1.082337206860618517e+00
1.082040414907691206e+00
1.081745200287655750e+00
1.081451552011447381e+00
1.081159459184102944e+00
1.080868911003808552e+00
1.080579896760959890e+00
1.080292405837233627e+00
1.080006427704668814e+00
1.079721951924759837e+00
1.079438968147559352e+00
1.079157466110789887e+00
1.078877435638969207e+00
1.078598866642543674e+00
1.078321749117029826e+00
1.078046073142169270e+00
1.077771828881090688e+00
1.077499006579482721e+00
1.077227596564775958e+00
1.076957589245332469e+00
1.076688975109648672e+00
1.076421744725562624e+00
1.076155888739473099e+00
1.075891397875567757e+00
1.075628262935056867e+00
1.075366474795419691e+00
1.075106024409657524e+00
1.074846902805553173e+00
1.074589101084943543e+00
1.074332610422994883e+00
1.074077422067490906e+00
1.073823527338125583e+00
1.073570917625805254e+00
1.073319584391958736e+00
1.073069519167853869e+00
1.072820713553923166e+00
1.072573159219095906e+00
1.072326847900138436e+00
1.072081771401001138e+00
1.071837921592171838e+00
1.071595290410038537e+00
1.071353869856257912e+00
1.071113651997129823e+00
1.070874628962981134e+00
1.070636792947553095e+00
1.070400136207398489e+00
1.070164651061284333e+00
1.069930329889598797e+00
1.069697165133770111e+00
1.069465149295685036e+00
1.069234274937118423e+00
1.069004534679167451e+00
1.068775921201692958e+00
1.068548427242764109e+00
1.068322045598112613e+00
1.068096769120590706e+00
1.067872590719634251e+00
1.067649503360735164e+00
1.067427500064915158e+00
1.067206573908208167e+00
1.066986718021146752e+00
1.066767925588255617e+00
1.066550189847548902e+00
1.066333504090032358e+00
1.066117861659213961e+00
1.065903255950617412e+00
1.065689680411298745e+00
1.065477128539375151e+00
1.065265593883548911e+00
1.065055070042644880e+00
1.064845550665149299e+00
1.064637029448753269e+00
1.064429500139900453e+00
1.064222956533343201e+00
1.064017392471699353e+00
1.063812801845013922e+00
1.063609178590330107e+00
1.063406516691256964e+00
1.063204810177550641e+00
1.063004053124690484e+00
1.062804239653468930e+00
1.062605363929578051e+00
1.062407420163204996e+00
1.062210402608629645e+00
1.062014305563827365e+00
1.061819123370074669e+00
1.061624850411561294e+00
1.061431481115003184e+00
1.061239009949262790e+00
1.061047431424969156e+00
1.060856740094147099e+00
1.060666930549846176e+00
1.060477997425774088e+00
1.060289935395934968e+00
1.060102739174273001e+00
1.059916403514313821e+00
1.059730923208816566e+00
1.059546293089424385e+00
1.059362508026321814e+00
1.059179562927893503e+00
1.058997452740386702e+00
1.058816172447579307e+00
1.058635717070447235e+00
1.058456081666840243e+00
1.058277261331155739e+00
1.058099251194020596e+00
1.057922046421972739e+00
1.057745642217147619e+00
1.057570033816968236e+00
1.057395216493836054e+00
1.057221185554828136e+00
1.057047936341394045e+00
1.056875464229059647e+00
1.056703764627129560e+00
1.056532832978394065e+00
1.056362664758843994e+00
1.056193255477378301e+00
1.056024600675524283e+00
1.055856695927154032e+00
1.055689536838208653e+00
1.055523119046421154e+00
1.055357438221043109e+00
1.055192490062576871e+00
1.055028270302506010e+00
1.054864774703032415e+00
1.054701999056812278e+00
1.054539939186698305e+00
1.054378590945481031e+00
1.054217950215636135e+00
1.054058012909070863e+00
1.053898774966876006e+00
1.053740232359077655e+00
1.053582381084392505e+00
1.053425217169986272e+00
1.053268736671233885e+00
1.053112935671480788e+00
1.052957810281809570e+00
1.052803356640804378e+00
1.052649570914322208e+00
1.052496449295264203e+00
1.052343988003348274e+00
1.052192183284885951e+00
1.052041031412559891e+00
1.051890528685204718e+00
1.051740671427588536e+00
1.051591455990197765e+00
1.051442878749023313e+00
1.051294936105349853e+00
1.051147624485545107e+00
1.051000940340853118e+00
1.050854880147189530e+00
1.050709440404935524e+00
1.050564617638739540e+00
1.050420408397315208e+00
1.050276809253243737e+00
1.050133816802779840e+00
1.049991427665655230e+00
1.049849638484888326e+00
1.049708445926592626e+00
1.049567846679788641e+00
1.049427837456217150e+00
1.049288414990153573e+00
1.049149576038225895e+00
1.049011317379231478e+00
1.048873635813957428e+00
1.048736528165004289e+00
1.048599991276605969e+00
1.048464022014458985e+00
1.048328617265545715e+00
1.048193773937964757e+00
1.048059488960759511e+00
1.047925759283750979e+00
1.047792581877370344e+00
1.047659953732492877e+00
1.047527871860275406e+00
1.047396333291993331e+00
1.047265335078879644e+00
1.047134874291965279e+00
1.047004948021922788e+00
1.046875553378907586e+00
1.046746687492405625e+00
1.046618347511077074e+00
1.046490530602607327e+00
1.046363233953552685e+00
1.046236454769193580e+00
1.046110190273386253e+00
1.045984437708415093e+00
1.045859194334848086e+00
1.045734457431392039e+00
1.045610224294751367e+00
1.045486492239485532e+00
1.045363258597868272e+00
1.045240520719751709e+00
1.045118275972424238e+00
1.044996521740478856e+00
1.044875255425675054e+00
1.044754474446804915e+00
1.044634176239563228e+00
1.044514358256412478e+00
1.044395017966455397e+00
1.044276152855303064e+00
1.044157760424949899e+00
1.044039838193644432e+00
1.043922383695765621e+00
1.043805394481695847e+00
1.043688868117700119e+00
1.043572802185801285e+00
1.043457194283660794e+00
1.043342042024456795e+00
1.043227343036767119e+00
1.043113094964448262e+00
1.042999295466521481e+00
1.042885942217053996e+00
1.042773032905046637e+00
1.042660565234317493e+00
1.042548536923391334e+00
1.042436945705385032e+00
1.042325789327899210e+00
1.042215065552906328e+00
1.042104772156642767e+00
1.041994906929500253e+00
1.041885467675918164e+00
1.041776452214279614e+00
1.041667858376803091e+00
1.041559684009440323e+00
1.041451926971772135e+00
1.041344585136905865e+00
1.041237656391374111e+00
1.041131138635033260e+00
1.041025029780964228e+00
1.040919327755373214e+00
1.040814030497493548e+00
1.040709135959488885e+00
1.040604642106355504e+00
1.040500546915828162e+00
1.040396848378284167e+00
1.040293544496649680e+00
1.040190633286306676e+00
1.040088112775000795e+00
1.039985981002749638e+00
1.039884236021750397e+00
1.039782875896293035e+00
1.039681898702668361e+00
1.039581302529079876e+00
1.039481085475556954e+00
1.039381245653867802e+00
1.039281781187431752e+00
1.039182690211235993e+00
1.039083970871748530e+00
1.038985621326835584e+00
1.038887639745677438e+00
1.038790024308686721e+00
1.038692773207425146e+00
1.038595884644522904e+00
1.038499356833598508e+00
1.038403187999178190e+00
1.038307376376616853e+00
1.038211920212019690e+00
1.038116817762163802e+00
1.038022067294421813e+00
1.037927667086684380e+00
1.037833615427284251e+00
1.037739910614921879e+00
1.037646550958589708e+00
1.037553534777498454e+00
1.037460860401003382e+00
1.037368526168532146e+00
1.037276530429511956e+00
1.037184871543297637e+00
1.037093547879101463e+00
1.037002557815922099e+00
1.036911899742474441e+00
1.036821572057121221e+00
1.036731573167803289e+00
1.036641901491972106e+00
1.036552555456522029e+00
1.036463533497722356e+00
1.036374834061152939e+00
1.036286455601635570e+00
1.036198396583170478e+00
1.036110655478871045e+00
1.036023230770898751e+00
1.035936120950400108e+00
1.035849324517442938e+00
1.035762839980954420e+00
1.035676665858657142e+00
1.035590800677008927e+00
1.035505242971140660e+00
1.035419991284796337e+00
1.035335044170271557e+00
1.035250400188355124e+00
1.035166057908268877e+00
1.035082015907608621e+00
1.034998272772286620e+00
1.034914827096473200e+00
1.034831677482539680e+00
1.034748822541000868e+00
1.034666260890458878e+00
1.034583991157547178e+00
1.034502011976874858e+00
1.034420321990971559e+00
1.034338919850232852e+00
1.034257804212866061e+00
1.034176973744835193e+00
1.034096427119810091e+00
1.034016163019110479e+00
1.033936180131655780e+00
1.033856477153911824e+00
1.033777052789839557e+00
1.033697905750842860e+00
1.033619034755718813e+00
1.033540438530606620e+00
1.033462115808937654e+00
1.033384065331385715e+00
1.033306285845816852e+00
1.033228776107242286e+00
1.033151534877768229e+00
1.033074560926548369e+00
1.032997853029736346e+00
1.032921409970437798e+00
1.032845230538663284e+00
1.032769313531282540e+00
1.032693657751976746e+00
1.032618262011193666e+00
1.032543125126102357e+00
1.032468245920546313e+00
1.032393623225000390e+00
1.032319255876525066e+00
1.032245142718723363e+00
1.032171282601695328e+00
1.032097674381996733e+00
1.032024316922593554e+00
1.031951209092821564e+00
1.031878349768341696e+00
1.031805737831099412e+00
1.031733372169281626e+00
1.031661251677276514e+00
1.031589375255631325e+00
1.031517741811011746e+00
1.031446350256161715e+00
1.031375199509861895e+00
1.031304288496892374e+00
1.031233616147989585e+00
1.031163181399809670e+00
1.031092983194888513e+00
1.031023020481602659e+00
1.030953292214131567e+00
1.030883797352418751e+00
1.030814534862134257e+00
1.030745503714637357e+00
1.030676702886939244e+00
1.030608131361665070e+00
1.030539788127018630e+00
1.030471672176744846e+00
1.030403782510094679e+00
1.030336118131787382e+00
1.030268678051977194e+00
1.030201461286216258e+00
1.030134466855420428e+00
1.030067693785833960e+00
1.030001141108995100e+00
1.029934807861702106e+00
1.029868693085978837e+00
1.029802795829040996e+00
1.029737115143262383e+00
1.029671650086142254e+00
1.029606399720272236e+00
1.029541363113302355e+00
1.029476539337909946e+00
1.029411927471766797e+00
1.029347526597506723e+00
1.029283335802694488e+00
1.029219354179793600e+00
1.029155580826135230e+00
1.029092014843886904e+00
1.029028655340021414e+00
1.028965501426287732e+00
1.028902552219177702e+00
1.028839806839898952e+00
1.028777264414342474e+00
1.028714924073054204e+00
1.028652784951204824e+00
1.028590846188561114e+00
1.028529106929455983e+00
1.028467566322760263e+00
1.028406223521854068e+00
1.028345077684597264e+00
1.028284127973302153e+00
1.028223373554706166e+00
1.028162813599941883e+00
1.028102447284511056e+00
1.028042273788256633e+00
1.027982292295335887e+00
1.027922501994191995e+00
1.027862902077529395e+00
1.027803491742284914e+00
1.027744270189603126e+00
1.027685236624808818e+00
1.027626390257381672e+00
1.027567730300929627e+00
1.027509255973163782e+00
1.027450966495872642e+00
1.027392861094897247e+00
1.027334939000104752e+00
1.027277199445364886e+00
1.027219641668524641e+00
1.027162264911382961e+00
1.027105068419667422e+00
1.027048051443009369e+00
1.026991213234919709e+00
1.026934553052765153e+00
1.026878070157744904e+00
1.026821763814866451e+00
1.026765633292921809e+00
1.026709677864465764e+00
1.026653896805791000e+00
1.026598289396907226e+00
1.026542854921515868e+00
1.026487592666989856e+00
1.026432501924349427e+00
1.026377581988241694e+00
1.026322832156915776e+00
1.026268251732204595e+00
1.026213840019499335e+00
1.026159596327730128e+00
1.026105519969343849e+00
1.026051610260283020e+00
1.025997866519963830e+00
1.025944288071256150e+00
1.025890874240462214e+00
1.025837624357295086e+00
1.025784537754859782e+00
1.025731613769631068e+00
1.025678851741433917e+00
1.025626251013423973e+00
1.025573810932066010e+00
1.025521530847115281e+00
1.025469410111597091e+00
1.025417448081787697e+00
1.025365644117194552e+00
1.025313997580536762e+00
1.025262507837725989e+00
1.025211174257847802e+00
1.025159996213142133e+00
1.025108973078984853e+00
1.025058104233868672e+00
1.025007389059385376e+00
1.024956826940206067e+00
1.024906417264064729e+00
1.024856159421738022e+00
1.024806052807028633e+00
1.024756096816746842e+00
1.024706290850692980e+00
1.024656634311639447e+00
1.024607126605313168e+00
1.024557767140378273e+00
1.024508555328419002e+00
1.024459490583921939e+00
1.024410572324259139e+00
1.024361799969671916e+00
1.024313172943252859e+00
1.024264690670929623e+00
1.024216352581448497e+00
1.024168158106357307e+00
1.024120106679989650e+00
1.024072197739448020e+00
1.024024430724588708e+00
1.023976805078004038e+00
1.023929320245007935e+00
1.023881975673619493e+00
1.023834770814546546e+00
1.023787705121171676e+00
1.023740778049534894e+00
