6.850414944260791497e-18
6.786980371591757588e-18
6.270275306389618513e-18
3.940507552036681276e-18
1.613605692612352576e-18
4.927425150546315681e-19
1.238564220388002108e-19
2.717225542907548032e-20
5.393000431340482984e-21
9.912528846491068876e-22
1.714575410282152664e-22
2.823168786886390332e-23
4.462939814453110141e-24
6.817464507654921793e-25
1.011426200088566318e-25
1.463172740466446913e-26
2.070677545200936051e-27
2.874325015274211404e-28
3.922115924209808082e-29
5.270679598010343574e-30
6.986381484094511472e-31
9.146533183799508175e-32
1.184071246718064517e-32
1.517220125771406292e-33
1.925955006936270194e-34
2.423827790060526245e-35
3.026271714081874995e-36
3.750801362533866879e-37
4.617229258802273727e-38
5.647900190588086900e-39
6.867944471092884651e-40
8.305551416154768795e-41
9.992264392122513779e-42
1.196329886884285658e-42
1.425788499594121604e-43
1.691963630883657063e-44
1.999694626382319341e-45
2.354341439934241072e-46
2.761830402345896504e-47
3.228703343582945773e-48
3.762170280634198161e-49
4.370165895238587903e-50
5.061410038270344855e-51
5.845472510820746989e-52
6.732842385940193262e-53
7.735002149638244530e-54
8.864506955124170802e-55
1.013506930042684355e-55
1.156164945651709968e-56
1.316055199089040259e-57
1.494952875029620197e-58
1.694788868599054514e-59
1.917661492551203481e-60
2.165848951670573686e-61
2.441822629245161936e-62
2.748261232846182719e-63
3.088065849158499687e-64
3.464375960234629237e-65
3.880586476307860094e-66
4.340365843191991140e-67
4.847675285335409778e-68
5.406789248781137371e-69
6.022317111619936803e-70
6.699226233033474786e-71
7.442866415686920093e-72
8.258995860083018661e-73
9.153808693524494118e-74
1.013396416055069908e-74
1.120661756615339588e-75
1.237945306771115303e-76
1.366071841644082530e-77
1.505926175426972983e-78
1.658457057734765106e-79
1.824681298302691521e-80
2.005688132296488905e-81
2.202643839115220779e-82
2.416796628206987495e-83
2.649481806088942985e-84
2.902127239468058471e-85
3.176259130091793895e-86
3.473508117729937562e-87
3.795615728493719818e-88
4.144441186542039595e-89
4.521968608106102434e-90
4.930314597684569988e-91
5.371736267233518862e-92
5.848639700175288651e-93
6.363588883116753288e-94
6.919315129261099305e-95
7.518727018667025965e-96
8.164920881695222083e-97
8.861191853271391695e-98
9.611045526891426773e-99
1.041821023868765021e-99
1.128665001331307976e-100
1.222057820491072765e-101
1.322447186800810147e-102
1.430308689482274856e-103
1.546147395719022398e-104
1.670499529311658754e-105
