1.839656374670938608e-20
4.111388668416513282e-21
2.050906693329816066e-21
1.086195050973868304e-21
4.341659714842868153e-22
1.321928787533449951e-22
3.321664251567639059e-23
7.286937128933020635e-24
1.446264321644032629e-24
2.658284329025810974e-25
4.598048291286739752e-26
7.571009261886839988e-27
1.196845147729543162e-27
1.828267835576510441e-28
2.712383742636450727e-29
3.923851244466645417e-30
5.553022167453795141e-31
7.708197040759166461e-32
1.051810153683130737e-32
1.413460087647640235e-33
1.873567004258014619e-34
2.452863877463857848e-35
3.175373150739339590e-36
4.068792367426707175e-37
5.164913712336434703e-38
6.500079879404981012e-39
8.115678827919043487e-40
1.005868014560653366e-40
1.238221590115161568e-41
1.514620904186119461e-42
1.841805257472799560e-43
2.227334296144984963e-44
2.679667136059550700e-45
3.208247656354001788e-46
3.823596369553687564e-47
4.537409298998598712e-48
5.362664319306857634e-49
6.313735441816913806e-50
7.406515554543269528e-51
8.658548155216514846e-52
1.008916864652132769e-52
1.171965579476785027e-53
1.357339398701997534e-54
1.567604695721887081e-55
1.805574368918429946e-56
2.074327724362064426e-57
2.377231729751282932e-58
2.717963722762439672e-59
3.100535661535744199e-60
3.529320009806213297e-61
4.009077354210881498e-62
4.544985856583959382e-63
5.142672649582310644e-64
5.808247289809609778e-65
6.548337388703634166e-66
7.370126547862593242e-67
8.281394732210565742e-68
9.290561221452577955e-69
1.040673028767852862e-69
1.163973975473083371e-70
1.300021260310355483e-71
1.449961179267930942e-72
1.615029848455510766e-73
1.796559385262082913e-74
1.995984468537574305e-75
2.214849298880021340e-76
2.454814981192007253e-77
2.717667352801573115e-78
3.005325281633192557e-79
3.319849460157322144e-80
3.663451722150059011e-81
4.038504910663527909e-82
4.447553327033079867e-83
4.893323792251639058e-84
5.378737353603908106e-85
5.906921671102165112e-86
6.481224119981624702e-87
7.105225647313109515e-88
7.782755422681405358e-89
8.517906324842689129e-90
9.315051308344984795e-91
1.017886069625392629e-91
1.111432044738892349e-92
1.212675144883846598e-93
1.322182988699286705e-94
1.440560875293978896e-95
1.568454054074908169e-96
1.706550120003348784e-97
1.855581540710424969e-98
2.016328322217797978e-99
2.189620820327148809e-100
2.376342705087905601e-101
2.577434086100324910e-102
2.793894806784664603e-103
3.026787916132865795e-104
3.277243326864061296e-105
3.546461669327181015e-106
3.835718350935186999e-107
4.146367831378261803e-108
4.479848124343461485e-109
