2.567389027620930712e-22
3.582631279799210794e-22
3.929925047300003978e-22
4.031846862341780784e-22
4.059342259336528232e-22
4.068276186051119147e-22
4.072302473570666125e-22
4.074295218097296121e-22
4.074924600027503747e-22
4.074465675290796590e-22
4.073121017620318146e-22
4.071069702409998535e-22
4.068472706411018069e-22
4.065472969186175608e-22
4.062195590423697462e-22
4.058748625935819539e-22
4.055224303760305583e-22
4.051700463101369411e-22
4.048242071480553673e-22
4.044902724466464007e-22
4.041726069424910851e-22
4.038747120899423957e-22
4.035993452849968696e-22
4.033486264329690470e-22
4.031241322144626475e-22
4.029269788034341552e-22
4.027578939949233924e-22
4.026172797784493746e-22
4.025052663939540447e-22
4.024217588619994130e-22
4.023664769097259275e-22
4.023389891318952612e-22
4.023387421409050654e-22
4.023650853758310724e-22
4.024172921614502859e-22
4.024945775353188599e-22
4.025961132949465210e-22
4.027210406580482740e-22
4.028684808765610859e-22
4.030375440989702517e-22
4.032273367352472331e-22
4.034369675434985162e-22
4.036655526269020071e-22
4.039122195030585781e-22
4.041761103849758055e-22
4.044563847931815028e-22
4.047522216014158517e-22
4.050628206036880453e-22
4.053874036778745900e-22
4.057252156101813261e-22
4.060755246354614282e-22
4.064376227403958988e-22
4.068108257696429182e-22
4.071944733691803335e-22
4.075879287959905367e-22
4.079905786189000679e-22
4.084018323316658850e-22
4.088211218961932578e-22
4.092479012310501998e-22
4.096816456580979067e-22
4.101218513180235864e-22
4.105680345638875013e-22
4.110197313402882598e-22
4.114764965545087914e-22
4.119379034449345170e-22
4.124035429511084181e-22
4.128730230890187019e-22
4.133459683345299622e-22
4.138220190173293719e-22
4.143008307272373836e-22
4.147820737343846561e-22
4.152654324243375066e-22
4.157506047490306121e-22
4.162373016940728423e-22
4.167252467628191217e-22
4.172141754773927789e-22
4.177038348967560902e-22
4.181939831517341799e-22
4.186843889968696471e-22
4.191748313788705668e-22
4.196650990213459975e-22
4.201549900255016479e-22
4.206443114863947141e-22
4.211328791243436617e-22
4.216205169310578761e-22
4.221070568300243677e-22
4.225923383506961899e-22
4.230762083160245065e-22
4.235585205428437949e-22
4.240391355546623713e-22
4.245179203063934461e-22
4.249947479205611197e-22
4.254694974345501488e-22
4.259420535584444234e-22
4.264123064430483292e-22
4.268801514576602927e-22
4.273454889771996884e-22
4.278082241783115125e-22
4.282682668440496278e-22
4.287255311767945803e-22
4.291799356190493913e-22
4.296314026817693285e-22
4.300798587799151358e-22
4.305252340749070742e-22
4.309674623236850523e-22
4.314064807340892490e-22
4.318422298262824010e-22
4.322746532999554288e-22
4.327036979070604244e-22
4.331293133298276282e-22
4.335514520638441779e-22
4.339700693059624464e-22
4.343851228468341860e-22
4.347965729678658464e-22
4.352043823424042633e-22
4.356085159409626612e-22
4.360089409403205216e-22
4.364056266363166664e-22
4.367985443601881965e-22
4.371876673982875191e-22
4.375729709150477827e-22
4.379544318790379824e-22
4.383320289919921585e-22
4.387057426206687169e-22
4.390755547314323813e-22
4.394414488274343647e-22
4.398034098882786641e-22
4.401614243120764895e-22
4.405154798597764506e-22
4.408655656016868985e-22
4.412116718660841592e-22
4.415537901898302039e-22
4.418919132709110773e-22
4.422260349228103195e-22
4.425561500306532464e-22
4.428822545090348203e-22
4.432043452614720543e-22
4.435224201414072214e-22
4.438364779147002757e-22
4.441465182235475698e-22
4.444525415517756195e-22
4.447545491914429584e-22
4.450525432107011819e-22
4.453465264228730508e-22
4.456365023566800410e-22
4.459224752275932889e-22
4.462044499102460558e-22
4.464824319118774294e-22
4.467564273467581751e-22
4.470264429115630004e-22
4.472924858616541574e-22
4.475545639882344403e-22
4.478126855963416494e-22
4.480668594836435189e-22
4.483170949200177815e-22
4.485634016278638610e-22
4.488057897631350006e-22
4.490442698970633702e-22
4.492788529985381830e-22
4.495095504171198966e-22
4.497363738666763910e-22
4.499593354095935404e-22
4.501784474415610250e-22
4.503937226768987761e-22
4.506051741344085379e-22
4.508128151237292935e-22
4.510166592321776523e-22
4.512167203120562730e-22
4.514130124684116071e-22
4.516055500472246001e-22
4.517943476240192114e-22
4.519794199928732347e-22
4.521607821558122352e-22
4.523384493125835017e-22
4.525124368507804830e-22
4.526827603363220363e-22
4.528494355042591208e-22
4.530124782499033886e-22
4.531719046202728779e-22
4.533277308058248077e-22
4.534799731324885473e-22
4.536286480539647179e-22
4.537737721443062246e-22
4.539153620907418161e-22
4.540534346867626738e-22
4.541880068254416536e-22
4.543190954929872513e-22
4.544467177625209119e-22
4.545708907880718518e-22
4.546916317987781102e-22
4.548089580932914783e-22
4.549228870343740804e-22
4.550334360436849160e-22
4.551406225967481793e-22
4.552444642180919790e-22
4.553449784765630058e-22
4.554421829807975880e-22
4.555360953748561872e-22
4.556267333340042202e-22
4.557141145606463532e-22
4.557982567803992222e-22
4.558791777383019211e-22
4.559568951951583337e-22
4.560314269240110268e-22
4.561027907067359839e-22
4.561710043307587446e-22
4.562360855858867761e-22
4.562980522612515891e-22
4.563569221423613510e-22
4.564127130082583515e-22
4.564654426287766221e-22
4.565151287618968853e-22
4.565617891511998698e-22
4.566054415234056715e-22
4.566461035860071545e-22
4.566837930249849778e-22
4.567185275026082928e-22
4.567503246553150915e-22
4.567792020916680692e-22
4.568051773903896678e-22
4.568282680984656746e-22
4.568484917293221712e-22
4.568658657610691574e-22
4.568804076348100019e-22
4.568921347530171912e-22
4.569010644779635620e-22
4.569072141302217120e-22
4.569106009872162614e-22
4.569112422818305624e-22
4.569091552010725606e-22
4.569043568847895563e-22
4.568968644244359101e-22
4.568866948618875809e-22
4.568738651883077262e-22
4.568583923430546211e-22
4.568402932126375374e-22
4.568195846297135293e-22
4.567962833721297350e-22
4.567704061620000021e-22
4.567419696648279690e-22
4.567109904886643764e-22
4.566774851833000200e-22
4.566414702394976355e-22
4.566029620882589540e-22
4.565619771001199702e-22
4.565185315844841075e-22
4.564726417889853824e-22
4.564243238988808149e-22
4.563735940364739663e-22
4.563204682605639609e-22
4.562649625659287394e-22
4.562070928828284357e-22
4.561468750765362133e-22
4.560843249468975967e-22
4.560194582279136875e-22
4.559522905873414965e-22
4.558828376263258731e-22
4.558111148790492077e-22
4.557371378124036100e-22
4.556609218256818950e-22
4.555824822502926432e-22
4.555018343494915295e-22
4.554189933181332472e-22
4.553339742824396059e-22
4.552467922997908584e-22
4.551574623585246436e-22
4.550659993777638003e-22
4.549724182072483188e-22
4.548767336271923061e-22
4.547789603481496982e-22
4.546791130108992492e-22
4.545772061863391129e-22
4.544732543754014554e-22
4.543672720089719567e-22
4.542592734478306604e-22
4.541492729825999692e-22
4.540372848337052428e-22
4.539233231513506293e-22
4.538074020155011044e-22
4.536895354358783327e-22
4.535697373519687559e-22
4.534480216330375101e-22
4.533244020781554155e-22
4.531988924162361219e-22
4.530715063060787086e-22
4.529422573364237320e-22
4.528111590260156677e-22
4.526782248236725002e-22
4.525434681083672547e-22
4.524069021893126329e-22
4.522685403060580618e-22
4.521283956285899400e-22
4.519864812574405353e-22
4.518428102238051578e-22
4.516973954896627192e-22
4.515502499479073877e-22
4.514013864224800552e-22
4.512508176685113719e-22
4.510985563724684476e-22
4.509446151523058794e-22
4.507890065576233620e-22
4.506317430698292222e-22
4.504728371023068694e-22
4.503123010005883920e-22
4.501501470425296598e-22
4.499863874384935121e-22
4.498210343315341701e-22
4.496540997975874784e-22
4.494855958456645327e-22
4.493155344180484102e-22
4.491439273904965432e-22
4.489707865724459130e-22
4.487961237072175860e-22
4.486199504722318762e-22
4.484422784792203105e-22
4.482631192744447407e-22
4.480824843389161734e-22
4.479003850886180202e-22
4.477168328747317922e-22
4.475318389838658047e-22
4.473454146382843512e-22
4.471575709961423321e-22
4.469683191517172504e-22
4.467776701356498590e-22
4.465856349151816100e-22
4.463922243943939862e-22
4.461974494144545079e-22
4.460013207538588848e-22
4.458038491286774942e-22
4.456050451928042089e-22
4.454049195382039097e-22
4.452034826951642293e-22
4.450007451325474842e-22
4.447967172580424184e-22
4.445914094184201791e-22
4.443848318997870954e-22
4.441769949278449791e-22
4.439679086681443739e-22
4.437575832263456084e-22
4.435460286484759951e-22
4.433332549211907896e-22
4.431192719720326458e-22
4.429040896696944566e-22
4.426877178242786209e-22
4.424701661875620467e-22
4.422514444532565472e-22
4.420315622572735616e-22
4.418105291779869960e-22
4.415883547364981326e-22
4.413650483968980940e-22
4.411406195665333173e-22
4.409150775962714034e-22
4.406884317807633933e-22
4.404606913587114052e-22
4.402318655131307222e-22
4.400019633716177110e-22
4.397709940066134150e-22
4.395389664356682756e-22
4.393058896217076997e-22
4.390717724732971573e-22
4.388366238449058683e-22
4.386004525371726526e-22
4.383632672971690522e-22
4.381250768186642412e-22
4.378858897423881481e-22
4.376457146562954250e-22
4.374045600958292282e-22
4.371624345441828368e-22
4.369193464325630569e-22
4.366753041404514637e-22
4.364303159958678064e-22
4.361843902756293690e-22
4.359375352056123066e-22
4.356897589610126986e-22
4.354410696666049700e-22
4.351914753970023805e-22
4.349409841769144109e-22
4.346896039814070648e-22
4.344373427361574332e-22
4.341842083177129617e-22
4.339302085537462981e-22
4.336753512233115495e-22
4.334196440571003523e-22
4.331630947376935222e-22
4.329057108998170295e-22
4.326475001305937435e-22
4.323884699697959278e-22
4.321286279100975494e-22
4.318679813973227305e-22
4.316065378306982450e-22
4.313443045631016887e-22
4.310812889013088976e-22
4.308174981062433405e-22
4.305529393932223145e-22
4.302876199322014484e-22
4.300215468480229663e-22
4.297547272206563353e-22
4.294871680854454954e-22
4.292188764333482842e-22
4.289498592111805634e-22
4.286801233218565840e-22
4.284096756246264363e-22
4.281385229353211166e-22
4.278666720265837710e-22
4.275941296281130691e-22
4.273209024268955762e-22
4.270469970674438613e-22
4.267724201520297150e-22
4.264971782409184025e-22
4.262212778526018809e-22
4.259447254640303254e-22
4.256675275108427137e-22
4.253896903875974113e-22
4.251112204480012515e-22
4.248321240051376758e-22
4.245524073316928986e-22
4.242720766601845176e-22
4.239911381831837289e-22
4.237095980535417748e-22
4.234274623846133343e-22
4.231447372504777513e-22
4.228614286861612030e-22
4.225775426878567523e-22
4.222930852131443067e-22
4.220080621812088366e-22
4.217224794730581712e-22
4.214363429317391483e-22
4.211496583625537644e-22
4.208624315332724558e-22
4.205746681743498731e-22
4.202863739791367048e-22
4.199975546040889624e-22
4.197082156689829551e-22
4.194183627571217060e-22
4.191280014155445198e-22
4.188371371552358916e-22
4.185457754513300894e-22
4.182539217433193114e-22
4.179615814352566698e-22
4.176687598959610561e-22
4.173754624592193264e-22
4.170816944239882980e-22
4.167874610545959000e-22
4.164927675809411487e-22
4.161976191986928529e-22
4.159020210694873321e-22
4.156059783211253824e-22
4.153094960477695716e-22
4.150125793101367377e-22
4.147152331356945321e-22
4.144174625188538240e-22
4.141192724211592251e-22
4.138206677714825283e-22
4.135216534662115399e-22
4.132222343694399915e-22
4.129224153131551028e-22
4.126222010974252839e-22
4.123215964905870393e-22
4.120206062294290030e-22
4.117192350193781370e-22
4.114174875346816038e-22
4.111153684185899551e-22
4.108128822835395691e-22
4.105100337113322655e-22
4.102068272533151565e-22
4.099032674305597450e-22
4.095993587340396591e-22
4.092951056248077290e-22
4.089905125341719818e-22
4.086855838638701788e-22
4.083803239862447763e-22
4.080747372444159111e-22
4.077688279524528348e-22
4.074626003955472758e-22
4.071560588301816286e-22
4.068492074843001062e-22
4.065420505574774469e-22
4.062345922210847060e-22
4.059268366184597964e-22
4.056187878650692841e-22
4.053104500486760601e-22
4.050018272295040982e-22
4.046929234403992151e-22
4.043837426869931701e-22
4.040742889478656946e-22
4.037645661747036543e-22
4.034545782924623740e-22
4.031443291995228249e-22
4.028338227678519146e-22
4.025230628431574647e-22
4.022120532450456798e-22
4.019007977671772061e-22
4.015893001774201810e-22
4.012775642180053038e-22
4.009655936056787918e-22
4.006533920318530780e-22
4.003409631627598138e-22
4.000283106395995326e-22
3.997154380786905620e-22
3.994023490716191574e-22
3.990890471853861569e-22
3.987755359625550465e-22
3.984618189213980507e-22
3.981478995560410943e-22
3.978337813366088112e-22
3.975194677093688017e-22
3.972049620968740076e-22
3.968902678981054649e-22
3.965753884886134096e-22
3.962603272206587135e-22
3.959450874233514985e-22
3.956296724027913024e-22
3.953140854422056933e-22
3.949983298020854983e-22
3.946824087203254869e-22
3.943663254123565434e-22
3.940500830712829179e-22
3.937336848680163733e-22
3.934171339514102860e-22
3.931004334483911600e-22
3.927835864640922575e-22
3.924665960819853005e-22
3.921494653640091650e-22
3.918321973507023348e-22
3.915147950613302313e-22
3.911972614940146593e-22
3.908795996258616061e-22
3.905618124130875844e-22
3.902439027911467731e-22
3.899258736748563252e-22
3.896077279585205942e-22
3.892894685160561597e-22
3.889710982011153951e-22
3.886526198472081549e-22
3.883340362678252488e-22
3.880153502565582007e-22
3.876965645872211242e-22
3.873776820139707173e-22
3.870587052714246106e-22
3.867396370747806569e-22
3.864204801199342924e-22
3.861012370835969795e-22
3.857819106234115464e-22
3.854625033780681848e-22
3.851430179674198833e-22
3.848234569925980496e-22
3.845038230361246989e-22
3.841841186620266184e-22
3.838643464159476975e-22
3.835445088252610227e-22
3.832246083991802678e-22
3.829046476288700489e-22
3.825846289875568446e-22
3.822645549306357302e-22
3.819444278957835078e-22
3.816242503030626668e-22
3.813040245550310812e-22
3.809837530368489323e-22
3.806634381163832809e-22
3.803430821443158366e-22
3.800226874542469184e-22
3.797022563627991803e-22
3.793817911697231239e-22
3.790612941579984259e-22
3.787407675939392623e-22
3.784202137272921096e-22
3.780996347913419154e-22
3.777790330030091945e-22
3.774584105629523434e-22
3.771377696556666645e-22
3.768171124495835304e-22
3.764964410971686556e-22
3.761757577350206965e-22
3.758550644839675954e-22
3.755343634491645222e-22
3.752136567201889019e-22
3.748929463711376040e-22
3.745722344607203711e-22
3.742515230323551748e-22
3.739308141142633839e-22
3.736101097195613117e-22
3.732894118463534094e-22
3.729687224778263526e-22
3.726480435823388019e-22
3.723273771135140321e-22
3.720067250103305391e-22
3.716860891972110013e-22
3.713654715841143917e-22
3.710448740666224467e-22
3.707242985260309320e-22
3.704037468294353594e-22
3.700832208298206063e-22
3.697627223661472444e-22
3.694422532634376797e-22
3.691218153328630922e-22
3.688014103718280242e-22
3.684810401640571791e-22
3.681607064796781761e-22
3.678404110753065618e-22
3.675201556941298819e-22
3.671999420659892601e-22
3.668797719074641752e-22
3.665596469219522060e-22
3.662395687997529624e-22
3.659195392181482534e-22
3.655995598414817861e-22
3.652796323212415911e-22
3.649597582961383575e-22
3.646399393921849435e-22
3.643201772227751813e-22
3.640004733887628233e-22
3.636808294785386549e-22
3.633612470681086878e-22
3.630417277211702387e-22
3.627222729891899342e-22
3.624028844114788965e-22
3.620835635152671748e-22
3.617643118157821747e-22
3.614451308163202221e-22
3.611260220083224065e-22
3.608069868714488247e-22
3.604880268736510385e-22
3.601691434712459899e-22
3.598503381089876592e-22
3.595316122201402275e-22
3.592129672265492650e-22
3.588944045387133888e-22
3.585759255558547459e-22
3.582575316659896366e-22
3.579392242459995615e-22
3.576210046616989770e-22
3.573028742679062011e-22
3.569848344085121094e-22
3.566668864165473731e-22
3.563490316142520485e-22
3.560312713131420159e-22
3.557136068140774874e-22
3.553960394073282233e-22
3.550785703726410524e-22
3.547612009793068286e-22
3.544439324862237188e-22
3.541267661419645358e-22
3.538097031848413902e-22
3.534927448429691203e-22
3.531758923343303202e-22
3.528591468668390517e-22
3.525425096384043212e-22
3.522259818369927565e-22
3.519095646406915669e-22
3.515932592177706090e-22
3.512770667267444999e-22
3.509609883164339779e-22
3.506450251260276395e-22
3.503291782851415135e-22
3.500134489138820675e-22
3.496978381229027257e-22
3.493823470134665932e-22
3.490669766775049015e-22
3.487517281976757365e-22
3.484366026474233770e-22
3.481216010910361297e-22
3.478067245837050559e-22
3.474919741715806315e-22
3.471773508918308624e-22
3.468628557726984612e-22
3.465484898335565654e-22
3.462342540849666657e-22
3.459201495287331493e-22
3.456061771579587355e-22
3.452923379571019817e-22
3.449786329020303682e-22
3.446650629600754055e-22
3.443516290900873653e-22
3.440383322424895886e-22
3.437251733593310533e-22
3.434121533743415759e-22
3.430992732129825455e-22
3.427865337925025015e-22
3.424739360219879616e-22
3.421614808024153788e-22
3.418491690267039919e-22
3.415370015797671236e-22
3.412249793385625861e-22
3.409131031721449198e-22
3.406013739417155164e-22
3.402897925006731655e-22
3.399783596946633309e-22
3.396670763616290261e-22
3.393559433318592918e-22
3.390449614280396951e-22
3.387341314653000075e-22
3.384234542512631055e-22
3.381129305860941064e-22
3.378025612625471996e-22
3.374923470660138894e-22
3.371822887745712367e-22
3.368723871590280332e-22
3.365626429829724785e-22
3.362530570028174141e-22
3.359436299678493173e-22
3.356343626202714654e-22
3.353252556952517553e-22
3.350163099209677480e-22
3.347075260186517608e-22
3.343989047026359589e-22
3.340904466803973538e-22
3.337821526526017196e-22
3.334740233131482616e-22
3.331660593492142852e-22
3.328582614412972789e-22
3.325506302632596293e-22
3.322431664823716923e-22
3.319358707593543922e-22
3.316287437484216337e-22
3.313217860973237955e-22
3.310149984473892013e-22
3.307083814335656387e-22
3.304019356844635229e-22
3.300956618223952058e-22
3.297895604634184215e-22
3.294836322173763010e-22
3.291778776879363508e-22
3.288722974726352634e-22
3.285668921629145578e-22
3.282616623441628975e-22
3.279566085957562456e-22
3.276517314910959501e-22
3.273470315976490880e-22
3.270425094769874435e-22
3.267381656848257360e-22
3.264340007710610220e-22
3.261300152798104056e-22
3.258262097494498291e-22
3.255225847126518775e-22
3.252191406964224067e-22
3.249158782221403220e-22
3.246127978055924672e-22
3.243098999570120864e-22
3.240071851811149354e-22
3.237046539771367563e-22
3.234023068388690599e-22
3.231001442546950952e-22
3.227981667076263374e-22
3.224963746753382696e-22
3.221947686302056946e-22
3.218933490393374358e-22
3.215921163646133414e-22
3.212910710627167753e-22
3.209902135851715276e-22
3.206895443783753865e-22
3.203890638836334757e-22
3.200887725371944594e-22
3.197886707702827037e-22
3.194887590091329305e-22
3.191890376750232720e-22
3.188895071843086081e-22
3.185901679484545146e-22
3.182910203740686250e-22
3.179920648629343914e-22
3.176933018120439975e-22
3.173947316136295807e-22
3.170963546551961449e-22
3.167981713195532997e-22
3.165001819848473274e-22
3.162023870245923574e-22
3.159047868077016810e-22
3.156073816985193962e-22
3.153101720568517225e-22
3.150131582379963412e-22
3.147163405927752156e-22
3.144197194675631316e-22
3.141232952043194832e-22
3.138270681406170958e-22
3.135310386096733060e-22
3.132352069403787378e-22
3.129395734573284296e-22
3.126441384808494822e-22
3.123489023270309629e-22
3.120538653077534343e-22
3.117590277307174478e-22
3.114643898994721323e-22
3.111699521134440167e-22
3.108757146679659945e-22
3.105816778543041246e-22
3.102878419596863141e-22
3.099942072673317520e-22
3.097007740564756418e-22
3.094075426023996704e-22
3.091145131764571638e-22
3.088216860461019569e-22
3.085290614749148658e-22
3.082366397226296429e-22
3.079444210451621758e-22
3.076524056946336685e-22
3.073605939194011567e-22
3.070689859640799367e-22
3.067775820695717302e-22
3.064863824730913439e-22
3.061953874081897103e-22
3.059045971047828508e-22
3.056140117891752921e-22
3.053236316840858800e-22
3.050334570086732170e-22
3.047434879785606299e-22
3.044537248058614665e-22
3.041641676992026050e-22
3.038748168637511151e-22
3.035856725012366854e-22
3.032967348099774852e-22
3.030080039849031566e-22
3.027194802175799701e-22
3.024311636962334886e-22
3.021430546057743808e-22
3.018551531278195329e-22
3.015674594407171580e-22
3.012799737195695058e-22
3.009926961362563257e-22
3.007056268594577188e-22
3.004187660546781645e-22
3.001321138842672094e-22
2.998456705074434945e-22
2.995594360803175126e-22
2.992734107559134256e-22
2.989875946841913517e-22
2.987019880120690419e-22
2.984165908834459536e-22
2.981314034392222470e-22
2.978464258173222008e-22
2.975616581527154180e-22
2.972771005774391605e-22
2.969927532206176273e-22
2.967086162084855578e-22
2.964246896644075108e-22
2.961409737088999161e-22
2.958574684596515753e-22
2.955741740315444449e-22
2.952910905366738070e-22
2.950082180843693350e-22
2.947255567812152176e-22
2.944431067310707535e-22
2.941608680350890183e-22
2.938788407917395282e-22
2.935970250968253078e-22
2.933154210435042844e-22
2.930340287223088012e-22
2.927528482211640958e-22
2.924718796254093654e-22
2.921911230178157282e-22
2.919105784786058305e-22
2.916302460854729841e-22
2.913501259136003031e-22
2.910702180356786183e-22
2.907905225219267901e-22
2.905110394401083532e-22
2.902317688555522526e-22
2.899527108311687830e-22
2.896738654274703247e-22
2.893952327025871422e-22
2.891168127122880259e-22
2.888386055099951975e-22
2.885606111468056095e-22
2.882828296715053339e-22
2.880052611305899212e-22
2.877279055682796350e-22
2.874507630265390596e-22
2.871738335450928509e-22
2.868971171614435576e-22
2.866206139108888770e-22
2.863443238265377830e-22
2.860682469393289578e-22
2.857923832780464494e-22
2.855167328693362228e-22
2.852412957377234628e-22
2.849660719056294548e-22
2.846910613933866775e-22
2.844162642192561064e-22
2.841416803994430597e-22
2.838673099481135609e-22
2.835931528774099024e-22
2.833192091974676196e-22
2.830454789164295030e-22
2.827719620404632304e-22
2.824986585737758490e-22
2.822255685186298563e-22
2.819526918753583874e-22
2.816800286423806376e-22
2.814075788162169554e-22
2.811353423915048297e-22
2.808633193610128073e-22
2.805915097156560566e-22
2.803199134445115079e-22
2.800485305348325237e-22
2.797773609720630515e-22
2.795064047398533284e-22
2.792356618200734700e-22
2.789651321928284224e-22
2.786948158364723975e-22
2.784247127276222738e-22
2.781548228411737705e-22
2.778851461503132504e-22
2.776156826265334708e-22
2.773464322396467963e-22
2.770773949577985056e-22
2.768085707474820255e-22
2.765399595735516737e-22
2.762715613992359650e-22
2.760033761861523757e-22
2.757354038943195217e-22
2.754676444821709355e-22
2.752000979065691247e-22
2.749327641228175152e-22
2.746656430846743222e-22
2.743987347443658096e-22
2.741320390525983270e-22
2.738655559585725571e-22
2.735992854099950818e-22
2.733332273530916427e-22
2.730673817326200237e-22
2.728017484918825118e-22
2.725363275727381690e-22
2.722711189156147753e-22
2.720061224595229349e-22
2.717413381420667493e-22
2.714767658994559487e-22
2.712124056665195747e-22
2.709482573767165595e-22
2.706843209621480925e-22
2.704205963535702215e-22
2.701570834804050429e-22
2.698937822707515172e-22
2.696306926513999030e-22
2.693678145478404096e-22
2.691051478842769261e-22
2.688426925836371309e-22
2.685804485675847639e-22
2.683184157565303942e-22
2.680565940696431743e-22
2.677949834248620319e-22
2.675335837389056372e-22
2.672723949272861330e-22
2.670114169043168461e-22
2.667506495831260167e-22
2.664900928756656386e-22
2.662297466927243892e-22
2.659696109439358582e-22
2.657096855377910546e-22
2.654499703816486105e-22
2.651904653817451248e-22
2.649311704432056493e-22
2.646720854700540794e-22
2.644132103652239221e-22
2.641545450305680759e-22
2.638960893668695513e-22
2.636378432738508281e-22
2.633798066501851864e-22
2.631219793935053120e-22
2.628643614004147688e-22
2.626069525664970738e-22
2.623497527863251479e-22
2.620927619534720836e-22
2.618359799605203137e-22
2.615794066990715796e-22
2.613230420597564294e-22
2.610668859322433394e-22
2.608109382052491057e-22
2.605551987665478252e-22
2.602996675029798287e-22
2.600443443004618850e-22
2.597892290439960870e-22
2.595343216176789268e-22
2.592796219047101824e-22
2.590251297874030269e-22
2.587708451471924451e-22
2.585167678646436502e-22
2.582628978194621925e-22
2.580092348905020475e-22
2.577557789557745492e-22
2.575025298924576062e-22
2.572494875769038358e-22
2.569966518846493571e-22
2.567440226904229126e-22
2.564915998681536266e-22
2.562393832909805032e-22
2.559873728312595728e-22
2.557355683605736261e-22
2.554839697497395485e-22
2.552325768688172541e-22
2.549813895871177728e-22
2.547304077732112444e-22
2.544796312949355694e-22
2.542290600194030863e-22
2.539786938130109157e-22
2.537285325414471201e-22
2.534785760696989324e-22
2.532288242620616423e-22
2.529792769821451793e-22
2.527299340928828114e-22
2.524807954565382450e-22
2.522318609347141355e-22
