1.415617823934383130e-20
1.662869591842187512e-20
1.737771790704325738e-20
1.756953924452038476e-20
1.759585838910717153e-20
1.758212800393314666e-20
1.755900610853632630e-20
1.753283954559431314e-20
1.750491473045241917e-20
1.747557396554661686e-20
1.744498103541943945e-20
1.741325497708753250e-20
1.738049510278340287e-20
1.734678764410332709e-20
1.731220880409787977e-20
1.727682672208225382e-20
1.724070289514336526e-20
1.720389325106917802e-20
1.716644897769816059e-20
1.712841717584266308e-20
1.708984138150156568e-20
1.705076198950501510e-20
1.701121660170778909e-20
1.697124031665754684e-20
1.693086597332166372e-20
1.689012435834289910e-20
1.684904438403789233e-20
1.680765324268521608e-20
1.676597654141157845e-20
1.672403842105284939e-20
1.668186166165825750e-20
1.663946777676416123e-20
1.659687709814736766e-20
1.655410885244028072e-20
1.651118123073869489e-20
1.646811145212875683e-20
1.642491582190326563e-20
1.638160978510773124e-20
1.633820797595470236e-20
1.629472426356207483e-20
1.625117179440266100e-20
1.620756303179695107e-20
1.616390979273560864e-20
1.612022328227950757e-20
1.607651412575395606e-20
1.603279239892641199e-20
1.598906765633577782e-20
1.594534895792068727e-20
1.590164489407912487e-20
1.585796360927717645e-20
1.581431282431320960e-20
1.577069985733217374e-20
1.572713164367755942e-20
1.568361475465861659e-20
1.564015541530466920e-20
1.559675952117223944e-20
1.555343265426419177e-20
1.551018009811684221e-20
1.546700685210479397e-20
1.542391764501134978e-20
1.538091694790725360e-20
1.533800898637800153e-20
1.529519775213739800e-20
1.525248701406188247e-20
1.520988032867792820e-20
1.516738105013320748e-20
1.512499233967914544e-20
1.508271717469186758e-20
1.504055835725610565e-20
1.499851852233510380e-20
1.495660014554877257e-20
1.491480555058024066e-20
1.487313691623015415e-20
1.483159628313704050e-20
1.479018556018067058e-20
1.474890653058453013e-20
1.470776085773275114e-20
1.466675009071561049e-20
1.462587566961741731e-20
1.458513893055935295e-20
1.454454111050960435e-20
1.450408335187182900e-20
1.446376670686337443e-20
1.442359214169290618e-20
1.438356054054762443e-20
1.434367270939885645e-20
1.430392937963513685e-20
1.426433121153070510e-20
1.422487879755744901e-20
1.418557266554776620e-20
1.414641328171505120e-20
1.410740105353903939e-20
1.406853633252185493e-20
1.402981941682119631e-20
1.399125055376598005e-20
1.395282994226049107e-20
1.391455773508143633e-20
1.387643404107359525e-20
1.383845892724810233e-20
1.380063242078836638e-20
1.376295451096735180e-20
1.372542515098071790e-20
1.368804425969920141e-20
1.365081172334434711e-20
1.361372739709058661e-20
1.357679110659740894e-20
1.354000264947444400e-20
1.350336179668266992e-20
1.346686829387441491e-20
1.343052186267518855e-20
1.339432220190939772e-20
1.335826898877310106e-20
1.332236187995555773e-20
1.328660051271222313e-20
1.325098450589099121e-20
1.321551346091419156e-20
1.318018696271774960e-20
1.314500458064983446e-20
1.310996586933036849e-20
1.307507036947349708e-20
1.304031760867428294e-20
1.300570710216141818e-20
1.297123835351722721e-20
1.293691085536651319e-20
1.290272409003557818e-20
1.286867753018253482e-20
1.283477063940043092e-20
1.280100287279403685e-20
1.276737367753165155e-20
1.273388249337291418e-20
1.270052875317348202e-20
1.266731188336797694e-20
1.263423130443157820e-20
1.260128643132166071e-20
1.256847667389988665e-20
1.253580143733604743e-20
1.250326012249392074e-20
1.247085212630024559e-20
1.243857684209747147e-20
1.240643365998085475e-20
1.237442196712056443e-20
1.234254114806965342e-20
1.231079058505800960e-20
1.227916965827352653e-20
1.224767774613032983e-20
1.221631422552522982e-20
1.218507847208232663e-20
1.215396986038676694e-20
1.212298776420768694e-20
1.209213155671103512e-20
1.206140061066265551e-20
1.203079429862194303e-20
1.200031199312658220e-20
1.196995306686860281e-20
1.193971689286220811e-20
1.190960284460379401e-20
1.187961029622414574e-20
1.184973862263370707e-20
1.181998719966046038e-20
1.179035540418147069e-20
1.176084261424784689e-20
1.173144820920360174e-20
1.170217156979854595e-20
1.167301207829569038e-20
1.164396911857297424e-20
1.161504207622015598e-20
1.158623033863030240e-20
1.155753329508683923e-20
1.152895033684584553e-20
1.150048085721402221e-20
1.147212425162244463e-20
1.144387991769617748e-20
1.141574725532020320e-20
1.138772566670149869e-20
1.135981455642755345e-20
1.133201333152164378e-20
1.130432140149454699e-20
1.127673817839339835e-20
1.124926307684742590e-20
1.122189551411078134e-20
1.119463491010267156e-20
1.116748068744480299e-20
1.114043227149632963e-20
1.111348909038633813e-20
1.108665057504407285e-20
1.105991615922682418e-20
1.103328527954576916e-20
1.100675737548978377e-20
1.098033188944718337e-20
1.095400826672577193e-20
1.092778595557090968e-20
1.090166440718196171e-20
1.087564307572713222e-20
1.084972141835660890e-20
1.082389889521436986e-20
1.079817496944837298e-20
1.077254910721947984e-20
1.074702077770909783e-20
1.072158945312537316e-20
1.069625460870840595e-20
1.067101572273423295e-20
1.064587227651759612e-20
1.062082375441384595e-20
1.059586964381973292e-20
1.057100943517325702e-20
1.054624262195260698e-20
1.052156870067425394e-20
1.049698717089019943e-20
1.047249753518438382e-20
1.044809929916841769e-20
1.042379197147651275e-20
1.039957506375983788e-20
1.037544809068009744e-20
1.035141056990253319e-20
1.032746202208840262e-20
1.030360197088678926e-20
1.027982994292594049e-20
1.025614546780410281e-20
1.023254807807985912e-20
1.020903730926198750e-20
1.018561269979889712e-20
1.016227379106773026e-20
1.013902012736296618e-20
1.011585125588471358e-20
1.009276672672665248e-20
1.006976609286363756e-20
1.004684891013904264e-20
1.002401473725169302e-20
1.000126313574269388e-20
9.978593669981844942e-21
9.956005907153951368e-21
9.933499417244758401e-21
9.911073773026840951e-21
9.888728550045135032e-21
9.866463326602454175e-21
9.844277683744625156e-21
9.822171205245723037e-21
9.800143477592895437e-21
9.778194089971278592e-21
9.756322634248612484e-21
9.734528704959864996e-21
9.712811899291677023e-21
9.691171817066781996e-21
9.669608060728234322e-21
9.648120235323735627e-21
9.626707948489635992e-21
9.605370810435156375e-21
9.584108433926389854e-21
9.562920434270244180e-21
9.541806429298483649e-21
9.520766039351587395e-21
9.499798887262699477e-21
9.478904598341475138e-21
9.458082800357996284e-21
9.437333123526602698e-21
9.416655200489760873e-21
9.396048666301980993e-21
9.375513158413631595e-21
9.355048316654873105e-21
9.334653783219570302e-21
9.314329202649218326e-21
9.294074221816888245e-21
9.273888489911261402e-21
9.253771658420623123e-21
9.233723381116949732e-21
9.213743314040007579e-21
9.193831115481495727e-21
9.173986445969263851e-21
9.154208968251572280e-21
9.134498347281330962e-21
9.114854250200576177e-21
9.095276346324784731e-21
9.075764307127400320e-21
9.056317806224373422e-21
9.036936519358759882e-21
9.017620124385403746e-21
8.998368301255720912e-21
8.979180732002409051e-21
8.960057100724458455e-21
8.940997093572060572e-21
8.922000398731617347e-21
8.903066706410914573e-21
8.884195708824277185e-21
8.865387100177853947e-21
8.846640576654995436e-21
8.827955836401650071e-21
8.809332579511900085e-21
8.790770508013572715e-21
8.772269325853932654e-21
8.753828738885454240e-21
8.735448454851623743e-21
8.717128183372986906e-21
8.698867635933083636e-21
8.680666525864671588e-21
8.662524568335812824e-21
8.644441480336288486e-21
8.626416980663923186e-21
8.608450789911046324e-21
8.590542630451129441e-21
8.572692226425388970e-21
8.554899303729525908e-21
8.537163590000612941e-21
8.519484814604010157e-21
8.501862708620321385e-21
8.484297004832604816e-21
8.466787437713490339e-21
8.449333743412522567e-21
8.431935659743544494e-21
8.414592926172123277e-21
8.397305283803164101e-21
8.380072475368567676e-21
8.362894245214923843e-21
8.345770339291423357e-21
8.328700505137707977e-21
8.311684491871934214e-21
8.294722050178894255e-21
8.277812932298169989e-21
8.260956892012419442e-21
8.244153684635816683e-21
8.227403067002408973e-21
8.210704797454759803e-21
8.194058635832563332e-21
8.177464343461331054e-21
8.160921683141257519e-21
8.144430419136107112e-21
8.127990317162173059e-21
8.111601144377412475e-21
8.095262669370530249e-21
8.078974662150300672e-21
8.062736894134833380e-21
8.046549138141030395e-21
8.030411168374064231e-21
8.014322760416973354e-21
7.998283691220322346e-21
7.982293739091934294e-21
7.966352683686751067e-21
7.950460305996734224e-21
7.934616388340848668e-21
7.918820714355130571e-21
7.903073068982880174e-21
7.887373238464865126e-21
7.871721010329621618e-21
7.856116173383884919e-21
7.840558517703019915e-21
7.825047834621621664e-21
7.809583916724072324e-21
7.794166557835308722e-21
7.778795553011541785e-21
7.763470698531170057e-21
7.748191791885649592e-21
7.732958631770548908e-21
7.717771018076590408e-21
7.702628751880815172e-21
7.687531635437815464e-21
7.672479472171007862e-21
7.657472066664019237e-21
7.642509224652132910e-21
7.627590753013763411e-21
7.612716459762081685e-21
7.597886154036643320e-21
7.583099646095105544e-21
7.568356747305020955e-21
7.553657270135695953e-21
7.539001028150098830e-21
7.524387835996877687e-21
7.509817509402405442e-21
7.495289865162882018e-21
7.480804721136562906e-21
7.466361896235995266e-21
7.451961210420323236e-21
7.437602484687683510e-21
7.423285541067653597e-21
7.409010202613764759e-21
7.394776293396051075e-21
7.380583638493702317e-21
7.366432063987755950e-21
7.352321396953849315e-21
7.338251465455033503e-21
7.324222098534651926e-21
7.310233126209271559e-21
7.296284379461686388e-21
7.282375690233953979e-21
7.268506891420520803e-21
7.254677816861368639e-21
7.240888301335281340e-21
7.227138180553058940e-21
7.213427291150919840e-21
7.199755470683854842e-21
7.186122557619083504e-21
7.172528391329560146e-21
7.158972812087514457e-21
7.145455661058085398e-21
7.131976780292956604e-21
7.118536012724088084e-21
7.105133202157473497e-21
7.091768193266972667e-21
7.078440831588168165e-21
7.065150963512280573e-21
7.051898436280155974e-21
7.038683097976289547e-21
7.025504797522867226e-21
7.012363384673920197e-21
6.999258710009464358e-21
6.986190624929731552e-21
6.973158981649438425e-21
6.960163633192091389e-21
6.947204433384324687e-21
6.934281236850357331e-21
6.921393899006377808e-21
6.908542276055103330e-21
6.895726224980272877e-21
6.882945603541269640e-21
6.870200270267725408e-21
6.857490084454213729e-21
6.844814906154965637e-21
6.832174596178621496e-21
6.819569016083047538e-21
6.806998028170191526e-21
6.794461495480954962e-21
6.781959281790128495e-21
6.769491251601371716e-21
6.757057270142228305e-21
6.744657203359173536e-21
6.732290917912718200e-21
6.719958281172542623e-21
6.707659161212657769e-21
6.695393426806640063e-21
6.683160947422872997e-21
6.670961593219833109e-21
6.658795235041437662e-21
6.646661744412396833e-21
6.634560993533626838e-21
6.622492855277672842e-21
6.610457203184231923e-21
6.598453911455619612e-21
6.586482854952358313e-21
6.574543909188726595e-21
6.562636950328434882e-21
6.550761855180231169e-21
6.538918501193631629e-21
6.527106766454624133e-21
6.515326529681452270e-21
6.503577670220394099e-21
6.491860068041592810e-21
6.480173603734931778e-21
6.468518158505927663e-21
6.456893614171642324e-21
6.445299853156676737e-21
6.433736758489118262e-21
6.422204213796624087e-21
6.410702103302427935e-21
6.399230311821443810e-21
6.387788724756410383e-21
6.376377228094003017e-21
6.364995708401036075e-21
6.353644052820675006e-21
6.342322149068670250e-21
6.331029885429610705e-21
6.319767150753277244e-21
6.308533834450918000e-21
6.297329826491607154e-21
6.286155017398685729e-21
6.275009298246109840e-21
6.263892560654943400e-21
6.252804696789801168e-21
6.241745599355351227e-21
6.230715161592859598e-21
6.219713277276716794e-21
6.208739840711037348e-21
6.197794746726257091e-21
6.186877890675766530e-21
6.175989168432567560e-21
6.165128476385976809e-21
6.154295711438313944e-21
6.143490771001641881e-21
6.132713552994536342e-21
6.121963955838876473e-21
6.111241878456633955e-21
6.100547220266739607e-21
6.089879881181916137e-21
6.079239761605577090e-21
6.068626762428746114e-21
6.058040785026949894e-21
6.047481731257223933e-21
6.036949503455048365e-21
6.026444004431386840e-21
6.015965137469684780e-21
6.005512806322917291e-21
5.995086915210694250e-21
5.984687368816299938e-21
5.974314072283847027e-21
5.963966931215406496e-21
5.953645851668147321e-21
5.943350740151549897e-21
5.933081503624559271e-21
5.922838049492860254e-21
5.912620285606082565e-21
5.902428120255081206e-21
5.892261462169228877e-21
5.882120220513692591e-21
5.872004304886791536e-21
5.861913625317319584e-21
5.851848092261927230e-21
5.841807616602499013e-21
5.831792109643548250e-21
5.821801483109668185e-21
5.811835649142947029e-21
5.801894520300443942e-21
5.791978009551672529e-21
5.782086030276091873e-21
5.772218496260641185e-21
5.762375321697251151e-21
5.752556421180423720e-21
5.742761709704791600e-21
5.732991102662719863e-21
5.723244515841903055e-21
5.713521865423002920e-21
5.703823067977282361e-21
5.694148040464277778e-21
5.684496700229469897e-21
5.674868965001979418e-21
5.665264752892287505e-21
5.655683982389965290e-21
5.646126572361395107e-21
5.636592442047575987e-21
5.627081511061859936e-21
5.617593699387776991e-21
5.608128927376829426e-21
5.598687115746329594e-21
5.589268185577237021e-21
5.579872058312006777e-21
5.570498655752489012e-21
5.561147900057794631e-21
5.551819713742210630e-21
5.542514019673108653e-21
5.533230741068904709e-21
5.523969801496969240e-21
5.514731124871637996e-21
5.505514635452148429e-21
5.496320257840664864e-21
5.487147916980254018e-21
5.477997538152948532e-21
5.468869046977740548e-21
5.459762369408653520e-21
5.450677431732824560e-21
5.441614160568532617e-21
5.432572482863331981e-21
5.423552325892151174e-21
5.414553617255385839e-21
5.405576284877057808e-21
5.396620257002953132e-21
5.387685462198781905e-21
5.378771829348325315e-21
5.369879287651657917e-21
5.361007766623323269e-21
5.352157196090531378e-21
5.343327506191411825e-21
5.334518627373224753e-21
5.325730490390610230e-21
5.316963026303849645e-21
5.308216166477151931e-21
5.299489842576908940e-21
5.290783986570012520e-21
5.282098530722149003e-21
5.273433407596128318e-21
5.264788550050202561e-21
5.256163891236417671e-21
5.247559364598973377e-21
5.238974903872561336e-21
5.230410443080773981e-21
5.221865916534474250e-21
5.213341258830192404e-21
5.204836404848536379e-21
5.196351289752629226e-21
5.187885848986519465e-21
5.179440018273638088e-21
5.171013733615232232e-21
5.162606931288850017e-21
5.154219547846810332e-21
5.145851520114668110e-21
5.137502785189739791e-21
5.129173280439577619e-21
5.120862943500514667e-21
5.112571712276162459e-21
5.104299524935956741e-21
5.096046319913711533e-21
5.087812035906168659e-21
5.079596611871549539e-21
5.071399987028149864e-21
5.063222100852916211e-21
5.055062893080025671e-21
5.046922303699513622e-21
5.038800272955869159e-21
5.030696741346663614e-21
5.022611649621172320e-21
5.014544938779030216e-21
5.006496550068870909e-21
4.998466424986984541e-21
4.990454505275984686e-21
4.982460732923494050e-21
4.974485050160817388e-21
4.966527399461642253e-21
4.958587723540743504e-21
4.950665965352676538e-21
4.942762068090524678e-21
4.934875975184604441e-21
4.927007630301212175e-21
4.919156977341373710e-21
4.911323960439579717e-21
4.903508523962564697e-21
4.895710612508061140e-21
4.887930170903592068e-21
4.880167144205252272e-21
4.872421477696490317e-21
4.864693116886921386e-21
4.856982007511133354e-21
4.849288095527510163e-21
4.841611327117036396e-21
4.833951648682153751e-21
4.826309006845587429e-21
4.818683348449196598e-21
4.811074620552824848e-21
4.803482770433169464e-21
4.795907745582653701e-21
4.788349493708284768e-21
4.780807962730568238e-21
4.773283100782363772e-21
4.765774856207820592e-21
4.758283177561252015e-21
4.750808013606071681e-21
4.743349313313689901e-21
4.735907025862468690e-21
4.728481100636627149e-21
4.721071487225198001e-21
4.713678135420972842e-21
4.706300995219452661e-21
4.698940016817808141e-21
4.691595150613848979e-21
4.684266347204999990e-21
4.676953557387268176e-21
4.669656732154250415e-21
4.662375822696108060e-21
4.655110780398580650e-21
4.647861556841973291e-21
4.640628103800187673e-21
4.633410373239726005e-21
4.626208317318739334e-21
4.619021888386015676e-21
4.611851038980056176e-21
4.604695721828101610e-21
4.597555889845178445e-21
4.590431496133164465e-21
4.583322493979841603e-21
4.576228836857954040e-21
4.569150478424300914e-21
4.562087372518796678e-21
4.555039473163563799e-21
4.548006734562017951e-21
4.540989111097971998e-21
4.533986557334721184e-21
4.526999028014160660e-21
4.520026478055900012e-21
4.513068862556364241e-21
4.506126136787941387e-21
4.499198256198085772e-21
4.492285176408466374e-21
4.485386853214106932e-21
4.478503242582515513e-21
4.471634300652855464e-21
4.464779983735077233e-21
4.457940248309096092e-21
4.451115051023948036e-21
4.444304348696965995e-21
4.437508098312944769e-21
4.430726257023330021e-21
4.423958782145400519e-21
4.417205631161465409e-21
4.410466761718044941e-21
4.403742131625076781e-21
4.397031698855124569e-21
4.390335421542585732e-21
4.383653257982912086e-21
4.376985166631798834e-21
4.370331106104457080e-21
4.363691035174806593e-21
4.357064912774712205e-21
4.350452697993238265e-21
4.343854350075876013e-21
4.337269828423795021e-21
4.330699092593089376e-21
4.324142102294055451e-21
4.317598817390418530e-21
4.311069197898623372e-21
4.304553203987092421e-21
4.298050795975495316e-21
4.291561934334047725e-21
4.285086579682760539e-21
4.278624692790760523e-21
4.272176234575542521e-21
4.265741166102310423e-21
4.259319448583235382e-21
4.252911043376777222e-21
4.246515911986995321e-21
4.240134016062848201e-21
4.233765317397516444e-21
4.227409777927719589e-21
4.221067359733033029e-21
4.214738025035231991e-21
4.208421736197614450e-21
4.202118455724319532e-21
4.195828146259696319e-21
4.189550770587623006e-21
4.183286291630867426e-21
4.177034672450427275e-21
4.170795876244896658e-21
4.164569866349809318e-21
4.158356606237013459e-21
4.152156059514026262e-21
4.145968189923414726e-21
4.139792961342160713e-21
4.133630337781036530e-21
4.127480283383982753e-21
4.121342762427506387e-21
4.115217739320051919e-21
4.109105178601394956e-21
4.103005044942044885e-21
4.096917303142633991e-21
4.090841918133319367e-21
4.084778854973193097e-21
4.078728078849681909e-21
4.072689555077961116e-21
4.066663249100376844e-21
4.060649126485857715e-21
4.054647152929330299e-21
4.048657294251148108e-21
4.042679516396531115e-21
4.036713785434975191e-21
4.030760067559707425e-21
4.024818329087103080e-21
4.018888536456146935e-21
4.012970656227861522e-21
4.007064655084754176e-21
4.001170499830284393e-21
3.995288157388295834e-21
3.989417594802485939e-21
3.983558779235859747e-21
3.977711677970188979e-21
3.971876258405484666e-21
3.966052488059463004e-21
3.960240334567013465e-21
3.954439765679679700e-21
3.948650749265123137e-21
3.942873253306621186e-21
3.937107245902531589e-21
3.931352695265800407e-21
3.925609569723421856e-21
3.919877837715955317e-21
3.914157467797011509e-21
3.908448428632736395e-21
3.902750689001331962e-21
3.897064217792546897e-21
3.891388984007184575e-21
3.885724956756602771e-21
3.880072105262247969e-21
3.874430398855137024e-21
3.868799806975390721e-21
3.863180299171762827e-21
3.857571845101138295e-21
3.851974414528069084e-21
3.846387977324303964e-21
3.840812503468310793e-21
3.835247963044812337e-21
3.829694326244309303e-21
3.824151563362644749e-21
3.818619644800509057e-21
3.813098541063004342e-21
3.807588222759186295e-21
3.802088660601592476e-21
3.796599825405821771e-21
3.791121688090056673e-21
3.785654219674640477e-21
3.780197391281616112e-21
3.774751174134295063e-21
3.769315539556808990e-21
3.763890458973692196e-21
3.758475903909422706e-21
3.753071845988006998e-21
3.747678256932547414e-21
3.742295108564808830e-21
3.736922372804799611e-21
3.731560021670345055e-21
3.726208027276673611e-21
3.720866361835988815e-21
3.715534997657055518e-21
3.710213907144798897e-21
3.704903062799868866e-21
3.699602437218253384e-21
3.694312003090856410e-21
3.689031733203099170e-21
3.683761600434514658e-21
3.678501577758348163e-21
3.673251638241155524e-21
3.668011755042410427e-21
3.662781901414103415e-21
3.657562050700358211e-21
3.652352176337034493e-21
3.647152251851335185e-21
3.641962250861436319e-21
3.636782147076080027e-21
3.631611914294207416e-21
3.626451526404576391e-21
3.621300957385376463e-21
3.616160181303860874e-21
3.611029172315961405e-21
3.605907904665924260e-21
3.600796352685934656e-21
3.595694490795749694e-21
3.590602293502328971e-21
3.585519735399474224e-21
3.580446791167460689e-21
3.575383435572677500e-21
3.570329643467269580e-21
3.565285389788779544e-21
3.560250649559786584e-21
3.555225397887557396e-21
3.550209609963697105e-21
3.545203261063790405e-21
3.540206326547057761e-21
3.535218781856006323e-21
3.530240602516086126e-21
3.525271764135348531e-21
3.520312242404103928e-21
3.515362013094566637e-21
3.510421052060547217e-21
3.505489335237087584e-21
3.500566838640142788e-21
3.495653538366232688e-21
3.490749410592127485e-21
3.485854431574511434e-21
3.480968577649645056e-21
3.476091825233050671e-21
3.471224150819185136e-21
3.466365530981107326e-21
3.461515942370169681e-21
3.456675361715692454e-21
3.451843765824638713e-21
3.447021131581306636e-21
3.442207435947009787e-21
3.437402655959763392e-21
3.432606768733972882e-21
3.427819751460124693e-21
3.423041581404471796e-21
3.418272235908728257e-21
3.413511692389771320e-21
3.408759928339317158e-21
3.404016921323644020e-21
3.399282648983267985e-21
3.394557089032647299e-21
3.389840219259896498e-21
3.385132017526477576e-21
3.380432461766904709e-21
3.375741529988447836e-21
3.371059200270851672e-21
3.366385450766030643e-21
3.361720259697785637e-21
3.357063605361513989e-21
3.352415466123922095e-21
3.347775820422736146e-21
3.343144646766424146e-21
3.338521923733910788e-21
3.333907629974290063e-21
3.329301744206548039e-21
3.324704245219289009e-21
3.320115111870452254e-21
3.315534323087035180e-21
3.310961857864817603e-21
3.306397695268095047e-21
3.301841814429398133e-21
3.297294194549222874e-21
3.292754814895766230e-21
3.288223654804652275e-21
3.283700693678667371e-21
3.279185910987487837e-21
3.274679286267429802e-21
3.270180799121167083e-21
3.265690429217480667e-21
3.261208156291003676e-21
3.256733960141938119e-21
3.252267820635825432e-21
3.247809717703265120e-21
3.243359631339672502e-21
3.238917541605019544e-21
3.234483428623583583e-21
3.230057272583688908e-21
3.225639053737460372e-21
3.221228752400575886e-21
3.216826348952003857e-21
3.212431823833779374e-21
3.208045157550732247e-21
3.203666330670251905e-21
3.199295323822052678e-21
3.194932117697917255e-21
3.190576693051455187e-21
3.186229030697867418e-21
3.181889111513712311e-21
3.177556916436646852e-21
3.173232426465214495e-21
3.168915622658586368e-21
3.164606486136337459e-21
3.160304998078211138e-21
3.156011139723882554e-21
3.151724892372735954e-21
3.147446237383617540e-21
3.143175156174616928e-21
3.138911630222839565e-21
3.134655641064168251e-21
3.130407170293049104e-21
3.126166199562254953e-21
3.121932710582667544e-21
3.117706685123049967e-21
3.113488105009823590e-21
3.109276952126855534e-21
3.105073208415218679e-21
3.100876855872992681e-21
3.096687876555031879e-21
3.092506252572757283e-21
3.088331966093926738e-21
3.084164999342432174e-21
3.080005334598078431e-21
3.075852954196369595e-21
3.071707840528300985e-21
3.067569976040139476e-21
3.063439343233218116e-21
3.059315924663728114e-21
3.055199702942499912e-21
3.051090660734808712e-21
3.046988780760154424e-21
3.042894045792068699e-21
3.038806438657894872e-21
3.034725942238596124e-21
3.030652539468549349e-21
3.026586213335331115e-21
3.022526946879534856e-21
3.018474723194559845e-21
3.014429525426407693e-21
3.010391336773495773e-21
3.006360140486439052e-21
3.002335919867881567e-21
2.998318658272271487e-21
2.994308339105685068e-21
2.990304945825625034e-21
2.986308461940822716e-21
2.982318871011058250e-21
2.978336156646951809e-21
2.974360302509787184e-21
2.970391292311315807e-21
2.966429109813563027e-21
2.962473738828648308e-21
2.958525163218587372e-21
2.954583366895116528e-21
2.950648333819500835e-21
2.946720048002341887e-21
2.942798493503410791e-21
2.938883654431446556e-21
2.934975514943986815e-21
2.931074059247177115e-21
2.927179271595590361e-21
2.923291136292057170e-21
2.919409637687467255e-21
2.915534760180612197e-21
2.911666488217986078e-21
2.907804806293626740e-21
2.903949698948929214e-21
2.900101150772471937e-21
2.896259146399841454e-21
2.892423670513459769e-21
2.888594707842409054e-21
2.884772243162259742e-21
2.880956261294901633e-21
2.877146747108366349e-21
2.873343685516663327e-21
2.869547061479608668e-21
2.865756860002649472e-21
2.861973066136709611e-21
2.858195664978003533e-21
2.854424641667891437e-21
2.850659981392690825e-21
2.846901669383528287e-21
2.843149690916168733e-21
2.839404031310849503e-21
2.835664675932120874e-21
2.831931610188678676e-21
2.828204819533211566e-21
2.824484289462229501e-21
2.820770005515909142e-21
2.817061953277937739e-21
2.813360118375340859e-21
2.809664486478339442e-21
2.805975043300189558e-21
