2.368703310089045105e+11
1.095623684324248135e+08
6.137181712568501942e+06
9.882073455331709702e+05
2.563615088267808314e+05
8.779318733248150966e+04
3.612678228096415842e+04
1.692918619541148291e+04
8.735738701706077336e+03
4.854954700909616804e+03
2.861758024537807614e+03
1.769530825135251916e+03
1.138439480938897304e+03
7.573223954164565157e+02
5.183925898779693853e+02
3.637178444495006033e+02
2.607598616947997812e+02
1.905346441859263393e+02
1.415923672101837667e+02
1.068223887915774952e+02
8.169269481017971657e+01
6.324697787378008940e+01
4.951612828848718806e+01
3.916359545346969639e+01
3.126649120896287215e+01
2.517750526958263535e+01
2.043605327774726632e+01
1.671005641957929910e+01
1.375715052417507245e+01
1.139843981296151298e+01
9.500483849466927921e+00
7.962770615472819280e+00
6.708897084994081439e+00
5.680288395755848541e+00
4.831676672604497291e+00
4.127813633285349226e+00
3.541057614443055002e+00
3.049586621395197206e+00
2.636063852746559633e+00
2.286633212107330060e+00
1.990157527689911054e+00
1.737636724451661507e+00
1.521760439089599126e+00
1.336561805877926279e+00
1.177147900212895060e+00
1.039488647067232430e+00
9.202505978014601240e-01
8.166653460423116684e-01
7.264248376908316596e-01
6.475976754491814535e-01
5.785618977747004621e-01
5.179507498327858839e-01
4.646087491576010864e-01
4.175559461634981706e-01
3.759587367271557401e-01
3.391059355811301690e-01
3.063890909574272237e-01
2.772862319343971649e-01
2.513484045864376459e-01
2.281884820775972877e-01
2.074718354127639830e-01
1.889085318436490302e-01
1.722467916380476249e-01
1.572674846768313262e-01
1.437794889296577228e-01
1.316157654326607918e-01
1.206300306235036646e-01
1.106939280869510545e-01
1.016946189500181896e-01
9.353272414342359009e-02
8.612056314953897562e-02
7.938064318822141141e-02
7.324436044961106507e-02
6.765088128504641307e-02
6.254617646788339369e-02
5.788218593914321725e-02
5.361609502265218818e-02
4.970970606313524637e-02
4.612889191578947723e-02
4.284311978422670336e-02
3.982503563618060294e-02
3.705010088083330461e-02
3.449627421534959965e-02
3.214373258001577277e-02
2.997462603319746635e-02
2.797286209545557858e-02
2.612391573834974695e-02
2.441466172571318816e-02
2.283322646845348247e-02
2.136885694066017333e-02
2.001180453534198711e-02
1.875322202113985023e-02
1.758507200411864660e-02
1.650004550730386696e-02
1.549148946012057423e-02
1.455334204460517061e-02
1.368007497883167063e-02
1.286664193348877050e-02
1.210843237755926394e-02
1.140123023579365374e-02
1.074117681600459187e-02
1.012473752973165435e-02
9.548671986894347388e-03
9.010007094822343118e-03
8.506012835519516715e-03
8.034180433027005019e-03
7.592202656032200070e-03
7.177956030046452399e-03
6.789484759085080527e-03
6.424986179290250767e-03
6.082797586740858187e-03
5.761384299138709933e-03
5.459328826444813029e-03
5.175321039123530024e-03
4.908149234657978484e-03
4.656692013623763178e-03
4.419910886017927414e-03
4.196843536883900633e-03
3.986597687679481646e-03
3.788345496415162269e-03
3.601318445442875348e-03
3.424802670985454059e-03
3.258134693140210796e-03
3.100697509231344941e-03
2.951917017083300135e-03
2.811258738091056229e-03
2.678224812918340164e-03
2.552351245300220253e-03
2.433205371796441641e-03
2.320383537467299046e-03
2.213508959351403321e-03
2.112229761337837148e-03
2.016217165565599261e-03
1.925163826868886213e-03
1.838782298034401805e-03
1.756803614761258750e-03
1.678975990227837530e-03
1.605063610084920189e-03
1.534845519520868775e-03
1.468114594791303847e-03
1.404676592281417372e-03
1.344349268780226266e-03
1.286961567200060018e-03
1.232352862476195857e-03
1.180372262837007646e-03
1.130877962047936941e-03
1.083736638607916188e-03
1.038822898217776425e-03
9.960187561502558979e-04
9.552131564334048622e-04
9.163015250160121182e-04
8.791853543177909200e-04
8.437718167803615488e-04
8.099734052297710360e-04
7.777075980388497645e-04
7.468965472400162543e-04
7.174667878872998273e-04
6.893489671019666521e-04
6.624775913600779512e-04
6.367907906938188303e-04
6.122300985823912311e-04
5.887402464034835860e-04
5.662689714036754684e-04
5.447668372262142681e-04
5.241870661081410570e-04
5.044853819262201883e-04
4.856198633331631652e-04
4.675508062826450408e-04
4.502405952940209720e-04
4.336535828559031800e-04
4.177559764121491193e-04
4.025157324147195215e-04
3.879024569655266982e-04
3.738873126041525720e-04
3.604429308303249715e-04
3.475433299796300626e-04
3.351638380981930890e-04
3.232810204872917917e-04
3.118726116121199837e-04
3.009174510904645615e-04
2.903954234969407903e-04
2.802874017368619250e-04
2.705751937608351799e-04
2.612414924069793960e-04
2.522698281722533841e-04
2.436445247279416264e-04
2.353506570068851229e-04
2.273740117017040540e-04
2.197010500240448186e-04
2.123188725849251284e-04
2.052151862655517221e-04
1.983782729566307989e-04
1.917969600522357535e-04
1.854605925917516597e-04
1.793590069503786695e-04
1.734825059851168190e-04
1.678218355491872848e-04
1.623681622934263391e-04
1.571130526784072210e-04
1.520484531259049129e-04
