6.552858220608751481e+02 3.530604483159827964e+02 2.873617731688495383e+02 2.480737541085363489e+02
4.978439681563499586e-01 2.682150022675672818e-01 2.182944521064412724e-01 1.884404351394051991e-01
4.377548639340341635e-02 2.358550009624560406e-02 1.919649905435757628e-02 1.657184463386399478e-02
9.693074514920071300e-03 5.222898622865138930e-03 4.251225502244242692e-03 3.670191530641725604e-03
3.230186189714940280e-03 1.740627727435436123e-03 1.416865421772490205e-03 1.223273228406533252e-03
1.356952171591273987e-03 7.312384544244145959e-04 5.952415287962347073e-04 5.139249008621776284e-04
6.618006920189035925e-04 3.566368183497256768e-04 2.903110508707272466e-04 2.506531774309265462e-04
3.582545455047954851e-04 1.930568957149115736e-04 1.571516331208546390e-04 1.356827729429060838e-04
2.094721787883678076e-04 1.128773269998419959e-04 9.188208959148626038e-05 7.932812411425006988e-05
1.299626022956732829e-04 7.002922304769397890e-05 5.700193440370404115e-05 4.921210801867407922e-05
8.452004396794043743e-05 4.554034412450608650e-05 3.706715643694125746e-05 3.200031209287880799e-05
5.711368464060106158e-05 3.077150002411034059e-05 2.504503280777640821e-05 2.162053296596772495e-05
3.984112231392139520e-05 2.146391746918633811e-05 1.746866806782247029e-05 1.507933904073451049e-05
2.854802659131580066e-05 1.537871856298692809e-05 1.251547020091086045e-05 1.080303408674437926e-05
2.093097551059574485e-05 1.127452772302581342e-05 9.174878329346268423e-06 7.919060412063118446e-06
1.565421690509232299e-05 8.431477237622366763e-06 6.860875850812340268e-06 5.921430827886527427e-06
1.191289466814395202e-05 6.415817227152948282e-06 5.220366970839044010e-06 4.505272959474339022e-06
9.205710552306780895e-06 4.957395061518994813e-06 4.033435803989616293e-06 3.480708076556655283e-06
7.211269474340456327e-06 3.883013077242285971e-06 3.159094348400893279e-06 2.726007038979978731e-06
5.718195535710765834e-06 3.078765371541572878e-06 2.504621673095888654e-06 2.161116119640879602e-06
4.584286466834674865e-06 2.468024617958290897e-06 2.007643500956242481e-06 1.732183603648021958e-06
3.711919104837206770e-06 1.998187269810495831e-06 1.625341849696149067e-06 1.402242894778072241e-06
3.032841799169734079e-06 1.632477781780427161e-06 1.327783132530633770e-06 1.145451737342704267e-06
2.498544301420456954e-06 1.344758763266776883e-06 1.093693328249631142e-06 9.434443718614939800e-07
2.074026946230863578e-06 1.116173132855663314e-06 9.077245387536461639e-07 7.829714291778665145e-07
1.733689739571321779e-06 9.329287553926184192e-07 7.586516067167861034e-07 6.543428787751891272e-07
1.458571385740663144e-06 7.848105923864168289e-07 6.381609739480546236e-07 5.503823384622022086e-07
1.234464488765282124e-06 6.641650357014450696e-07 5.400239217396655623e-07 4.657132691842027254e-07
1.050609458558473546e-06 5.651961081791280615e-07 4.595236840281534142e-07 3.962643672242816075e-07
8.987768426782474822e-07 4.834709846239180071e-07 3.930529537348371939e-07 3.389220741992478508e-07
7.726142690051090996e-07 4.155681070366348337e-07 3.378274633964046532e-07 2.912833042642264944e-07
6.671761485918730853e-07 3.588237838547192331e-07 2.916797322272105092e-07 2.514773849409257678e-07
5.785812298294016866e-07 3.111476827534444217e-07 2.529088918688918567e-07 2.180364139774228404e-07
5.037606630644368423e-07 2.708870943584572022e-07 2.201702104511315605e-07 1.897998894577068128e-07
4.402708570580485406e-07 2.367261076295255961e-07 1.923930333353703423e-07 1.658438727704200065e-07
3.861532018090705367e-07 2.076100374489645655e-07 1.687192777134622729e-07 1.454278958934840884e-07
3.398280241351668427e-07 1.826882967229778413e-07 1.484569396748992369e-07 1.279548287968755684e-07
3.000137785199696417e-07 1.612708647621421124e-07 1.310446674008679802e-07 1.129402999181389712e-07
2.656650020467779215e-07 1.427948650792801555e-07 1.160245623167698423e-07 9.998921944240960625e-08
2.359243359115233754e-07 1.267987215150363882e-07 1.030211480336014007e-07 8.877762681920534323e-08
2.100851735941492330e-07 1.129020392578811097e-07 9.172499851275179347e-08 7.903856017922828314e-08
1.875623957691563666e-07 1.007898422846408828e-07 8.187991163362024075e-08 7.055098611448806656e-08
1.678693018243336149e-07 9.020014887332214462e-08 7.327279933236340270e-08 6.313107432409012012e-08
1.505993209241995614e-07 8.091412173710442372e-08 6.572567295307575847e-08 5.662528074232240583e-08
1.354114327006401895e-07 7.274821637217028931e-08 5.908925469397951551e-08 5.090483419536244330e-08
1.220184843188811800e-07 6.554788950117938276e-08 5.323785858740464117e-08 4.586131880080144394e-08
1.101777817981966889e-07 5.918253247135162469e-08 4.806526826590788184e-08 4.140311667769470359e-08
9.968347677024811308e-08 5.354137167275367366e-08 4.348140160452734447e-08 3.745252977951481615e-08
9.036037800290089382e-08 4.853013630533241045e-08 3.940959974785717620e-08 3.394344059583423879e-08
8.205889913805752754e-08 4.406833806445055480e-08 3.578441403669241937e-08 3.081940254963793444e-08
7.465091682228450826e-08 4.008704110866126105e-08 3.254979185195602171e-08 2.803207465774101818e-08
6.802636160023974929e-08 3.652702663426846355e-08 2.965758352119626615e-08 2.553993325875655560e-08
6.209040116481031825e-08 3.333727643331795307e-08 2.706630875152585768e-08 2.330720769869932124e-08
5.676110446071879718e-08 3.047371538085471683e-08 2.474013372296590849e-08 2.130299780047395285e-08
5.196749769286951078e-08 2.789816494644073269e-08 2.264801986284774537e-08 1.950053947699233605e-08
4.764794097601979114e-08 2.557746935097507842e-08 2.076301307382866840e-08 1.787659153842254179e-08
4.374876829391477051e-08 2.348276349375012269e-08 1.906164829430511389e-08 1.641092201431446849e-08
4.022314445941573022e-08 2.158885771198135541e-08 1.752344910133272366e-08 1.508587648114195515e-08
3.703010152685370289e-08 1.987371915296392921e-08 1.613050590516090919e-08 1.388601419907073103e-08
3.413372409745532726e-08 1.831803330345360612e-08 1.486711934757527476e-08 1.279780050531757270e-08
3.150245855809517283e-08 1.690483223648752671e-08 1.371949796996173368e-08 1.180934602907051272e-08
2.910852579656785609e-08 1.561917856088916335e-08 1.267550119013765986e-08 1.091018499574993195e-08
2.692742057116565373e-08 1.444789601602695491e-08 1.172442021954347496e-08 1.009108626272638320e-08
2.493748365655691485e-08 1.337933923988222454e-08 1.085679084236579747e-08 9.343891841810085015e-09
2.311953528116436655e-08 1.240319652720518293e-08 1.006423302666648958e-08 8.661378568622837923e-09
2.145656032307947924e-08 1.151032044555508268e-08 9.339313192678323996e-09 8.037139316835000688e-09
1.993343732856023970e-08 1.069258203694514455e-08 8.675425663029766332e-09 7.465480758937090517e-09
1.853670472795397587e-08 9.942745038599076212e-09 8.066690393848515151e-09 6.941335170671116995e-09
1.725435870301676116e-08 9.254357137355565164e-09 7.507864558375358350e-09 6.460184184105545459e-09
1.607567805062849705e-08 8.621655751992709191e-09 6.994265944987352524e-09 6.017992731076793302e-09
1.499107212571226069e-08 8.039486234973109802e-09 6.521706454669842686e-09 5.611151697532667604e-09
1.399194855879352528e-08 7.503230714931791442e-09 6.086434251275987463e-09 5.236428040801991139e-09
1.307059795368714610e-08 7.008746075817899447e-09 5.685083341276558440e-09 4.890921314528993502e-09
1.222009319655635066e-08 6.552309797801766724e-09 5.314629546141478866e-09 4.572025706863077273e-09
1.143420136388099612e-08 6.130572576858214356e-09 4.972351986506301428e-09 4.277396832092221297e-09
1.070730651576929637e-08 5.740516800833861500e-09 4.655799328149173147e-09 4.004922628814481222e-09
1.003434191239214216e-08 5.379420095101106834e-09 4.362760149849010156e-09 3.752697812678119699e-09
9.410730403170390506e-09 5.044823264933969816e-09 4.091236885944553104e-09 3.519001411733374160e-09
8.832331917312313704e-09 4.734502058069597658e-09 3.839422874761309641e-09 3.302276980026067857e-09
8.295397135818032276e-09 4.446442252471814293e-09 3.605682110401502708e-09 3.101115142280369445e-09
7.796526553624755796e-09 4.178817643504204753e-09 3.388531351665010450e-09 2.914238171060029448e-09
7.332634249869611779e-09 3.929970563546562352e-09 3.186624289711427069e-09 2.740486339065985026e-09
6.900915777367295876e-09 3.698394617203897908e-09 2.998737516830155015e-09 2.578805824384058179e-09
6.498819661892116339e-09 3.482719358036802401e-09 2.823758073475470959e-09 2.428237976504844253e-09
6.124022069843308036e-09 3.281696669329833367e-09 2.660672380477499034e-09 2.287909776601826718e-09
5.774404261133295950e-09 3.094188642766209618e-09 2.508556388835192093e-09 2.157025347543674465e-09
5.448032494154445951e-09 2.919156775790889184e-09 2.366566801383239793e-09 2.034858387993138865e-09
5.143140092695367481e-09 2.755652331590326206e-09 2.233933239446415907e-09 1.920745421178082910e-09
4.858111421736770754e-09 2.602807725557515730e-09 2.109951243809260482e-09 1.814079762904332224e-09
4.591467551039642481e-09 2.459828819319343566e-09 1.993976013321510233e-09 1.714306125447685092e-09
4.341853413085816658e-09 2.325988018278514741e-09 1.885416796554882604e-09 1.620915784393412495e-09
4.108026285870020941e-09 2.200618081501922927e-09 1.783731862398974959e-09 1.533442244522741191e-09
3.888845451803757969e-09 2.083106563956865026e-09 1.688423984565659160e-09 1.451457348677503278e-09
3.683262902024412105e-09 1.972890820797986235e-09 1.599036382859094051e-09 1.374567780336160179e-09
3.490314971090615023e-09 1.869453511847189965e-09 1.515149070929901636e-09 1.302411916551216356e-09
3.309114800712441398e-09 1.772318551761174117e-09 1.436375566209654607e-09 1.234656993052588028e-09
3.138845543089874611e-09 1.681047457795973699e-09 1.362359922936905689e-09 1.170996547818401013e-09
2.978754224852240292e-09 1.595236052682517099e-09 1.292774053742399103e-09 1.111148113343544780e-09
2.828146201708097802e-09 1.514511485031070840e-09 1.227315309247700172e-09 1.054851131273747095e-09
2.686380141902553237e-09 1.438529533978708523e-09 1.165704288624054223e-09 1.001865066084327711e-09
2.552863483587120844e-09 1.366972168563332275e-09 1.107682857122467950e-09 9.519676971247597533e-10
2.427048317363492256e-09 1.299545335618854272e-09 1.053012349277573737e-09 9.049535706707825170e-10
2.308427650678137695e-09 1.235976952898742338e-09 1.001471938855397114e-09 8.606325956670731201e-10
2.196532015514000979e-09 1.176015086700117923e-09 9.528571587001337680e-10 8.188287686410136549e-10
2.090926385031549352e-09 1.119426295522529857e-09 9.069785554736005841e-10 7.793790148531866158e-10
1.991207368524588404e-09 1.065994123292331770e-09 8.636604659040866929e-10 7.421321341494697317e-10
1.897000657338847067e-09 1.015517727448833796e-09 8.227399025961044535e-10 7.069478412164997005e-10
1.807958697305807841e-09 9.678106287502116803e-10 7.840655387219562684e-10 6.736958910366003611e-10
1.723758565818095449e-09 9.226995710411797601e-10 7.474967820409117011e-10 6.422552813079615363e-10
1.644100033955274185e-09 8.800234804517256277e-10 7.129029296892624813e-10 6.125135244557033428e-10
1.568703796095880330e-09 8.396325145860956341e-10 6.801623960703036510e-10 5.843659826230109189e-10
1.497309851253214844e-09 8.013871932299223860e-10 6.491620069605562923e-10 5.577152597101322271e-10
1.429676021975721330e-09 7.651576029653957940e-10 6.197963536490930497e-10 5.324706451328818107e-10
1.365576598080881737e-09 7.308226688521733369e-10 5.919672015507898483e-10 5.085476045101117412e-10
1.304801093765083142e-09 6.982694870163922163e-10 5.655829482907167063e-10 4.858673129691796039e-10
1.247153107768490438e-09 6.673927126011578241e-10 5.405581267534123445e-10 4.643562271864042328e-10
1.192449277289576098e-09 6.380939980778683639e-10 5.168129490344613392e-10 4.439456926618951632e-10
1.140518317252131926e-09 6.102814774059254741e-10 4.942728876284848070e-10 4.245715830700432793e-10
1.091200137340664084e-09 5.838692919654512515e-10 4.728682905428206037e-10 4.061739688330481353e-10
1.044345029948503256e-09 5.587771545791814284e-10 4.525340273443131205e-10 3.886968123390510005e-10
9.998129228362812048e-10 5.349299482908701302e-10 4.332091634319755432e-10 3.720876874723474466e-10
9.574726908848938234e-10 5.122573568827669388e-10 4.148366600844116069e-10 3.562975213438790499e-10
9.172015218539108400e-10 4.906935243978903465e-10 3.973630980609540894e-10 3.412803563084716853e-10
8.788843315301892387e-10 4.701767411874654135e-10 3.807384227423730434e-10 3.269931305335787063e-10
8.424132240778753732e-10 4.506491542330807352e-10 3.649157089832095678e-10 3.133954755447438541e-10
8.076869937849774384e-10 4.320564996994831907e-10 3.498509440154554702e-10 3.004495293174757059e-10
7.746106647480356579e-10 4.143478558600617449e-10 3.355028268945134709e-10 2.881197636155274098e-10
7.430950653487156545e-10 3.974754147048995972e-10 3.218325831147211751e-10 2.763728243930609497e-10
7.130564346583204929e-10 3.813942706928992755e-10 3.088037931449010226e-10 2.651773841843115030e-10
6.844160581610332851e-10 3.660622252464226997e-10 2.963822337456405646e-10 2.545040055002215571e-10
6.570999304173165832e-10 3.514396057107972583e-10 2.845357310306687341e-10 2.443250143382393759e-10
6.310384424974709618e-10 3.374890976131215516e-10 2.732340243257409263e-10 2.346143829899269385e-10
6.061660922044042183e-10 3.241755891563736531e-10 2.624486399609529384e-10 2.253476214021060336e-10
5.824212152759064815e-10 3.114660269768414491e-10 2.521527742071493044e-10 2.165016764116689339e-10
5.597457359121437254e-10 2.993292822763898657e-10 2.423211846349139126e-10 2.080548382326120894e-10
5.380849351151139989e-10 2.877360265168542413e-10 2.329300892361792291e-10 1.999866536268749748e-10
5.173872354549404412e-10 2.766586159326862455e-10 2.239570727044037817e-10 1.922778452387372727e-10
4.976040009943515927e-10 2.660709841805501513e-10 2.153809993200901253e-10 1.849102366163083298e-10
4.786893512086256751e-10 2.559485425014771387e-10 2.071819319346387013e-10 1.778666824834633507e-10
4.605999878347384746e-10 2.462680868229985036e-10 1.993410565876148598e-10 1.711310038618318791e-10
4.432950336712707985e-10 2.370077112758584992e-10 1.918406123308261793e-10 1.646879276754525022e-10
4.267358824307160006e-10 2.281467276429200689e-10 1.846638258675386156e-10 1.585230305007996385e-10
4.108860588188526630e-10 2.196655902971063992e-10 1.777948506470218213e-10 1.526226861523322099e-10
3.957110880824795529e-10 2.115458262210082260e-10 1.712187100836767341e-10 1.469740168187478705e-10
3.811783743276786306e-10 2.037699697334823614e-10 1.649212445965514440e-10 1.415648474879983173e-10
3.672570869664057255e-10 1.963215015784467376e-10 1.588890621893155552e-10 1.363836634200203687e-10
3.539180547000286629e-10 1.891847920583724944e-10 1.531094923129308713e-10 1.314195704452305794e-10
3.411336664949785443e-10 1.823450479199719108e-10 1.475705427735543159e-10 1.266622578843142192e-10
3.288777790482704833e-10 1.757882627224544930e-10 1.422608594667850959e-10 1.221019639008377626e-10
3.171256302796515078e-10 1.695011704396681828e-10 1.371696887363741246e-10 1.177294431128621886e-10
3.058537584229028546e-10 1.634712020666529095e-10 1.322868421711137244e-10 1.135359363031674810e-10
2.950399263216004477e-10 1.576864450187334792e-10 1.276026636679162623e-10 1.095131420800080976e-10
2.846630505647357128e-10 1.521356051274421080e-10 1.231079986022145209e-10 1.056531903516206212e-10
2.747031351252101216e-10 1.468079710523881721e-10 1.187941649588546966e-10 1.019486174880726897e-10
2.651412091896017856e-10 1.416933809418215546e-10 1.146529262877218081e-10 9.839234305357276363e-11
2.559592688909066374e-10 1.367821911871508509e-10 1.106764663584937070e-10 9.497764800110952442e-11
2.471402226774150370e-10 1.320652471281986409e-10 1.068573653982790807e-10 9.169815422934540010e-11
2.386678400706018898e-10 1.275338555765624196e-10 1.031885778044852133e-10 8.854780540908946152e-11
2.305267035830787035e-10 1.231797590342049826e-10 9.966341123318484435e-11 8.552084899349567011e-11
2.227021635843797919e-10 1.189951114933785500e-10 9.627550697053965257e-11 8.261181933240903947e-11
2.151802959177655453e-10 1.149724557122578317e-10 9.301882150155495790e-11 7.981552181706599801e-11
2.079478620854397795e-10 1.111047018682906254e-10 8.988760919663501842e-11 7.712701798668936534e-11
2.009922718326846412e-10 1.073851074983089456e-10 8.687640604212076815e-11 7.454161153343631889e-11
1.943015479735097532e-10 1.038072586409364081e-10 8.398001434626120241e-11 7.205483514669565295e-11
1.878642933115868404e-10 1.003650521028258509e-10 8.119348835694012153e-11 6.966243814192305501e-11
1.816696595205510617e-10 9.705267877579594455e-11 7.851212073197145650e-11 6.736037482307129232e-11
1.757073178572860081e-10 9.386460793705369795e-11 7.593142980693245328e-11 6.514479353124956395e-11
1.699674315906300722e-10 9.079557246942427602e-11 7.344714760934628501e-11 6.301202633555424618e-11
1.644406300360889513e-10 8.784055494288357393e-11 7.105520857157620462e-11 6.095857932507110054e-11
1.591179840946870691e-10 8.499477450273885510e-11 6.875173889808103206e-11 5.898112346387772564e-11
1.539909832010848491e-10 8.225367451355779903e-11 6.653304654572907702e-11 5.707648597349994327e-11
1.490515135925487180e-10 7.961291091141261778e-11 6.439561177868199044e-11 5.524164220969770327e-11
1.442918378163682705e-10 7.706834122023083187e-11 6.233607826197622876e-11 5.347370800270871157e-11
1.397045753988700368e-10 7.461601419102496398e-11 6.035124466035049474e-11 5.176993243216155678e-11
1.352826846043344287e-10 7.225216002554128448e-11 5.843805671111305522e-11 5.012769100980336073e-11
1.310194452169089998e-10 6.997318114843670738e-11 5.659359974192776468e-11 4.854447924498151495e-11
1.269084422830511728e-10 6.777564349447489211e-11 5.481509160633185570e-11 4.701790656948396585e-11
1.229435507561576298e-10 6.565626827944681423e-11 5.309987601159384327e-11 4.554569059988831842e-11
1.191189209888740997e-10 6.361192422557835661e-11 5.144541621519140232e-11 4.412565171700799750e-11
1.154289650221317337e-10 6.163962021409508045e-11 4.984928906773548519e-11 4.275570794335562186e-11
1.118683436232774674e-10 5.973649833939538463e-11 4.830917938161369794e-11 4.143387010078833613e-11
1.084319540287398323e-10 5.789982734093335789e-11 4.682287460596394457e-11 4.015823723165188231e-11
1.051149183495351924e-10 5.612699639044871570e-11 4.538825978983669818e-11 3.892699226781349161e-11
1.019125726005974624e-10 5.441550921361820096e-11 4.400331281656980035e-11 3.773839793297716387e-11
9.882045631738491577e-11 5.276297852652844900e-11 4.266609989347572325e-11 3.659079286460055556e-11
9.583430272554307805e-11 5.116712076861761558e-11 4.137477128195325816e-11 3.548258794260417753e-11
9.295002943155461106e-11 4.962575111488804952e-11 4.012755725407264792e-11 3.441226281286967161e-11
9.016372960431504878e-11 4.813677875126898359e-11 3.892276426255710987e-11 3.337836259427627553e-11
8.747166361945677451e-11 4.669820239801902567e-11 3.775877131190368378e-11 3.237949475873017698e-11
8.487025113998211702e-11 4.530810606699078115e-11 3.663402651914294489e-11 3.141432617429266213e-11
8.235606360840967672e-11 4.396465503946151843e-11 3.554704385345278169e-11 3.048158030212861888e-11
7.992581712715267653e-11 4.266609205204591894e-11 3.449640004449984825e-11 2.958003453856389050e-11
7.757636570528026635e-11 4.141073367897581140e-11 3.348073165000662168e-11 2.870851769407689327e-11
7.530469485113535897e-11 4.019696689974077374e-11 3.249873227361678933e-11 2.786590760154480764e-11
7.310791549153151430e-11 3.902324584175345780e-11 3.154914992467567076e-11 2.705112884653246878e-11
7.098325819940778752e-11 3.788808868832410940e-11 3.063078451204549358e-11 2.626315061284534707e-11
6.892806771291365356e-11 3.679007474281462703e-11 2.974248546455095094e-11 2.550098463697691096e-11
6.693979772990614622e-11 3.572784164038458952e-11 2.888314947109011220e-11 2.476368326545916758e-11
6.501600596279775255e-11 3.470008269925444496e-11 2.805171833386181389e-11 2.405033760948321669e-11
6.315434943958239515e-11 3.370554440388788368e-11 2.724717692854736493e-11 2.336007579148913783e-11
