5.777363635436098654e+00
5.754675894760114652e+00
5.689860722242918278e+00
5.591248318120237037e+00
5.469186663227731948e+00
5.333376150870965837e+00
5.191536617305093415e+00
5.049172688036189349e+00
4.909886136378458055e+00
4.775841289189779459e+00
4.648197011530674772e+00
4.527446068911020305e+00
4.413659981146801137e+00
4.306656792176736914e+00
4.206111954186947166e+00
4.111629503006838604e+00
4.022786470918256363e+00
3.939159701305343653e+00
3.860341315103180460e+00
3.785946989259744822e+00
3.715619769329919553e+00
3.649031173603522582e+00
3.585880709865491234e+00
3.525894511203559567e+00
3.468823529535909778e+00
3.414441554069786111e+00
3.362543213002398446e+00
3.312942048265342443e+00
3.265468710532301255e+00
3.219969295679057542e+00
3.176303828351368708e+00
3.134344889365351605e+00
3.093976378843355413e+00
3.055092404683828367e+00
3.017596285169790615e+00
2.981399654599555582e+00
2.946421661383033630e+00
2.912588248842396421e+00
2.879831509842385451e+00
2.848089107268513942e+00
2.817303753223248997e+00
2.787422740598487270e+00
2.758397521396807939e+00
2.730183326814055178e+00
2.702738824663242667e+00
2.676025810222596668e+00
2.650008927031700878e+00
2.624655414549970978e+00
2.599934879932933374e+00
2.575819091483626977e+00
2.552281791601211047e+00
2.529298527282968223e+00
2.506846496442312944e+00
2.484904408488101346e+00
2.463452357772534462e+00
2.442471708658308760e+00
2.421944991083791798e+00
2.401855805618210660e+00
2.382188737100594089e+00
2.362929276046579208e+00
2.344063747088014793e+00
2.325579243783048256e+00
2.307463569198845654e+00
2.289705181727864414e+00
2.272293145650437829e+00
2.255217086003747706e+00
2.238467147359402887e+00
2.222033956149858547e+00
2.205908586218405354e+00
2.190082527298078396e+00
2.174547656152910236e+00
2.159296210140062122e+00
2.144320762973922712e+00
2.129614202494047870e+00
2.115169710256989077e+00
2.100980742789159805e+00
2.087041014352743140e+00
2.073344481090535485e+00
2.059885326427902008e+00
2.046657947621281615e+00
2.033656943352885271e+00
2.020877102280315363e+00
2.008313392458259017e+00
1.995960951556965624e+00
1.983815077809028882e+00
1.971871221622136350e+00
1.960124977801261492e+00
1.948572078328680179e+00
1.937208385654935583e+00
1.926029886458066720e+00
1.915032685832197323e+00
1.904213001870031619e+00
1.893567160607093181e+00
1.883091591298123646e+00
1.872782821998912217e+00
1.862637475429131939e+00
1.852652265093701622e+00
1.842823991642446702e+00
1.833149539449367538e+00
1.823625873394524977e+00
1.814250035833053554e+00
1.805019143737021103e+00
1.795930385997251522e+00
1.786981020873119608e+00
1.778168373579551931e+00
1.769489834001131801e+00
1.760942854524366830e+00
1.752524947979532399e+00
1.744233685684632107e+00
1.736066695584272512e+00
1.728021660477051968e+00
1.720096316325539831e+00
1.712288450643325355e+00
1.704595900954183119e+00
1.697016553318652532e+00
1.689548340923855418e+00
1.682189242732545331e+00
1.674937282187845877e+00
1.667790525970265003e+00
1.660747082803929686e+00
1.653805102309227282e+00
1.646962773899125043e+00
1.640218325716797487e+00
1.633570023612264555e+00
1.627016170155948682e+00
1.620555103687182807e+00
1.614185197395890725e+00
1.607904858435722950e+00
1.601712527067080227e+00
1.595606675828590948e+00
1.589585808735649586e+00
1.583648460504755384e+00
1.577793195802454029e+00
1.572018608517779414e+00
1.566323321057152551e+00
1.560705983660737095e+00
1.555165273739382847e+00
1.549699895231233082e+00
1.544308577977234531e+00
1.538990077114777311e+00
1.533743172488726270e+00
1.528566668079182067e+00
1.523459391445332933e+00
1.518420193184792488e+00
1.513447946407826539e+00
1.508541546225961039e+00
1.503699909254441858e+00
1.498921973128052976e+00
1.494206696029827031e+00
1.489553056232229888e+00
1.484960051650370705e+00
1.480426699406844682e+00
1.475952035407850804e+00
1.471535113930182215e+00
1.467175007218767702e+00
1.462870805094427684e+00
1.458621614571521174e+00
1.454426559485171300e+00
1.450284780127799822e+00
1.446195432894665345e+00
1.442157689938161180e+00
1.438170738830581108e+00
1.434233782235149413e+00
1.430346037585028984e+00
1.426506736770114525e+00
1.422715125831372163e+00
1.418970464662509201e+00
1.415272026718781051e+00
1.411619098732739941e+00
1.408010980436695370e+00
1.404446984291765732e+00
1.400926435223282862e+00
1.397448670362420042e+00
1.394013038793836090e+00
1.390618901309229383e+00
1.387265630166579111e+00
1.383952608854984945e+00
1.380679231864910816e+00
1.377444904463726694e+00
1.374249042476379135e+00
1.371091072071094263e+00
1.367970429549951739e+00
1.364886561144208255e+00
1.361838922814283759e+00
1.358826980054241185e+00
1.355850207700681764e+00
1.352908089745942455e+00
1.350000119155458922e+00
1.347125797689230797e+00
1.344284635727256649e+00
1.341476152098844965e+00
1.338699873915726979e+00
1.335955336408844341e+00
1.333242082768748560e+00
1.330559663989502983e+00
1.327907638716030903e+00
1.325285573094781011e+00
1.322693040627680006e+00
1.320129622029257987e+00
1.317594905086876711e+00
1.315088484523997625e+00
1.312609961866409769e+00
1.310158945311339806e+00
1.307735049599384691e+00
1.305337895889207456e+00
1.302967111634894204e+00
1.300622330465965870e+00
1.298303192069934386e+00
1.296009342077357518e+00
1.293740431949347292e+00
1.291496118867456078e+00
1.289276065625899026e+00
1.287079940526041133e+00
1.284907417273120078e+00
1.282758174875123114e+00
1.280631897543805353e+00
1.278528274597759085e+00
1.276447000367517903e+00
1.274387774102638149e+00
1.272350299880703473e+00
1.270334286518226552e+00
1.268339447483392224e+00
1.266365500810595401e+00
1.264412169016747800e+00
1.262479179019308173e+00
1.260566262055986098e+00
1.258673153606092221e+00
1.256799593313498775e+00
1.254945324911169724e+00
1.253110096147227459e+00
1.251293658712508972e+00
1.249495768169606835e+00
1.247716183883337271e+00
1.245954668952601763e+00
1.244210990143636453e+00
1.242484917824588253e+00
1.240776225901411678e+00
1.239084691755039103e+00
1.237410096179817343e+00
1.235752223323153709e+00
1.234110860626377315e+00
1.232485798766764118e+00
1.230876831600709487e+00
1.229283756108028980e+00
1.227706372337349805e+00
1.226144483352582748e+00
1.224597895180433049e+00
1.223066416758960218e+00
1.221549859887115730e+00
1.220048039175290588e+00
1.218560771996809455e+00
1.217087878440366921e+00
1.215629181263398362e+00
1.214184505846337858e+00
1.212753680147768076e+00
1.211336534660426123e+00
1.209932902368066054e+00
1.208542618703137839e+00
1.207165521505285000e+00
1.205801450980627409e+00
1.204450249661820571e+00
1.203111762368886506e+00
1.201785836170772725e+00
1.200472320347645505e+00
1.199171066353902138e+00
1.197881927781866418e+00
1.196604760326186456e+00
1.195339421748881081e+00
1.194085771845061705e+00
1.192843672409277245e+00
1.191612987202500973e+00
1.190393581919725996e+00
1.189185324158163803e+00
1.187988083386034566e+00
1.186801730911936970e+00
1.185626139854776717e+00
1.184461185114263237e+00
1.183306743341930201e+00
1.182162692912710700e+00
1.181028913897016475e+00
1.179905288033331168e+00
1.178791698701312951e+00
1.177688030895376770e+00
1.176594171198764194e+00
1.175510007758074460e+00
1.174435430258273128e+00
1.173370329898131059e+00
1.172314599366129695e+00
1.171268132816776442e+00
1.170230825847367706e+00
1.169202575475150940e+00
1.168183280114908795e+00
1.167172839556929187e+00
1.166171154945388810e+00
1.165178128757094811e+00
1.164193664780626136e+00
1.163217668095836155e+00
1.162250045053714764e+00
1.161290703256607104e+00
1.160339551538787761e+00
1.159396499947366710e+00
1.158461459723534093e+00
1.157534343284136291e+00
1.156615064203568188e+00
1.155703537195987174e+00
1.154799678097831794e+00
1.153903403850645493e+00
1.153014632484202329e+00
1.152133283099914474e+00
1.151259275854538355e+00
1.150392531944153474e+00
1.149532973588418994e+00
1.148680524015101900e+00
1.147835107444867830e+00
1.146996649076334363e+00
1.146165075071377215e+00
1.145340312540688021e+00
1.144522289529576797e+00
1.143710935004018880e+00
1.142906178836930353e+00
1.142107951794683052e+00
1.141316185523842952e+00
1.140530812538135264e+00
1.139751766205622907e+00
1.138978980736105040e+00
1.138212391168725190e+00
1.137451933359785894e+00
1.136697543970765611e+00
1.135949160456536600e+00
1.135206721053779066e+00
1.134470164769584510e+00
1.133739431370251571e+00
1.133014461370261738e+00
1.132295196021444239e+00
1.131581577302307906e+00
1.130873547907563559e+00
1.130171051237802926e+00
1.129474031389355648e+00
1.128782433144308595e+00
1.128096201960689049e+00
1.127415283962808656e+00
1.126739625931759026e+00
1.126069175296065872e+00
1.125403880122495925e+00
1.124743689107005729e+00
1.124088551565843197e+00
1.123438417426787961e+00
1.122793237220532259e+00
1.122152962072203941e+00
1.121517543693019370e+00
1.120886934372075761e+00
1.120261086968267206e+00
1.119639954902336587e+00
1.119023492149048060e+00
1.118411653229484770e+00
1.117804393203472912e+00
1.117201667662117703e+00
1.116603432720461919e+00
1.116009645010260787e+00
1.115420261672865676e+00
1.114835240352224588e+00
1.114254539187986115e+00
1.113678116808718421e+00
1.113105932325225922e+00
1.112537945323976762e+00
1.111974115860628221e+00
1.111414404453653582e+00
1.110858772078068935e+00
1.110307180159251672e+00
1.109759590566863352e+00
1.109215965608856269e+00
1.108676268025580169e+00
1.108140460983972675e+00
1.107608508071843190e+00
1.107080373292242736e+00
1.106556021057917061e+00
1.106035416185848552e+00
1.105518523891880101e+00
1.105005309785415557e+00
1.104495739864206794e+00
1.103989780509216700e+00
1.103487398479557013e+00
1.102988560907509408e+00
1.102493235293614982e+00
1.102001389501837680e+00
1.101512991754804993e+00
1.101028010629113929e+00
1.100546415050711824e+00
1.100068174290343315e+00
1.099593257959064818e+00
1.099121636003825841e+00
1.098653278703118463e+00
1.098188156662687209e+00
1.097726240811302656e+00
1.097267502396600536e+00
1.096811912980980130e+00
1.096359444437561281e+00
1.095910068946201354e+00
1.095463758989574155e+00
1.095020487349300797e+00
1.094580227102140091e+00
1.094142951616232873e+00
1.093708634547403191e+00
1.093277249835509224e+00
1.092848771700851485e+00
1.092423174640628991e+00
1.092000433425450057e+00
1.091580523095889488e+00
1.091163418959099074e+00
1.090749096585463818e+00
1.090337531805307236e+00
1.089928700705646403e+00
1.089522579626985621e+00
1.089119145160164503e+00
1.088718374143247125e+00
1.088320243658453812e+00
1.087924731029137115e+00
1.087531813816805748e+00
1.087141469818181827e+00
1.086753677062305634e+00
1.086368413807680788e+00
1.085985658539455612e+00
1.085605389966649348e+00
1.085227587019413242e+00
1.084852228846331590e+00
1.084479294811759420e+00
1.084108764493198596e+00
1.083740617678711660e+00
1.083374834364364547e+00
1.083011394751717482e+00
1.082650279245333858e+00
1.082291468450341965e+00
1.081934943170014041e+00
1.081580684403388837e+00
1.081228673342924607e+00
1.080878891372180517e+00
1.080531320063536027e+00
1.080185941175933584e+00
1.079842736652662172e+00
1.079501688619161071e+00
1.079162779380861359e+00
1.078825991421050068e+00
1.078491307398770305e+00
1.078158710146742916e+00
1.077828182669320567e+00
1.077499708140469803e+00
1.077173269901775754e+00
1.076848851460479706e+00
1.076526436487538207e+00
1.076206008815709936e+00
1.075887552437670092e+00
1.075571051504145226e+00
1.075256490322078262e+00
1.074943853352814838e+00
1.074633125210313622e+00
1.074324290659381953e+00
1.074017334613934560e+00
1.073712242135273165e+00
1.073408998430392058e+00
1.073107588850304328e+00
1.072807998888389402e+00
1.072510214178763022e+00
1.072214220494669856e+00
1.071920003746895445e+00
1.071627549982198779e+00
1.071336845381767766e+00
1.071047876259690890e+00
1.070760629061452196e+00
1.070475090362445147e+00
1.070191246866504020e+00
1.069909085404456395e+00
1.069628592932692523e+00
1.069349756531755125e+00
1.069072563404945830e+00
1.068797000876949621e+00
1.068523056392479020e+00
1.068250717514931614e+00
1.067979971925069105e+00
1.067710807419710362e+00
1.067443211910442225e+00
1.067177173422347636e+00
1.066912680092746646e+00
1.066649720169958515e+00
1.066388282012074029e+00
1.066128354085748242e+00
1.065869924965004767e+00
1.065612983330057828e+00
1.065357517966145418e+00
1.065103517762383989e+00
1.064850971710629590e+00
1.064599868904357649e+00
1.064350198537557635e+00
1.064101949903638378e+00
1.063855112394348934e+00
1.063609675498713214e+00
1.063365628801975937e+00
1.063122961984565906e+00
1.062881664821064387e+00
1.062641727179195472e+00
1.062403139018823772e+00
