1.259220133955900565e+02
1.854117390902633744e+01
8.509261059901323421e+00
6.217037610584756457e+00
5.333520945039375682e+00
4.880091508596022365e+00
4.597767098332390390e+00
4.395729138031445160e+00
4.236170627702041003e+00
4.101462308215043429e+00
3.982698361061168590e+00
3.875095636528168797e+00
3.775946737402042785e+00
3.683638149619698154e+00
3.597152440325898759e+00
3.515805504805516346e+00
3.439103860467673357e+00
3.366665628480215666e+00
3.298176256540586326e+00
3.233363562667828539e+00
3.171983653711030193e+00
3.113812996471742256e+00
3.058643964090878242e+00
3.006282327257764564e+00
2.956545813380264232e+00
2.909263233388364789e+00
2.864273894109107488e+00
2.821427140841111569e+00
2.780581947978834734e+00
2.741606517383066155e+00
2.704377867603679597e+00
2.668781409675877736e+00
2.634710511564184898e+00
2.602066056111192349e+00
2.570755998157845390e+00
2.540694926275792298e+00
2.511803633836581895e+00
2.484008703246225913e+00
2.457242106263805681e+00
2.431440822487259901e+00
2.406546477363164627e+00
2.382505000472229462e+00
2.359266304353183408e+00
2.336783983743821125e+00
2.315015034825265161e+00
2.293919593838881887e+00
2.273460694292084305e+00
2.253604041866585916e+00
2.234317806080518665e+00
2.215572427724864291e+00
2.197340441088456053e+00
2.179596309997046344e+00
2.162316276717213270e+00
2.145478222810250024e+00
2.129061541062104546e+00
2.113047017660575122e+00
2.097416723837994823e+00
2.082153916246088698e+00
2.067242945377167906e+00
2.052669171392995651e+00
2.038418886767935589e+00
2.024479245196362243e+00
2.010838196255784638e+00
1.997484425355882776e+00
1.984407298540484366e+00
1.971596811743667965e+00
1.959043544133055592e+00
1.946738615203149170e+00
1.934673645308903067e+00
1.922840719355298766e+00
1.911232353381882465e+00
1.899841463803273012e+00
1.888661339086084467e+00
1.877685613661337349e+00
1.866908243888064423e+00
1.856323485899361359e+00
1.845925875176152697e+00
1.835710207707047736e+00
1.825671522604397357e+00
1.815805086057725060e+00
1.806106376515517642e+00
1.796571070995551356e+00
1.787195032432282504e+00
1.777974297977533258e+00
1.768905068177528683e+00
1.759983696955921939e+00
1.751206682338271925e+00
1.742570657858640848e+00
1.734072384594175009e+00
1.725708743777672804e+00
1.717476729942613911e+00
1.709373444558548893e+00
1.701396090118511006e+00
1.693541964642959918e+00
1.685808456567956082e+00
1.678193039987602830e+00
1.670693270223535976e+00
1.663306779696179349e+00
1.656031274074715398e+00
1.648864528684443664e+00
1.641804385152111578e+00
1.634848748271044094e+00
1.627995583069725249e+00
1.621242912068473485e+00
1.614588812710290533e+00
1.608031414952925786e+00
1.601568899010296532e+00
1.595199493232349441e+00
1.588921472113229649e+00
1.582733154418507038e+00
1.576632901422887256e+00
1.570619115250456943e+00
1.564690237310266463e+00
1.558844746820430505e+00
1.553081159414622547e+00
1.547398025825157397e+00
1.541793930637428423e+00
1.536267491110780981e+00
1.530817356061318080e+00
1.525442204802438306e+00
1.520140746139282406e+00
1.514911717413472525e+00
1.509753883594870949e+00
1.504666036417284136e+00
1.499646993555286745e+00
1.494695597839513335e+00
1.489810716508030541e+00
1.484991240491500886e+00
1.480236083730050556e+00
1.475544182519909153e+00
1.470914494888027058e+00
1.466345999992969773e+00
1.461837697550569137e+00
1.457388607282862569e+00
1.452997768388996302e+00
1.448664239036827395e+00
1.444387095874067661e+00
1.440165433557892838e+00
1.435998364302006003e+00
1.431885017440210461e+00
1.427824539005612126e+00
1.423816091324655808e+00
1.419858852625190515e+00
1.415952016657900936e+00
1.412094792330395254e+00
1.408286403353344207e+00
1.404526087898097408e+00
1.400813098265194956e+00
1.397146700563314026e+00
1.393526174398116435e+00
1.389950812570587058e+00
1.386419920784412563e+00
1.382932817362030997e+00
1.379488832968941647e+00
1.376087310345954329e+00
1.372727604049039263e+00
1.369409080196454465e+00
1.366131116222864428e+00
1.362893100640190092e+00
1.359694432804870345e+00
1.356534522691380085e+00
1.353412790671661758e+00
1.350328667300354057e+00
1.347281593105519315e+00
1.344271018384737726e+00
1.341296403006325688e+00
1.338357216215544598e+00
1.335452936445593597e+00
1.332583051133247709e+00
1.329747056538984173e+00
1.326944457571424651e+00
1.324174767616001391e+00
1.321437508367658165e+00
1.318732209667513366e+00
1.316058409343312530e+00
1.313415653053590759e+00
1.310803494135425629e+00
1.308221493455660189e+00
1.305669219265502612e+00
1.303146247058416307e+00
1.300652159431186172e+00
1.298186545948080806e+00
1.295749003008034528e+00
1.293339133714740852e+00
1.290956547749606109e+00
1.288600861247458873e+00
1.286271696674967657e+00
1.283968682711672304e+00
1.281691454133577768e+00
1.279439651699229463e+00
1.277212922038224896e+00
1.275010917542067634e+00
1.272833296257349645e+00
1.270679721781156513e+00
1.268549863158681346e+00
1.266443394782953424e+00
1.264359996296668953e+00
1.262299352496043525e+00
1.260261153236649223e+00
1.258245093341191723e+00
1.256250872509170557e+00
1.254278195228391457e+00
1.252326770688273694e+00
1.250396312694920686e+00
1.248486539587908783e+00
1.246597174158755816e+00
1.244727943571023232e+00
1.242878579282030715e+00
1.241048816966132229e+00
1.239238396439520828e+00
1.237447061586531838e+00
1.235674560287413515e+00
1.233920644347513473e+00
1.232185069427885749e+00
1.230467594977239898e+00
1.228767984165249683e+00
1.227086003817155158e+00
1.225421424349649513e+00
1.223774019708013361e+00
1.222143567304479816e+00
1.220529847957793734e+00
1.218932645833937789e+00
1.217351748388015409e+00
1.215786946307244820e+00
1.214238033455058430e+00
1.212704806816278014e+00
1.211187066443333293e+00
1.209684615403516128e+00
1.208197259727247008e+00
1.206724808357316991e+00
1.205267073099101083e+00
1.203823868571722411e+00
1.202395012160132559e+00
1.200980323968107166e+00
1.199579626772121266e+00
1.198192745976099705e+00
1.196819509567019324e+00
1.195459748071340478e+00
1.194113294512256340e+00
1.192779984367744905e+00
1.191459655529400363e+00
1.190152148262037635e+00
1.188857305164042311e+00
1.187574971128457557e+00
1.186304993304799549e+00
1.185047221061569012e+00
1.183801505949463984e+00
1.182567701665264925e+00
1.181345664016389296e+00
1.180135250886096054e+00
1.178936322199325870e+00
1.177748739889167062e+00
1.176572367863941260e+00
1.175407071974878814e+00
1.174252719984391957e+00
1.173109181534921053e+00
1.171976328118343513e+00
1.170854033045947151e+00
1.169742171418931997e+00
1.168640620099455685e+00
1.167549257682198416e+00
1.166467964466439744e+00
1.165396622428634066e+00
1.164335115195477055e+00
1.163283328017464591e+00
1.162241147742908431e+00
1.161208462792429952e+00
1.160185163133902186e+00
1.159171140257829746e+00
1.158166287153182372e+00
1.157170498283641935e+00
1.156183669564278871e+00
1.155205698338634068e+00
1.154236483356209098e+00
1.153275924750349901e+00
1.152323924016523504e+00
1.151380383990969314e+00
1.150445208829727894e+00
1.149518303988038559e+00
1.148599576200090899e+00
1.147688933459134919e+00
1.146786284997931782e+00
1.145891541269546954e+00
1.145004613928476855e+00
1.144125415812101698e+00
1.143253860922454290e+00
1.142389864408312361e+00
1.141533342547589536e+00
1.140684212730034952e+00
1.139842393440227974e+00
1.139007804240863564e+00
1.138180365756324974e+00
1.137359999656536669e+00
1.136546628641089685e+00
1.135740176423639669e+00
1.134940567716572257e+00
1.134147728215920914e+00
1.133361584586549453e+00
1.132582064447577475e+00
1.131809096358053379e+00
1.131042609802873411e+00
1.130282535178932068e+00
1.129528803781505886e+00
1.128781347790865919e+00
1.128040100259116718e+00
1.127304995097249796e+00
1.126575967062420247e+00
1.125852951745425434e+00
1.125135885558399718e+00
1.124424705722713913e+00
1.123719350257064598e+00
1.123019757965774579e+00
1.122325868427274331e+00
1.121637621982783273e+00
1.120954959725166011e+00
1.120277823487983992e+00
1.119606155834716565e+00
1.118939900048163238e+00
1.118279000120017797e+00
1.117623400740614281e+00
1.116973047288837062e+00
1.116327885822195887e+00
1.115687863067062802e+00
1.115052926409066725e+00
1.114423023883644559e+00
1.113798104166741743e+00
1.113178116565664233e+00
1.112563011010081260e+00
1.111952738043164635e+00
1.111347248812880828e+00
1.110746495063410277e+00
1.110150429126714355e+00
1.109559003914230235e+00
1.108972172908702536e+00
1.108389890156138646e+00
1.107812110257902161e+00
1.107238788362918891e+00
1.106669880160015218e+00
1.106105341870376346e+00
1.105545130240118912e+00
1.104989202532984160e+00
1.104437516523148810e+00
1.103890030488137830e+00
1.103346703201862233e+00
1.102807493927757010e+00
1.102272362412025863e+00
1.101741268876996749e+00
1.101214174014575331e+00
1.100691038979803249e+00
1.100171825384515190e+00
1.099656495291092995e+00
1.099145011206320799e+00
1.098637336075327653e+00
1.098133433275629622e+00
1.097633266611261371e+00
1.097136800306998117e+00
1.096643999002663294e+00
1.096154827747529037e+00
1.095669251994795701e+00
1.095187237596163765e+00
1.094708750796476560e+00
1.094233758228455367e+00
1.093762226907511348e+00
1.093294124226631192e+00
1.092829417951345583e+00
1.092368076214772943e+00
1.091910067512735782e+00
1.091455360698949439e+00
1.091003924980288975e+00
1.090555729912120020e+00
1.090110745393703784e+00
1.089668941663670898e+00
1.089230289295557874e+00
1.088794759193418837e+00
1.088362322587491882e+00
1.087932951029939144e+00
1.087506616390643277e+00
1.087083290853072759e+00
1.086662946910199157e+00
1.086245557360484559e+00
1.085831095303920302e+00
1.085419534138128306e+00
1.085010847554518598e+00
1.084605009534501896e+00
1.084201994345758813e+00
1.083801776538563244e+00
1.083404330942159266e+00
1.083009632661191324e+00
1.082617657072185713e+00
1.082228379820081576e+00
1.081841776814815637e+00
1.081457824227954223e+00
1.081076498489372151e+00
1.080697776283983780e+00
1.080321634548517595e+00
1.079948050468337417e+00
1.079577001474311571e+00
1.079208465239723802e+00
1.078842419677231490e+00
1.078478842935862936e+00
1.078117713398062616e+00
1.077759009676775959e+00
1.077402710612572312e+00
1.077048795270815873e+00
1.076697242938869481e+00
1.076348033123342374e+00
1.076001145547376581e+00
1.075656560147967733e+00
1.075314257073328061e+00
1.074974216680285144e+00
1.074636419531713516e+00
1.074300846394009135e+00
1.073967478234592265e+00
1.073636296219449004e+00
1.073307281710706773e+00
1.072980416264241788e+00
1.072655681627322055e+00
1.072333059736281458e+00
1.072012532714224697e+00
1.071694082868768438e+00
1.071377692689808869e+00
1.071063344847321908e+00
1.070751022189194712e+00
1.070440707739085173e+00
1.070132384694310934e+00
1.069826036423769278e+00
1.069521646465882103e+00
1.069219198526571546e+00
1.068918676477263574e+00
1.068620064352915122e+00
1.068323346350071645e+00
1.068028506824949542e+00
1.067735530291545887e+00
1.067444401419769484e+00
1.067155105033603668e+00
1.066867626109287537e+00
1.066581949773525828e+00
1.066298061301720113e+00
1.066015946116226409e+00
1.065735589784634563e+00
1.065456978018068490e+00
1.065180096669513965e+00
1.064904931732164162e+00
1.064631469337790293e+00
1.064359695755130675e+00
1.064089597388305330e+00
1.063821160775248575e+00
1.063554372586160479e+00
1.063289219621985859e+00
1.063025688812904157e+00
1.062763767216846400e+00
1.062503442018028377e+00
1.062244700525504015e+00
1.061987530171734972e+00
1.061731918511184203e+00
1.061477853218923517e+00
1.061225322089260237e+00
1.060974313034382055e+00
1.060724814083020773e+00
1.060476813379130689e+00
1.060230299180586533e+00
1.059985259857896045e+00
1.059741683892931441e+00
1.059499559877675301e+00
1.059258876512984004e+00
1.059019622607365596e+00
1.058781787075774972e+00
1.058545358938423053e+00
1.058310327319601729e+00
1.058076681446524558e+00
1.057844410648180578e+00
1.057613504354204315e+00
1.057383952093758683e+00
1.057155743494434308e+00
1.056928868281159506e+00
1.056703316275126925e+00
1.056479077392732391e+00
1.056256141644527746e+00
1.056034499134185900e+00
1.055814140057479422e+00
1.055595054701272906e+00
1.055377233442526874e+00
1.055160666747312570e+00
1.054945345169844284e+00
1.054731259351516348e+00
1.054518400019959889e+00
1.054306757988104026e+00
1.054096324153254161e+00
1.053887089496180041e+00
1.053679045080212928e+00
1.053472182050357420e+00
1.053266491632412594e+00
1.053061965132101596e+00
1.052858593934218323e+00
1.052656369501776323e+00
1.052455283375175688e+00
1.052255327171375265e+00
1.052056492583076208e+00
1.051858771377917279e+00
1.051662155397677045e+00
