7.491075525376040822e+00
7.352567301927335208e+00
6.661041178991544243e+00
5.795956983698507869e+00
4.988265490907564548e+00
4.294073504632726745e+00
3.713183382816380718e+00
3.230298025505993209e+00
2.828182648192899329e+00
2.491544429493969037e+00
2.207838931914142488e+00
1.967095270718504096e+00
1.761468505317016486e+00
1.584762784058650009e+00
1.432015587439237736e+00
1.299175802055151596e+00
1.182877771238646014e+00
1.080295265344540345e+00
9.890516937114365303e-01
9.071635957247683457e-01
8.329998038663927185e-01
7.652452590105136565e-01
7.028641565555662218e-01
6.450610729731708348e-01
5.912409679816024166e-01
5.409698677407315248e-01
4.939380838402565033e-01
4.499274187289390992e-01
4.087832408468483614e-01
3.703917592990111918e-01
3.346623778800838500e-01
3.015146918877501525e-01
2.708695037951318052e-01
2.426431536052151561e-01
2.167444589698842849e-01
1.930736122332144256e-01
1.715224639448531818e-01
1.519757178520428631e-01
1.343126588197806337e-01
1.184091248359327025e-01
1.041395129502567379e-01
9.137867488183597231e-02
8.000361099491030969e-02
6.989491230764965923e-02
6.093793063442183577e-02
5.302367856101584953e-02
4.604947540676744555e-02
3.991936420196387503e-02
3.454432937249721225e-02
2.984234642617205821e-02
2.573829440907630245e-02
2.216375997948940441e-02
1.905675919088802364e-02
1.636139989897895247e-02
1.402750440626129337e-02
1.201020873374273115e-02
1.026955189344353273e-02
8.770065803542321722e-03
7.480374077449192596e-03
6.372805838028461345e-03
5.423028949238966820e-03
4.609705598354474007e-03
3.914171974588660785e-03
3.320142843111593880e-03
2.813441075180991933e-03
2.381751634524874144e-03
2.014399108396457659e-03
1.702147582757498065e-03
1.437021471674538751e-03
1.212145801076538196e-03
1.021604399266361251e-03
8.603144464419357641e-04
7.239158708564491247e-04
6.086741401929056990e-04
5.113950752078489466e-04
4.293504023027823967e-04
3.602128573836369061e-04
3.019997513000763031e-04
2.530240044057507432e-04
2.118517522192987464e-04
1.772657142960834271e-04
1.482336032475594918e-04
1.238809297689299647e-04
1.034676322607563952e-04
8.636802609207177824e-05
7.205362785674666480e-05
6.007846434892048326e-05
5.006652473789977031e-05
4.170105792127382853e-05
3.471545567002200109e-05
2.888549635519815261e-05
2.402275416496466460e-05
1.996900517446018630e-05
1.659148479242989144e-05
1.377887132861546481e-05
1.143788803050301665e-05
9.490431226955225519e-06
7.871145462892161876e-06
6.525377961026004142e-06
5.407454626368359220e-06
