8.136524369751517725e+02
4.037204532353005106e+02
2.691010559314327679e+02
1.997802972061564617e+02
1.566913684039766679e+02
1.272738415828385143e+02
1.059732791805072623e+02
8.989833309861288058e+01
7.738288717777119530e+01
6.739695844602751151e+01
5.927014012554166555e+01
5.254848576853478193e+01
4.691440066834186240e+01
4.213877113823890141e+01
3.805103668952182971e+01
3.452015366537758467e+01
3.144258053437206613e+01
2.873484358774504344e+01
2.632899001413825602e+01
2.416974070955699361e+01
2.221255226165393637e+01
2.042210914612690331e+01
1.877099367043986788e+01
1.723842924331682269e+01
1.580907714203368108e+01
1.447190628831775783e+01
1.321916640842959545e+01
1.204549043254248808e+01
1.094714106169206325e+01
9.921404541236324093e+00
8.966124649423193205e+00
8.079362824592490000e+00
7.259166277564664149e+00
6.503424412679656541e+00
5.809794266830199838e+00
5.175677324193419082e+00
4.598232421497900901e+00
4.074412097990128601e+00
3.601012366239487061e+00
3.174728294814880947e+00
2.792209898283532166e+00
2.450114583297003712e+00
2.145153803324668651e+00
1.874132656258906904e+00
1.633981959629730474e+00
1.421782903592878622e+00
1.234784757808914835e+00
1.070416336708936988e+00
9.262920449664062694e-01
8.002133618392567316e-01
6.901666041574764376e-01
5.943177525289281560e-01
5.110050486153634441e-01
4.387299840134650242e-01
3.761472111435950061e-01
3.220538189039444665e-01
2.753783340869350171e-01
2.351697356483050949e-01
2.005867038005916259e-01
1.708872697760616399e-01
1.454189846836751732e-01
1.236096865748880641e-01
1.049589128620899980e-01
8.902997974881451948e-02
7.544273046615702916e-02
6.386693902904727604e-02
5.401634515124121433e-02
4.564328818473741001e-02
3.853390285392457870e-02
3.250383659455584329e-02
2.739444701841936211e-02
2.306943801483488099e-02
1.941189394439078383e-02
1.632167301162458506e-02
1.371312300570227266e-02
1.151308499943197623e-02
9.659153162190587533e-03
8.098161467681993381e-03
6.784870684709014450e-03
5.680831571187952740e-03
4.753402608252499904e-03
3.974902885775886442e-03
3.321882866879156525e-03
2.774497709046432146e-03
2.315969601598976552e-03
1.932127196308110022e-03
1.611011665949317476e-03
1.342540232943309096e-03
1.118219176631635474e-03
9.308993637295870371e-04
7.745682629222211055e-04
6.441732122154916534e-04
5.354714170114932992e-04
4.449027779521644971e-04
3.694821897783314205e-04
3.067084245197547899e-04
2.544871223058481932e-04
2.110657682966585787e-04
1.749788413160003231e-04
1.450015846942440741e-04
