1.054300828944603010e-19
1.044306799598620233e-19
1.030227255746963616e-19
1.013526968845846159e-19
9.952413664475870854e-20
9.760976653463515482e-20
9.566007989185953076e-20
9.370957463797408768e-20
9.178137935922929949e-20
8.989068719352033569e-20
8.804722970122654078e-20
8.625699552132797434e-20
8.452339694414488773e-20
8.284805825667216107e-20
8.123135428060234666e-20
7.967278522015246470e-20
7.817124279332990028e-20
7.672520233047517995e-20
7.533286304912369833e-20
7.399225115461577048e-20
7.270129576338005353e-20
7.145788468596931414e-20
7.025990514835666038e-20
6.910527318515148650e-20
6.799195448646337282e-20
6.691797879064144768e-20
6.588144940718240337e-20
6.488054907528086721e-20
6.391354307837304731e-20
6.297878031888270279e-20
6.207469289265431416e-20
6.119979457642409782e-20
6.035267854477917209e-20
5.953201455838791360e-20
5.873654580763139651e-20
5.796508555118541592e-20
5.721651365459338692e-20
5.648977310716373261e-20
5.578386657485589722e-20
5.509785303086064825e-20
5.443084449325746121e-20
5.378200288968777268e-20
5.315053706173642529e-20
5.253569991622238083e-20
5.193678572644747863e-20
5.135312758336249985e-20
5.078409499434223227e-20
5.022909162562003120e-20
4.968755318329919678e-20
4.915894542709368940e-20
4.864276231048157225e-20
4.813852424070890579e-20
4.764577645199778822e-20
4.716408748535915022e-20
4.669304776853976330e-20
4.623226828983895331e-20
4.578137935976544389e-20
4.534002945478577225e-20
4.490788413769873461e-20
4.448462504947284660e-20
4.406994896768058932e-20
4.366356692695991951e-20
4.326520339722104567e-20
4.287459551559555096e-20
4.249149236839105934e-20
4.211565431956753997e-20
4.174685238249292283e-20
4.138486763196143525e-20
4.102949065367188383e-20
4.068052102856064006e-20
4.033776684957270293e-20
4.000104426862841797e-20
3.967017707170162959e-20
3.934499628008154907e-20
3.902533977602607397e-20
3.871105195114571512e-20
3.840198337597839240e-20
3.809799048932561982e-20
3.779893530602617777e-20
3.750468514193570030e-20
3.721511235497236996e-20
3.693009410116982599e-20
3.664951210475346648e-20
3.637325244132676036e-20
3.610120533332111088e-20
3.583326495691820692e-20
3.556932925971553050e-20
3.530929978845123717e-20
3.505308152615549443e-20
3.480058273813966597e-20
3.455171482627212843e-20
3.430639219103172758e-20
3.406453210086119504e-20
3.382605456837703817e-20
3.359088223302156930e-20
3.335894024977190034e-20
3.313015618354390026e-20
3.290445990895625632e-20
3.268178351513946060e-20
3.246206121529607183e-20
3.224522926073823455e-20
3.203122585914495308e-20
3.181999109679938385e-20
3.161146686458131202e-20
3.140559678750338130e-20
3.120232615759491503e-20
3.100160186994721143e-20
3.080337236174787012e-20
3.060758755414024115e-20
3.041419879675672690e-20
3.022315881478109473e-20
3.003442165840616508e-20
2.984794265455940840e-20
2.966367836077827717e-20
2.948158652112250975e-20
2.930162602401884609e-20
2.912375686193806124e-20
2.894794009281194407e-20
2.877413780310137578e-20
2.860231307243321073e-20
2.843242993972723726e-20
2.826445337073984054e-20
2.809834922695455244e-20
2.793408423575410920e-20
2.777162596181126772e-20
2.761094277964049406e-20
2.745200384725481082e-20
2.729477908087511703e-20
2.713923913064294770e-20
2.698535535728954177e-20
2.683309980971659722e-20
2.668244520344699875e-20
2.653336489990579587e-20
2.638583288649309929e-20
2.623982375741372332e-20
2.609531269522971705e-20
2.595227545310287199e-20
2.581068833769728197e-20
2.567052819271319587e-20
2.553177238302366224e-20
2.539439877938891989e-20
2.525838574372283523e-20
2.512371211488846770e-20
2.499035719499954405e-20
2.485830073620717353e-20
2.472752292795106437e-20
2.459800438465617474e-20
2.446972613385571642e-20
2.434266960472426421e-20
2.421681661700261154e-20
2.409214937029987060e-20
2.396865043375667530e-20
2.384630273605564745e-20
2.372508955576478106e-20
2.360499451200095822e-20
2.348600155540083143e-20
2.336809495938711955e-20
2.325125931171869541e-20
2.313547950631394798e-20
2.302074073533626652e-20
2.290702848153239636e-20
2.279432851081339266e-20
2.268262686506949031e-20
2.257190985521027164e-20
2.246216405442089331e-20
2.235337629162760158e-20
2.224553364516375503e-20
2.213862343662976724e-20
2.203263322493950969e-20
2.192755080054667771e-20
2.182336417984436677e-20
2.172006159973214745e-20
2.161763151234404591e-20
2.151606257993256677e-20
2.141534366990238483e-20
2.131546384998925793e-20
2.121641238357863291e-20
2.111817872515923825e-20
2.102075251590739307e-20
2.092412357939682972e-20
2.082828191743051192e-20
2.073321770598990757e-20
2.063892129129796057e-20
2.054538318599181070e-20
2.045259406540177351e-20
2.036054476393295436e-20
2.026922627154631856e-20
2.017862973033561878e-20
2.008874643119743205e-20
1.999956781059103843e-20
1.991108544738555930e-20
1.982329105979108738e-20
1.973617650237158133e-20
1.964973376313683498e-20
1.956395496071074640e-20
1.947883234157390080e-20
1.939435827737794850e-20
1.931052526232949390e-20
1.922732591064149736e-20
1.914475295405008042e-20
1.906279923939460686e-20
1.898145772625933337e-20
1.890072148467451718e-20
1.882058369287559364e-20
1.874103763511800403e-20
1.866207669954695453e-20
1.858369437611946121e-20
1.850588425457796178e-20
1.842864002247362833e-20
1.835195546323772308e-20
1.827582445430009417e-20
1.820024096525314152e-20
1.812519905605982634e-20
1.805069287530486946e-20
1.797671665848738745e-20
1.790326472635434024e-20
1.783033148327316549e-20
1.775791141564279005e-20
1.768599909034183002e-20
1.761458915321291091e-20
1.754367632758225648e-20
1.747325541281340864e-20
1.740332128289410342e-20
1.733386888505581856e-20
1.726489323842433762e-20
1.719638943270121314e-20
1.712835262687516309e-20
1.706077804796191379e-20
1.699366098977284160e-20
1.692699681171066482e-20
1.686078093759214078e-20
1.679500885449647708e-20
1.672967611163943600e-20
1.666477831927188306e-20
1.660031114760230752e-20
1.653627032574310695e-20
1.647265164067910732e-20
1.640945093625895345e-20
1.634666411220757344e-20
1.628428712316008704e-20
1.622231597771611385e-20
1.616074673751421356e-20
1.609957551632574488e-20
1.603879847916791768e-20
1.597841184143519556e-20
1.591841186804907299e-20
1.585879487262522197e-20
1.579955721665810443e-20
1.574069530872224099e-20
1.568220560368982591e-20
1.562408460196450797e-20
1.556632884873053957e-20
1.550893493321734831e-20
1.545189948797877585e-20
1.539521918818697171e-20
1.533889075094033449e-20
1.528291093458528958e-20
1.522727653805155446e-20
1.517198440020054244e-20
1.511703139918670318e-20
1.506241445183128257e-20
1.500813051300846258e-20
1.495417657504338482e-20
1.490054966712196131e-20
1.484724685471201521e-20
1.479426523899565506e-20
1.474160195631250351e-20
1.468925417761362394e-20
1.463721910792586518e-20
1.458549398582635047e-20
1.453407608292691803e-20
1.448296270336831469e-20
1.443215118332389580e-20
1.438163889051259664e-20
1.433142322372096476e-20
1.428150161233418402e-20
1.423187151587566898e-20
1.418253042355522971e-20
1.413347585382550001e-20
1.408470535394654790e-20
1.403621649955844247e-20
1.398800689426147646e-20
1.394007416920419474e-20
1.389241598267872938e-20
1.384503001972347127e-20
1.379791399173284963e-20
1.375106563607418930e-20
1.370448271571117940e-20
1.365816301883434155e-20
1.361210435849772426e-20
1.356630457226222970e-20
1.352076152184515619e-20
1.347547309277582532e-20
1.343043719405724423e-20
1.338565175783375934e-20
1.334111473906430573e-20
1.329682411520147805e-20
1.325277788587598494e-20
1.320897407258667207e-20
1.316541071839568512e-20
1.312208588762897707e-20
1.307899766558190729e-20
1.303614415822963579e-20
1.299352349194273114e-20
1.295113381320729368e-20
1.290897328834992522e-20
1.286704010326726077e-20
1.282533246315999309e-20
1.278384859227136901e-20
1.274258673363000108e-20
1.270154514879690568e-20
1.266072211761672252e-20
1.262011593797308541e-20
1.257972492554787355e-20
1.253954741358446803e-20
1.249958175265491296e-20
1.245982631043072227e-20
1.242027947145749778e-20
1.238093963693317937e-20
1.234180522448973186e-20
1.230287466797853170e-20
1.226414641725900966e-20
1.222561893799075428e-20
1.218729071142887122e-20
1.214916023422263484e-20
1.211122601821723478e-20
1.207348659025872438e-20
1.203594049200198440e-20
1.199858627972170506e-20
1.196142252412629603e-20
1.192444781017474104e-20
1.188766073689623457e-20
1.185105991721262458e-20
1.181464397776361038e-20
1.177841155873463063e-20
1.174236131368733490e-20
1.170649190939270481e-20
1.167080202566671660e-20
1.163529035520845009e-20
1.159995560344068191e-20
1.156479648835289665e-20
1.152981174034668729e-20
1.149500010208334497e-20
1.146036032833396446e-20
1.142589118583150865e-20
1.139159145312532862e-20
1.135745992043768340e-20
1.132349538952246393e-20
1.128969667352596037e-20
1.125606259684968778e-20
1.122259199501525952e-20
1.118928371453121976e-20
1.115613661276176574e-20
1.112314955779751340e-20
1.109032142832796166e-20
1.105765111351600154e-20
1.102513751287407588e-20
1.099277953614221980e-20
1.096057610316778939e-20
1.092852614378699447e-20
1.089662859770799911e-20
1.086488241439585038e-20
1.083328655295890110e-20
1.080183998203691635e-20
1.077054167969076281e-20
1.073939063329358770e-20
1.070838583942362874e-20
1.067752630375843846e-20
1.064681104097067488e-20
1.061623907462521916e-20
1.058580943707787026e-20
1.055552116937537709e-20
1.052537332115680080e-20
1.049536495055635317e-20
1.046549512410751081e-20
1.043576291664838434e-20
1.040616741122858312e-20
1.037670769901707300e-20
1.034738287921154635e-20
1.031819205894887075e-20
1.028913435321682126e-20
1.026020888476696971e-20
1.023141478402877313e-20
1.020275118902480883e-20
1.017421724528714684e-20
1.014581210577485094e-20
1.011753493079260510e-20
1.008938488791032998e-20
1.006136115188399860e-20
1.003346290457741503e-20
1.000568933488504327e-20
9.978039638655886349e-21
9.950513018618332958e-21
9.923108684305989572e-21
9.895825851984525208e-21
9.868663744579411437e-21
9.841621591604682534e-21
9.814698629092538228e-21
9.787894099523931979e-21
9.761207251760000352e-21
9.734637340974399681e-21
9.708183628586562061e-21
9.681845382195706674e-21
9.655621875515783977e-21
9.629512388311267006e-21
9.603516206333615246e-21
9.577632621258760150e-21
9.551860930625200036e-21
9.526200437773005276e-21
9.500650451783512623e-21
9.475210287419809456e-21
9.449879265068004957e-21
9.424656710679176864e-21
9.399541955712069035e-21
9.374534337076497699e-21
9.349633197077547632e-21
9.324837883360278410e-21
9.300147748855292813e-21
9.275562151724922132e-21
9.251080455310011816e-21
9.226702028077495557e-21
9.202426243568452357e-21
9.178252480346959547e-21
9.154180121949469413e-21
9.130208556834804236e-21
9.106337178334837437e-21
9.082565384605707362e-21
9.058892578579643460e-21
9.035318167917361200e-21
9.011841564961069385e-21
8.988462186688011605e-21
8.965179454664567415e-21
8.941992795000895177e-21
8.918901638306209865e-21
8.895905419644412945e-21
8.873003578490449000e-21
8.850195558687032489e-21
8.827480808401986896e-21
8.804858780085993137e-21
8.782328930430986463e-21
8.759890720328855795e-21
8.737543614830773502e-21
8.715287083106950987e-21
8.693120598406835132e-21
8.671043638019844905e-21
8.649055683236526258e-21
8.627156219310104242e-21
8.605344735418569277e-21
8.583620724627183199e-21
8.561983683851403613e-21
8.540433113820190409e-21
8.518968519039834388e-21
8.497589407758112402e-21
8.476295291928913431e-21
8.455085687177254371e-21
8.433960112764661442e-21
8.412918091554960857e-21
8.391959149980549468e-21
8.371082818008842962e-21
8.350288629109362019e-21
8.329576120220968931e-21
8.308944831719603765e-21
8.288394307386310914e-21
8.267924094375715539e-21
8.247533743184742248e-21
8.227222807621765616e-21
8.206990844776072157e-21
8.186837414987662342e-21
8.166762081817403200e-21
8.146764412017483351e-21
8.126843975502251716e-21
8.107000345319333082e-21
8.087233097621032556e-21
8.067541811636137243e-21
8.047926069641987253e-21
8.028385456936807008e-21
8.008919561812430764e-21
7.989527975527264361e-21
7.970210292279546393e-21
7.950966109180923846e-21
7.931795026230271492e-21
7.912696646287881414e-21
7.893670575049821058e-21
7.874716421022649381e-21
7.855833795498384278e-21
7.837022312529706230e-21
7.818281588905480946e-21
7.799611244126513700e-21
7.781010900381559476e-21
7.762480182523621985e-21
7.744018718046434756e-21
7.725626137061297311e-21
7.707302072274061807e-21
7.689046158962401046e-21
7.670858034953335278e-21
7.652737340600960628e-21
7.634683718764442337e-21
7.616696814786217146e-21
7.598776276470433416e-21
7.580921754061619944e-21
7.563132900223575970e-21
7.545409370018477844e-21
7.527750820886208384e-21
7.510156912623893865e-21
7.492627307365665208e-21
7.475161669562610253e-21
7.457759665962971282e-21
7.440420965592476468e-21
7.423145239734958693e-21
7.405932161913120324e-21
7.388781407869501117e-21
7.371692655547641716e-21
7.354665585073477363e-21
7.337699878736862516e-21
7.320795220973304605e-21
7.303951298345924990e-21
7.287167799527544803e-21
7.270444415282952851e-21
7.253780838451448866e-21
7.237176763929406319e-21
7.220631888653149694e-21
7.204145911581935591e-21
7.187718533681105349e-21
7.171349457905440805e-21
7.155038389182644921e-21
7.138785034397025556e-21
7.122589102373319152e-21
7.106450303860672417e-21
7.090368351516800048e-21
7.074342959892295919e-21
7.058373845415079700e-21
7.042460726375027026e-21
7.026603322908735096e-21
7.010801356984426688e-21
6.995054552387027216e-21
6.979362634703383211e-21
6.963725331307605700e-21
6.948142371346579084e-21
6.932613485725600922e-21
6.917138407094166166e-21
6.901716869831876268e-21
6.886348610034515313e-21
6.871033365500232974e-21
6.855770875715874927e-21
6.840560881843420086e-21
6.825403126706607430e-21
6.810297354777630535e-21
6.795243312163972039e-21
6.780240746595414142e-21
6.765289407411088238e-21
6.750389045546741957e-21
6.735539413522048339e-21
6.720740265428087292e-21
6.705991356914911306e-21
6.691292445179275170e-21
6.676643288952425129e-21
6.662043648488037746e-21
6.647493285550287410e-21
6.632991963401977795e-21
6.618539446792830550e-21
6.604135501947870288e-21
6.589779896555895334e-21
6.575472399758105713e-21
6.561212782136780035e-21
6.547000815704110370e-21
6.532836273891106329e-21
6.518718931536612754e-21
6.504648564876441000e-21
6.490624951532574704e-21
6.476647870502519234e-21
6.462717102148697797e-21
6.448832428187970917e-21
6.434993631681273277e-21
6.421200497023305476e-21
6.407452809932352188e-21
6.393750357440171772e-21
6.380092927882001756e-21
6.366480310886616219e-21
6.352912297366546436e-21
6.339388679508293986e-21
6.325909250762720671e-21
6.312473805835471523e-21
6.299082140677502390e-21
6.285734052475710587e-21
6.272429339643618211e-21
6.259167801812147239e-21
6.245949239820506715e-21
6.232773455707119818e-21
6.219640252700675058e-21
6.206549435211213583e-21
6.193500808821342125e-21
6.180494180277484312e-21
6.167529357481228275e-21
6.154606149480768303e-21
6.141724366462382594e-21
6.128883819742029137e-21
6.116084321756970922e-21
6.103325686057545599e-21
6.090607727298915578e-21
6.077930261232966331e-21
6.065293104700239306e-21
6.052696075621961887e-21
6.040138992992111207e-21
6.027621676869571251e-21
6.015143948370372712e-21
6.002705629659965197e-21
5.990306543945585731e-21
5.977946515468685936e-21
5.965625369497399847e-21
5.953342932319144870e-21
5.941099031233205458e-21
5.928893494543428863e-21
5.916726151550982590e-21
5.904596832547150967e-21
5.892505368806242307e-21
5.880451592578468982e-21
5.868435337083001291e-21
5.856456436500982951e-21
5.844514725968690286e-21
5.832610041570646274e-21
5.820742220332909133e-21
5.808911100216350373e-21
5.797116520109986268e-21
5.785358319824410126e-21
5.773636340085229090e-21
5.761950422526602484e-21
5.750300409684805002e-21
5.738686144991862856e-21
5.727107472769220783e-21
5.715564238221491797e-21
5.704056287430234781e-21
5.692583467347796778e-21
5.681145625791223741e-21
5.669742611436172038e-21
5.658374273810923774e-21
5.647040463290432207e-21
5.635741031090414560e-21
5.624475829261480191e-21
5.613244710683349043e-21
5.602047529059087394e-21
5.590884138909372952e-21
5.579754395566866772e-21
5.568658155170578410e-21
5.557595274660298028e-21
5.546565611771072886e-21
5.535569025027736500e-21
5.524605373739470895e-21
5.513674517994415512e-21
5.502776318654340050e-21
5.491910637349312800e-21
5.481077336472498383e-21
5.470276279174885509e-21
5.459507329360153176e-21
5.448770351679543631e-21
5.438065211526762418e-21
5.427391775032928830e-21
5.416749909061603098e-21
5.406139481203788753e-21
5.395560359773038808e-21
5.385012413800552915e-21
5.374495513030348991e-21
5.364009527914453667e-21
5.353554329608131094e-21
5.343129789965171187e-21
5.332735781533192159e-21
5.322372177548989702e-21
5.312038851933928301e-21
5.301735679289365638e-21
5.291462534892108607e-21
5.281219294689906187e-21
5.271005835297003246e-21
5.260822033989680063e-21
5.250667768701877608e-21
5.240542918020827331e-21
5.230447361182732872e-21
5.220380978068463799e-21
5.210343649199311790e-21
5.200335255732753592e-21
5.190355679458279421e-21
5.180404802793205572e-21
5.170482508778578808e-21
5.160588681075066457e-21
5.150723203958901423e-21
5.140885962317849774e-21
5.131076841647225721e-21
5.121295728045905844e-21
5.111542508212408023e-21
5.101817069440993681e-21
5.092119299617773800e-21
5.082449087216887151e-21
5.072806321296671756e-21
5.063190891495897287e-21
5.053602688029983927e-21
5.044041601687300216e-21
5.034507523825469183e-21
5.025000346367677478e-21
5.015519961799058235e-21
5.006066263163068672e-21
4.996639144057909061e-21
4.987238498632965777e-21
4.977864221585280680e-21
4.968516208156052840e-21
4.959194354127170361e-21
4.949898555817745965e-21
4.940628710080700718e-21
4.931384714299378612e-21
4.922166466384167158e-21
4.912973864769150330e-21
4.903806808408803637e-21
4.894665196774680926e-21
4.885548929852159108e-21
4.876457908137188898e-21
4.867392032633086948e-21
4.858351204847318931e-21
4.849335326788343582e-21
4.840344300962474032e-21
4.831378030370724095e-21
4.822436418505739573e-21
4.813519369348715261e-21
4.804626787366317974e-21
4.795758577507691575e-21
4.786914645201413857e-21
4.778094896352542946e-21
4.769299237339627598e-21
4.760527575011782943e-21
4.751779816685766235e-21
4.743055870143072906e-21
4.734355643627066482e-21
4.725679045840131065e-21
4.717025985940822312e-21
4.708396373541057530e-21
4.699790118703338126e-21
4.691207131937966789e-21
4.682647324200291755e-21
4.674110606887981917e-21
4.665596891838326760e-21
4.657106091325522005e-21
4.648638118058022961e-21
4.640192885175873798e-21
4.631770306248090996e-21
4.623370295270037003e-21
4.614992766660832271e-21
4.606637635260789101e-21
4.598304816328834213e-21
4.589994225539991486e-21
4.581705778982860205e-21
4.573439393157097798e-21
4.565194984970949994e-21
4.556972471738794498e-21
4.548771771178674908e-21
4.540592801409877496e-21
4.532435480950535087e-21
4.524299728715207604e-21
4.516185464012521301e-21
4.508092606542797465e-21
4.500021076395731515e-21
4.491970794048031484e-21
4.483941680361137746e-21
4.475933656578923187e-21
4.467946644325399391e-21
4.459980565602475489e-21
4.452035342787714001e-21
4.444110898632073886e-21
4.436207156257746127e-21
4.428324039155902800e-21
4.420461471184560498e-21
4.412619376566384317e-21
4.404797679886561059e-21
4.396996306090625789e-21
4.389215180482392214e-21
4.381454228721803312e-21
4.373713376822869990e-21
4.365992551151573621e-21
4.358291678423815233e-21
4.350610685703372216e-21
4.342949500399850518e-21
4.335308050266688746e-21
4.327686263399128423e-21
4.320084068232238400e-21
4.312501393538938521e-21
4.304938168428033823e-21
4.297394322342259263e-21
4.289869785056355297e-21
4.282364486675141190e-21
4.274878357631604142e-21
4.267411328684993662e-21
4.259963330918961847e-21
4.252534295739685599e-21
4.245124154873992605e-21
4.237732840367537721e-21
4.230360284582960551e-21
4.223006420198082143e-21
4.215671180204071594e-21
4.208354497903677357e-21
4.201056306909437475e-21
4.193776541141904873e-21
4.186515134827895209e-21
4.179272022498742251e-21
4.172047138988562288e-21
4.164840419432533579e-21
4.157651799265190099e-21
4.150481214218707766e-21
4.143328600321241816e-21
4.136193893895228831e-21
4.129077031555746685e-21
4.121977950208827854e-21
4.114896587049855472e-21
4.107832879561914260e-21
4.100786765514157995e-21
4.093758182960225888e-21
4.086747070236633375e-21
4.079753365961186234e-21
4.072777009031398469e-21
4.065817938622938019e-21
4.058876094188055171e-21
4.051951415454059119e-21
4.045043842421765185e-21
4.038153315363971375e-21
4.031279774823958261e-21
4.024423161613976827e-21
4.017583416813738568e-21
4.010760481768965027e-21
4.003954298089877890e-21
3.997164807649759811e-21
3.990391952583485136e-21
3.983635675286085234e-21
3.976895918411301042e-21
3.970172624870164948e-21
3.963465737829578913e-21
3.956775200710912908e-21
3.950100957188597325e-21
3.943442951188745490e-21
3.936801126887761123e-21
3.930175428710977399e-21
3.923565801331286228e-21
3.916972189667794617e-21
3.910394538884466737e-21
3.903832794388807373e-21
3.897286901830516780e-21
3.890756807100179397e-21
3.884242456327956320e-21
3.877743795882278528e-21
3.871260772368565689e-21
3.864793332627923901e-21
3.858341423735882551e-21
3.851904993001125161e-21
3.845483987964224737e-21
3.839078356396397189e-21
3.832688046298250976e-21
3.826313005898561583e-21
3.819953183653031708e-21
3.813608528243080024e-21
3.807278988574635226e-21
3.800964513776912004e-21
3.794665053201228407e-21
3.788380556419827713e-21
3.782110973224665693e-21
3.775856253626269354e-21
3.769616347852550528e-21
3.763391206347656337e-21
3.757180779770808370e-21
3.750985018995177964e-21
3.744803875106723130e-21
3.738637299403078883e-21
3.732485243392426509e-21
3.726347658792381645e-21
3.720224497528878589e-21
3.714115711735076437e-21
3.708021253750259195e-21
3.701941076118756955e-21
3.695875131588857294e-21
3.689823373111727959e-21
3.683785753840357605e-21
3.677762227128495779e-21
3.671752746529586136e-21
3.665757265795741788e-21
3.659775738876678512e-21
3.653808119918699884e-21
3.647854363263660579e-21
3.641914423447942474e-21
3.635988255201453310e-21
3.630075813446598282e-21
3.624177053297292993e-21
3.618291930057959117e-21
3.612420399222535852e-21
3.606562416473498147e-21
3.600717937680878694e-21
3.594886918901286905e-21
3.589069316376960240e-21
3.583265086534781685e-21
3.577474185985350637e-21
3.571696571522015430e-21
3.565932200119929926e-21
3.560181028935145471e-21
3.554443015303635896e-21
3.548718116740404510e-21
3.543006290938556500e-21
3.537307495768381856e-21
3.531621689276448830e-21
3.525948829684696640e-21
3.520288875389543225e-21
3.514641784961000521e-21
3.509007517141767919e-21
3.503386030846365597e-21
3.497777285160261832e-21
3.492181239338989030e-21
3.486597852807286084e-21
3.481027085158244494e-21
3.475468896152440197e-21
3.469923245717093226e-21
3.464390093945219853e-21
3.458869401094793753e-21
3.453361127587911686e-21
3.447865234009964446e-21
3.442381681108810064e-21
3.436910429793959801e-21
3.431451441135748346e-21
3.426004676364550649e-21
3.420570096869950619e-21
3.415147664199954945e-21
3.409737340060197152e-21
3.404339086313143152e-21
3.398952864977299809e-21
3.393578638226449828e-21
3.388216368388864840e-21
3.382866017946525620e-21
3.377527549534370148e-21
3.372200925939523615e-21
3.366886110100539712e-21
3.361583065106641915e-21
3.356291754196983587e-21
3.351012140759900923e-21
3.345744188332162143e-21
3.340487860598244889e-21
3.335243121389597075e-21
3.330009934683902625e-21
3.324788264604378060e-21
3.319578075419032216e-21
3.314379331539959068e-21
3.309191997522631303e-21
3.304016038065184496e-21
3.298851418007724972e-21
3.293698102331626019e-21
3.288556056158827104e-21
3.283425244751157538e-21
3.278305633509637203e-21
3.273197187973801719e-21
3.268099873821020475e-21
3.263013656865824051e-21
3.257938503059232029e-21
3.252874378488091328e-21
3.247821249374397993e-21
3.242779082074664871e-21
3.237747843079237754e-21
3.232727499011661181e-21
3.227718016628029562e-21
3.222719362816334919e-21
3.217731504595833063e-21
3.212754409116410514e-21
3.207788043657936762e-21
3.202832375629656769e-21
3.197887372569536832e-21
3.192953002143677396e-21
3.188029232145660423e-21
3.183116030495959952e-21
3.178213365241309774e-21
3.173321204554115501e-21
3.168439516731835407e-21
3.163568270196380080e-21
3.158707433493527119e-21
3.153856975292309879e-21
3.149016864384434048e-21
3.144187069683699869e-21
3.139367560225396525e-21
3.134558305165739781e-21
3.129759273781283299e-21
3.124970435468350637e-21
3.120191759742455215e-21
3.115423216237746984e-21
3.110664774706432769e-21
3.105916405018218800e-21
3.101178077159760017e-21
3.096449761234090193e-21
3.091731427460084775e-21
3.087023046171903046e-21
3.082324587818437804e-21
3.077636022962787610e-21
3.072957322281695565e-21
3.068288456565034344e-21
3.063629396715253998e-21
3.058980113746860977e-21
3.054340578785883981e-21
3.049710763069364270e-21
3.045090637944803460e-21
3.040480174869668878e-21
3.035879345410879729e-21
3.031288121244269188e-21
3.026706474154092764e-21
3.022134376032520861e-21
