5.515444913085465253e-22
7.289334650170739570e-28
1.964169392069252038e-36
1.463015534649883305e-45
6.290972040599404740e-55
1.990707051979643780e-64
5.178019152670947938e-74
1.175341914490605818e-83
2.413545985235745204e-93
4.589817822958917892e-103
8.213974653147406388e-113
1.399327555705350840e-122
2.288702516008967908e-132
3.617237101941701468e-142
5.552314587451312039e-152
8.310386853793646957e-162
1.216813130895982014e-171
1.747563890647382927e-181
2.467194497797255316e-191
3.430325665726279371e-201
4.704427788093275422e-211
6.372308588417559917e-221
8.535007241543609813e-231
1.131515292814982470e-240
1.486085320947734508e-250
1.935018590968635252e-260
2.499637746374380278e-270
3.205376103611140674e-280
4.082461925619350789e-290
5.166702928051398029e-300
6.500384222124755228e-310
8.133308661838600610e-320
0.000000000000000000e+00
0.000000000000000000e+00
0.000000000000000000e+00
0.000000000000000000e+00
0.000000000000000000e+00
0.000000000000000000e+00
0.000000000000000000e+00
0.000000000000000000e+00
0.000000000000000000e+00
0.000000000000000000e+00
0.000000000000000000e+00
0.000000000000000000e+00
0.000000000000000000e+00
0.000000000000000000e+00
0.000000000000000000e+00
0.000000000000000000e+00
0.000000000000000000e+00
0.000000000000000000e+00
0.000000000000000000e+00
0.000000000000000000e+00
0.000000000000000000e+00
0.000000000000000000e+00
0.000000000000000000e+00
0.000000000000000000e+00
0.000000000000000000e+00
0.000000000000000000e+00
0.000000000000000000e+00
0.000000000000000000e+00
0.000000000000000000e+00
0.000000000000000000e+00
0.000000000000000000e+00
0.000000000000000000e+00
0.000000000000000000e+00
0.000000000000000000e+00
0.000000000000000000e+00
0.000000000000000000e+00
0.000000000000000000e+00
0.000000000000000000e+00
0.000000000000000000e+00
0.000000000000000000e+00
0.000000000000000000e+00
0.000000000000000000e+00
0.000000000000000000e+00
0.000000000000000000e+00
0.000000000000000000e+00
0.000000000000000000e+00
0.000000000000000000e+00
0.000000000000000000e+00
0.000000000000000000e+00
0.000000000000000000e+00
0.000000000000000000e+00
0.000000000000000000e+00
0.000000000000000000e+00
0.000000000000000000e+00
0.000000000000000000e+00
0.000000000000000000e+00
0.000000000000000000e+00
0.000000000000000000e+00
0.000000000000000000e+00
0.000000000000000000e+00
0.000000000000000000e+00
0.000000000000000000e+00
0.000000000000000000e+00
0.000000000000000000e+00
0.000000000000000000e+00
0.000000000000000000e+00
0.000000000000000000e+00
0.000000000000000000e+00
