2.234268201503482666e+11
2.234268126848866272e+11
2.234268042617463074e+11
2.234267948809276428e+11
2.234267845424306030e+11
2.234267732462554016e+11
2.234267609924020996e+11
2.234267477808709717e+11
2.234267336116628113e+11
2.234267184847771912e+11
2.234267024002147827e+11
2.234266853579755554e+11
2.234266673580599060e+11
2.234266484004684448e+11
2.234266284852009583e+11
2.234266076122580872e+11
2.234265857816404724e+11
2.234265629933481445e+11
2.234265392473814392e+11
2.234265145437411194e+11
2.234264888824273376e+11
2.234264622634408264e+11
2.234264346867819214e+11
2.234264061524508057e+11
2.234263766604483337e+11
2.234263462107749634e+11
2.234263148034314880e+11
2.234262824384179077e+11
2.234262491157352295e+11
2.234262148353834534e+11
