4.130319653849400311e+03 2.220969383017741620e+03 1.805132680527339971e+03 1.556119005536803797e+03
2.862704958296111712e+00 1.538329480989387932e+00 1.249715728687035066e+00 1.076807929397128882e+00
2.236743955831964059e-01 1.200774970586119678e-01 9.748040334885994807e-02 8.393339890448052454e-02
4.452255046018476631e-02 2.387604520929464264e-02 1.936804702027426425e-02 1.666352800708920112e-02
1.354305632869114845e-02 7.254854686244489002e-03 5.880496843926730395e-03 5.055362362263045826e-03
5.263324084003042150e-03 2.816471756536093399e-03 2.281153547769174811e-03 1.959527566535150360e-03
2.400977525245987648e-03 1.283438983824759750e-03 1.038708633813987571e-03 8.915677193246229889e-04
1.226424440906865101e-03 6.549088679012551482e-04 5.296344324624349675e-04 4.542632449106620606e-04
6.814661195858692398e-04 3.635378832357269462e-04 2.937854245492328123e-04 2.517911793882783361e-04
4.041205297273117660e-04 2.153746893737980381e-04 1.739279471966064580e-04 1.489591380485203907e-04
2.523993333996521178e-04 1.343889467472569410e-04 1.084529865602120211e-04 9.281874739336862094e-05
1.644448299093759214e-04 8.747831581327065445e-05 7.054899041056947773e-05 6.033792549545376768e-05
1.109703562497735128e-04 5.898004497291245305e-05 4.753538411747462185e-05 4.062851069373478289e-05
7.713913015175868188e-05 4.096411854132370542e-05 3.299483704322486293e-05 2.818272814042154583e-05
5.500037508043630297e-05 2.918352774793969427e-05 2.349196675354414383e-05 2.005340961734342081e-05
4.008652260046846984e-05 2.125327779290977373e-05 1.709839091515915477e-05 1.458694494292180629e-05
2.978329777739290198e-05 1.577856343284019943e-05 1.268682023164913348e-05 1.081708802696565369e-05
2.250623842474266094e-05 1.191450689726725663e-05 9.574705085710771303e-06 8.159047054387609001e-06
1.726509207569928354e-05 9.133378734720235315e-06 7.335885446370124887e-06 6.247852273152460761e-06
1.342398802037318989e-05 7.096497506820688321e-06 5.696975237769247904e-06 4.849469051531785468e-06
1.056467129273944482e-05 5.581212188441680019e-06 4.478320856966203095e-06 3.810166271172734691e-06
8.406041204491828447e-06 4.437964519052672159e-06 3.559293634314002258e-06 3.026762607600892333e-06
6.755479836135872628e-06 3.564327605049769951e-06 2.857311506852064076e-06 2.428648483017863642e-06
5.478665783659947746e-06 2.888911791275212530e-06 2.314838256103268266e-06 1.966648353014518892e-06
4.480425343411023208e-06 2.361159796361001845e-06 1.891142722915960207e-06 1.605963176982682305e-06
3.692333983866468461e-06 1.944742140217522894e-06 1.556967085458074795e-06 1.321605742718769130e-06
3.064537134683092973e-06 1.613202051341822047e-06 1.291012200902144727e-06 1.095392615225982170e-06
2.560261316854143088e-06 1.347034123784086951e-06 1.077580751341817197e-06 9.139276471648648712e-07
2.152072302224679525e-06 1.131693640301915696e-06 9.049717195488719750e-07 7.672287503884452205e-07
1.819286964698460436e-06 9.562202414245387327e-07 7.643706866656278268e-07 6.477790481020490293e-07
1.546158912546069800e-06 8.122734762643475113e-07 6.490724545517719619e-07 5.498623858326197793e-07
1.320590609942404020e-06 6.934484944819980060e-07 5.539296353216094472e-07 4.690921393433042574e-07
1.133208544210525890e-06 5.947848388020403139e-07 4.749569563177962087e-07 4.020731868868246125e-07
9.766918690321592433e-07 5.124100082612056344e-07 4.090442138182101084e-07 3.461567692858540881e-07
8.452800912715677314e-07 4.432781818114660358e-07 3.537459217873254108e-07 2.992609011950029527e-07
7.344086090142984520e-07 3.849768689064719667e-07 3.071256920853623007e-07 2.597375483978713015e-07
6.404364817854793039e-07 3.355825449661986856e-07 2.676400732551773904e-07 2.262735118259848979e-07
5.604413785716646838e-07 2.935519524223018995e-07 2.340511113091921074e-07 1.978158401671189433e-07
4.920638991667254480e-07 2.576396054053190487e-07 2.053600072052539034e-07 1.735152542378830859e-07
4.333884937754972340e-07 2.268347112175721285e-07 1.807564028669312168e-07 1.526829110484760524e-07
3.828517306811356609e-07 2.003125959798716305e-07 1.595793386326077852e-07 1.347571273754672370e-07
3.391711561696097684e-07 1.773970477403926857e-07 1.412869937240582035e-07 1.192775961590284850e-07
3.012897722694751016e-07 1.575309369311761835e-07 1.254330841318411771e-07 1.058652809157054406e-07
2.683324410879271371e-07 1.402531557384576552e-07 1.116483415179637982e-07 9.420664258443865448e-08
2.395714565320154730e-07 1.251804129088063179e-07 9.962589541390885467e-08 8.404119376688436367e-08
2.143992064290578880e-07 1.119927827090853127e-07 8.910967267003429218e-08 7.515162441278547556e-08
1.923063511692040205e-07 1.004221737810512145e-07 7.988514309998446350e-08 6.735592655700815870e-08
1.728643186470511624e-07 9.024308188798275393e-08 7.177189985124422959e-08 6.050108193993464370e-08
1.557111946676419564e-07 8.126513874770610953e-08 6.461768229922988787e-08 5.445797812704161118e-08
1.405402982370025273e-07 7.332708064028451769e-08 5.829353897156748726e-08 4.911729528639329469e-08
1.270908903631762363e-07 6.629184487805985563e-08 5.268989590367862659e-08 4.438616370004381289e-08
1.151405862575771529e-07 6.004256649283666173e-08 4.771334751521755744e-08 4.018543616861806682e-08
1.044991337136274758e-07 5.447929670925038853e-08 4.328402667054428292e-08 3.644745321216412197e-08
9.500329197650492818e-08 4.951630266508919333e-08 3.933344104929509789e-08 3.311420494012431672e-08
8.651260079864417187e-08 4.507983716544316512e-08 3.580268652493706756e-08 3.013581355418238593e-08
7.890587246341065756e-08 4.110629006784564906e-08 3.264096658005001848e-08 2.746927606840948569e-08
7.207827324389026255e-08 3.754065072305957660e-08 2.980436111081201263e-08 2.507741903462528219e-08
6.593888721878185329e-08 3.433522489372503100e-08 2.725479921748738270e-08 2.292802663885850378e-08
6.040867623694706216e-08 3.144856061241727285e-08 2.495919944395798850e-08 2.099311108558368994e-08
5.541876635607257336e-08 2.884454618428729942e-08 2.288874795043057620e-08 1.924830016462565860e-08
5.090900423391963369e-08 2.649165049337258527e-08 2.101829068635838387e-08 1.767232164833674673e-08
4.682673745581107239e-08 2.436228132426503759e-08 1.932582008764399394e-08 1.624656796017242258e-08
4.312578120458590412e-08 2.243224186152514102e-08 1.779204039407023112e-08 1.495472759534625848e-08
3.976554045720474656e-08 2.068026910997575713e-08 1.639999855607828856e-08 1.378247221875727387e-08
3.671026236618821832e-08 1.908764087016956583e-08 1.513477001944306129e-08 1.271719033839519296e-08
3.392839792032869536e-08 1.763784024581617510e-08 1.398319055531866272e-08 1.174776005042756386e-08
3.139205558641494014e-08 1.631626856426832366e-08 1.293362683031291237e-08 1.086435465078294822e-08
2.907653257648733431e-08 1.510999914430441137e-08 1.197577965658603775e-08 1.005827596679619442e-08
2.695991179336038952e-08 1.400756561615228395e-08 1.110051488066940003e-08 9.321811128396973147e-09
2.502271448392474911e-08 1.299877954150996328e-08 1.029971770555583196e-08 8.648109208688787028e-09
2.324760025716286124e-08 1.207457293963626001e-08 9.566166928472084122e-09 8.031074748250374786e-09
2.161910746746292944e-08 1.122686203407548619e-08 8.893426144435784301e-09 7.465275659783593208e-09
2.012342807626350977e-08 1.044842912102892943e-08 8.275749435523256828e-09 6.945863408809184929e-09
1.874821202857602127e-08 9.732819947125239542e-09 7.707999455653884629e-09 6.468503697225826154e-09
1.748239694961350213e-08 9.074254389386689502e-09 7.185576145085117306e-09 6.029316151995215506e-09
1.631605960819326810e-08 8.467548568110955046e-09 6.704354579400805301e-09 5.624821750941567449e-09
1.524028613016458664e-08 7.908046806009360048e-09 6.260630684045659984e-09 5.251896909721942945e-09
1.424705839506630990e-08 7.391562083885069458e-09 5.851073735127739363e-09 4.907733314996547297e-09
1.332915442741117006e-08 6.914323842245505754e-09 5.472684726571142330e-09 4.589802724055785378e-09
1.248006091259671613e-08 6.472932145946823440e-09 5.122759817903570112e-09 4.295826065021882018e-09
1.169389623644004761e-08 6.064317370531444179e-09 4.798858190229838040e-09 4.023746267825955128e-09
1.096534267494215580e-08 5.685704688676821137e-09 4.498773733747212998e-09 3.771704337418985570e-09
1.028958655387983728e-08 5.334582736696916236e-09 4.220510071363980339e-09 3.538018249539481680e-09
9.662265361801878941e-09 5.008675927281182212e-09 3.962258491955986038e-09 3.321164307842665094e-09
9.079420939610364134e-09 4.705919948065218141e-09 3.722378425496564831e-09 3.119760650960329590e-09
8.537457988994645868e-09 4.424440048235359150e-09 3.499380142351598143e-09 2.932552640490020084e-09
8.033107243762624880e-09 4.162531768867023870e-09 3.291909401797614715e-09 2.758399897156831628e-09
7.563392735259863091e-09 3.918643818494682331e-09 3.098733811426721456e-09 2.596264783410301967e-09
7.125602657820450371e-09 3.691362834689366252e-09 2.918730690492300971e-09 2.445202157314409145e-09
6.717263404430397840e-09 3.479399806165495477e-09 2.750876257214577445e-09 2.304350245431778317e-09
6.336116398079670765e-09 3.281577958982096525e-09 2.594235983269460952e-09 2.172922502057560437e-09
5.980097391957966509e-09 3.096821935441732748e-09 2.447955978685819462e-09 2.050200339097735870e-09
5.647317952829437939e-09 2.924148115911979920e-09 2.311255287646256788e-09 1.935526625510309634e-09
5.336048877545142976e-09 2.762655952494991797e-09 2.183418990621532079e-09 1.828299867872657752e-09
5.044705323518773264e-09 2.611520199671499443e-09 2.063792021205451410e-09 1.727968994589743387e-09
4.771833460776556496e-09 2.469983941101616350e-09 1.951773617239825029e-09 1.634028675757040229e-09
4.516098476471755394e-09 2.337352323979183763e-09 1.846812335569964577e-09 1.546015118944304724e-09
4.276273783016239290e-09 2.212986922965519586e-09 1.748401568255625234e-09 1.463502288345776736e-09
4.051231298643055989e-09 2.096300664991928634e-09 1.656075505455604947e-09 1.386098500997755324e-09
3.839932684630432517e-09 1.986753254304886748e-09 1.569405496655869126e-09 1.313443359222406220e-09
3.641421436892929117e-09 1.883847044193240235e-09 1.487996767548681806e-09 1.245204983225299483e-09
3.454815741440415007e-09 1.787123308020152704e-09 1.411485454803472197e-09 1.181077511946493181e-09
3.279302013543205921e-09 1.696158867601028980e-09 1.339535925292639804e-09 1.120778843920257215e-09
3.114129049513684373e-09 1.610563041723023592e-09 1.271838350127727766e-09 1.064048593105016596e-09
2.958602727987032881e-09 1.529974881779117293e-09 1.208106507192990966e-09 1.010646237461735307e-09
2.812081204597139016e-09 1.454060665164104782e-09 1.148075788793486241e-09 9.603494405358733313e-10
2.673970550122677699e-09 1.382511620316525413e-09 1.091501393615559301e-09 9.129525284793678609e-10
2.543720787627230329e-09 1.315041860144364786e-09 1.038156684472833121e-09 8.682651068719466930e-10
2.420822288929236190e-09 1.251386503092182984e-09 9.878316953195134964e-10 8.261108033984932608e-10
2.304802494991147711e-09 1.191299963334449876e-09 9.403317727880207582e-10 7.863261239390905286e-10
2.195222928581836702e-09 1.134554393550682384e-09 8.954763390786720941e-10 7.487594109553571758e-10
2.091676470901927703e-09 1.080938265483972847e-09 8.530977644205240521e-10 7.132698942320305334e-10
1.993784876820306910e-09 1.030255075032849616e-09 8.130403385562350106e-10 6.797268250748169458e-10
1.901196505997245693e-09 9.823221600012011502e-10 7.751593317991376356e-10 6.480086859905815124e-10
1.813584249504829386e-09 9.369696198527689695e-10 7.393201371840325459e-10 6.180024686978621826e-10
1.730643633633210072e-09 8.940393279037337242e-10 7.053974860990890751e-10 5.896030140467897361e-10
1.652091084422148172e-09 8.533840273550316403e-10 6.732747305573184909e-10 5.627124080784925208e-10
1.577662338107430394e-09 8.148665034290655666e-10 6.428431859533904314e-10 5.372394290342566487e-10
1.507110984144647811e-09 7.783588246456453653e-10 6.140015287648701852e-10 5.130990406423919590e-10
1.440207128788504418e-09 7.437416469599152761e-10 5.866552442046839695e-10 4.902119274730324232e-10
1.376736168382337928e-09 7.109035751000594871e-10 5.607161193212999485e-10 4.685040685643323215e-10
1.316497662565618824e-09 6.797405759930425771e-10 5.361017774813055605e-10 4.479063458932757145e-10
1.259304298550510433e-09 6.501554396596491035e-10 5.127352505615070176e-10 4.283541845954295861e-10
1.204980938464475015e-09 6.220572834021279971e-10 4.905445855294954713e-10 4.097872221347762078e-10
1.153363742515102984e-09 5.953610955044360552e-10 4.694624824073363280e-10 3.921490038910781538e-10
1.104299361415120372e-09 5.699873150212501103e-10 4.494259608964580874e-10 3.753867028712899717e-10
1.057644192118739316e-09 5.458614445522536903e-10 4.303760531967189371e-10 3.594508614664999153e-10
1.013263691471958151e-09 5.229136931862144209e-10 4.122575207817649296e-10 3.442951533691251895e-10
9.710317428762639499e-10 5.010786470588511516e-10 3.950185930992287982e-10 3.298761639391467373e-10
9.308300715127935872e-10 4.802949652022167019e-10 3.786107263502419367e-10 3.161531874649314420e-10
8.925477040778707335e-10 4.605050985741836438e-10 3.629883806704474902e-10 3.030880399055828550e-10
8.560804693453121152e-10 4.416550303469006176e-10 3.481088141860425882e-10 2.906448858293355084e-10
8.213305362002253179e-10 4.236940357049915045e-10 3.339318925550823780e-10 2.787900783777392459e-10
7.882059860867489714e-10 4.065744595596661051e-10 3.204199127278496283e-10 2.674920111895254600e-10
7.566204170815400481e-10 3.902515107254781640e-10 3.075374397718629415e-10 2.567209813122398312e-10
7.264925770487581852e-10 3.746830712337629094e-10 2.952511557083004535e-10 2.464490622150102465e-10
6.977460235532823767e-10 3.598295195720830488e-10 2.835297193982782641e-10 2.366499860930475146e-10
6.703088084093297252e-10 3.456535667435828902e-10 2.723436366005444648e-10 2.272990347245135699e-10
6.441131849234906362e-10 3.321201041350015058e-10 2.616651393975480218e-10 2.183729382039040219e-10
6.190953360563363851e-10 3.191960622682378270e-10 2.514680742552972744e-10 2.098497809337636424e-10
5.951951218768213672e-10 3.068502795886168561e-10 2.417277980446246723e-10 2.017089143089396550e-10
5.723558448201428887e-10 2.950533805141630007e-10 2.324210814080117558e-10 1.939308755751991324e-10
5.505240313839011233e-10 2.837776620349284080e-10 2.235260189075757871e-10 1.864973123873606432e-10
5.296492290104227491e-10 2.729969882103549576e-10 2.150219454366415320e-10 1.793909126315201087e-10
5.096838170061415747e-10 2.626866919663552845e-10 2.068893584199877729e-10 1.725953391118750742e-10
4.905828304428253176e-10 2.528234836427416568e-10 1.991098453667416194e-10 1.660951687353903213e-10
4.723037960711082783e-10 2.433853657862846533e-10 1.916660163753626419e-10 1.598758358574063360e-10
4.548065793549884118e-10 2.343515537254351050e-10 1.845414412225261265e-10 1.539235794785421579e-10
4.380532418073976630e-10 2.257024014999750425e-10 1.777205906972875097e-10 1.482253940081335428e-10
4.220079078722250289e-10 2.174193327528740340e-10 1.711887818689190538e-10 1.427689833321818815e-10
4.066366406578850494e-10 2.094847762227349502e-10 1.649321270015120985e-10 1.375427179445793411e-10
3.919073258821637415e-10 2.018821055036786489e-10 1.589374858510425614e-10 1.325355949193960948e-10
3.777895634380925670e-10 1.945955827655711676e-10 1.531924211012825903e-10 1.277372005194246041e-10
3.642545660364337079e-10 1.876103061513675585e-10 1.476851567138942255e-10 1.231376752521204982e-10
3.512750644223676697e-10 1.809121605902254769e-10 1.424045389854094747e-10 1.187276811986940683e-10
3.388252187024990844e-10 1.744877717851016981e-10 1.373400001197248690e-10 1.144983714555030329e-10
3.268805353536617608e-10 1.683244631519602562e-10 1.324815241393575139e-10 1.104413615391936619e-10
3.154177895174541200e-10 1.624102155046152894e-10 1.278196149721175463e-10 1.065487026183171170e-10
3.044149522142723499e-10 1.567336292947650155e-10 1.233452665621807535e-10 1.028128564445167403e-10
2.938511221380151240e-10 1.512838892310398518e-10 1.190499348658673515e-10 9.922667186590499567e-11
2.837064617178377667e-10 1.460507311140056164e-10 1.149255116028417188e-10 9.578336281400191273e-11
2.739621371565359071e-10 1.410244107361403074e-10 1.109642996430323373e-10 9.247648766366725338e-11
2.646002621764924823e-10 1.361956747069140599e-10 1.071589899183869034e-10 8.929992987287110556e-11
2.556038452237797992e-10 1.315557330733329684e-10 1.035026397566945714e-10 8.624787981597231168e-11
2.469567398991464155e-10 1.270962336157436539e-10 9.998865254219390415e-11 8.331481773046885546e-11
2.386435984013168446e-10 1.228092377073843154e-10 9.661075861457737304e-11 8.049549770297849841e-11
2.306498277834482036e-10 1.186871976341879858e-10 9.336299732436562233e-11 7.778493262555611916e-11
2.229615488378173411e-10 1.147229352787452747e-10 9.023970016849495693e-11 7.517838005838884514e-11
2.155655574369397531e-10 1.109096220791628354e-10 8.723547493537829111e-11 7.267132893946324340e-11
2.084492881714558170e-10 1.072407601798647975e-10 8.434519079370482036e-11 7.025948708600479176e-11
2.016007801363311183e-10 1.037101646972151586e-10 8.156396426386757934e-11 6.793876943637637307e-11
1.950086447272861197e-10 1.003119470282304658e-10 7.888714601518377142e-11 6.570528698471549731e-11
1.886620353189553541e-10 9.704049913563745043e-11 7.631030843602534711e-11 6.355533636391125454e-11
1.825506187051563894e-10 9.389047874714550158e-11 7.382923392763713084e-11 6.148539003559744665e-11
1.766645481898566160e-10 9.085679541107328765e-11 7.143990387580467021e-11 5.949208704868171393e-11
1.709944382250460260e-10 8.793459735442856327e-11 6.913848825767309334e-11 5.757222433056893379e-11
1.655313404987648295e-10 8.511925909320092557e-11 6.692133584392091448e-11 5.572274847767421046e-11
1.602667213830799498e-10 8.240636974802942580e-11 6.478496495918889727e-11 5.394074801408698479e-11
1.551924406578660428e-10 7.979172202155715592e-11 6.272605476616171815e-11 5.222344608934496754e-11
1.503007314318666059e-10 7.727130179670571803e-11 6.074143704101508910e-11 5.056819358822143648e-11
1.455841811877382103e-10 7.484127831781924247e-11 5.882808841009446012e-11 4.897246262723770028e-11
1.410357138826284535e-10 7.249799491914628208e-11 5.698312301968685309e-11 4.743384041428909755e-11
1.366485730403360519e-10 7.023796026746516080e-11 5.520378561260078000e-11 4.595002344932842557e-11
1.324163057752970265e-10 6.805784008783827283e-11 5.348744498699545354e-11 4.451881204550126452e-11
1.283327476925238292e-10 6.595444934349766283e-11 5.183158781449980650e-11 4.313810515146973099e-11
1.243920086112484664e-10 6.392474484274730752e-11 5.023381279615282295e-11 4.180589545691388859e-11
1.205884590633867626e-10 6.196581824751611395e-11 4.869182513608313590e-11 4.052026476436361527e-11
1.169167175210732569e-10 6.007488945982199024e-11 4.720343131413372098e-11 3.927937961159496179e-11
1.133716383104399087e-10 5.824930036392678519e-11 4.576653413984137394e-11 3.808148712983617354e-11
1.099483001715236095e-10 5.648650890336937277e-11 4.437912807129601552e-11 3.692491112396412821e-11
1.066419954267273054e-10 5.478408347338366620e-11 4.303929478344979698e-11 3.580804836174972229e-11
1.034482197226147741e-10 5.313969761043098347e-11 4.174519897141430421e-11 3.472936506002328943e-11
1.003626623120261254e-10 5.155112496172264591e-11 4.049508437519295205e-11 3.368739355639358747e-11
9.738119684555302704e-11 5.001623451867332424e-11 3.928727001313790456e-11 3.268072915586145972e-11
9.449987264332838690e-11 4.853298609922101654e-11 3.812014661221018806e-11 3.170802714233102731e-11
9.171490641987594909e-11 4.709942606487862119e-11 3.699217322385655501e-11 3.076799994563844277e-11
8.902267443643854603e-11 4.571368325925088566e-11 3.590187401500546613e-11 2.985941445529604693e-11
8.641970505675794271e-11 4.437396515555727140e-11 3.484783522432283104e-11 2.898108947268539613e-11
8.390267168374565878e-11 4.307855420146232007e-11 3.382870227447117545e-11 2.813189329393866431e-11
8.146838605584304362e-11 4.182580435022051699e-11 3.284317703167420463e-11 2.731074141621617677e-11
