1.452049843723290036e-19
7.145003798189627135e-20
6.576838296477137338e-20
4.146425689114601488e-20
1.698725409656431937e-20
5.187648110143023775e-21
1.303983016449859140e-21
2.860746930618798264e-22
5.677854358047302198e-23
1.043610073044025128e-23
1.805137921157719297e-24
2.972286319561189857e-25
4.698668750301809283e-26
7.177557567490016656e-27
1.064848928550184071e-27
1.540456362345713493e-28
2.180049088294469356e-29
3.026144579359154313e-30
4.129278971791377896e-31
5.549072707609675875e-32
7.355396604447963269e-33
9.629645801013548302e-34
1.246612949401991039e-34
1.597358487609913858e-35
2.027682420519101240e-36
2.551852448562430215e-37
3.186116982098884284e-38
3.948915711051540080e-39
4.861107640553312674e-40
5.946217792241965115e-41
7.230703842500101508e-42
8.744244044436196960e-43
1.052004785995306954e-43
1.259519081204133347e-44
1.501097515566713001e-45
1.781331805854582474e-46
2.105316908089179536e-47
2.478695884618998600e-48
2.907708090336131225e-49
3.399240889468513452e-50
3.960885126375023221e-51
4.600994586381127692e-52
5.328749695957612676e-53
6.154225725487619942e-54
7.088465772528070195e-55
8.143558818878430685e-56
9.332723170967287824e-57
1.067039561007686700e-57
1.217232659680698840e-58
1.385568189295668087e-59
1.573915098371950513e-60
1.784306270381878199e-61
2.018950849292174146e-62
2.280247372854368964e-63
2.570797760858586577e-64
2.893422208082120304e-65
3.251175034304047922e-66
3.647361546525051283e-67
4.085555971440190872e-68
4.569620519257118884e-69
5.103725643152986413e-70
5.692371562015397510e-71
6.340411117624404982e-72
7.053074041127831189e-73
7.835992707517994993e-74
8.695229460874170996e-75
9.637305597382900796e-76
1.066923209759033071e-76
1.179854220401407433e-77
1.303332594512151136e-78
1.438226671179716631e-79
1.585467999779643294e-80
1.746055442127933112e-81
1.921059515042330032e-82
2.111626986224790062e-83
2.318985737025800850e-84
2.544449906324995178e-85
2.789425330469061653e-86
3.055415294950207007e-87
3.344026614279852493e-88
3.656976057325127352e-89
3.996097136223072918e-90
4.363347277875788216e-91
4.760815397957726471e-92
5.190729898335841512e-93
5.655467109826791989e-94
6.157560203268010061e-95
6.699708593002243498e-96
7.284787858026450919e-97
7.915860207287595303e-98
8.596185516856448735e-99
9.329232968067997091e-100
1.011869331708191953e-100
1.096849182778342896e-101
1.188280190145890898e-102
1.286605943827030798e-103
1.392297796720894322e-104
1.505856458294142918e-105
1.627813672977768027e-106
1.758733987487573715e-107
