7.747061531681403712e-20
5.024919003302488611e-21
2.121769446036030097e-21
1.066751644913083328e-21
4.230268851353794525e-22
1.286763183178928441e-22
3.232929057976117049e-23
7.092176348095710641e-24
1.407607177227863342e-24
2.587230651358538123e-25
4.475146272167741963e-26
7.368642440735486125e-27
1.164854465590806633e-27
1.779399746514428756e-28
2.639883965662868719e-29
3.818969941856302847e-30
5.404594471788905425e-31
7.502163300934260856e-32
1.023696137084534898e-32
1.375679467041889225e-33
1.823488105825779022e-34
2.387300852117850634e-35
3.090498049321069134e-36
3.960036908322691394e-37
5.026859835093975723e-38
6.326338113382018922e-39
7.898753436508790691e-40
9.789819933919753198e-41
1.205124949799094847e-41
1.474136338514492124e-42
1.792575324296502039e-43
2.167799490217158498e-44
2.608041846953826630e-45
3.122493846555435841e-46
3.721394796937620335e-47
4.416128096397563469e-48
5.219324731684743435e-49
6.144974508687663344e-50
7.208545511651937356e-51
8.427112315104977857e-52
9.819493502389011737e-53
1.140639907596724911e-53
1.321058837755318851e-54
1.525703917067834491e-55
1.757312857465988810e-56
2.018882657712506676e-57
2.313690289240459827e-58
2.645314797527643946e-59
3.017660904387111999e-60
3.434984201209958463e-61
3.901918028084718799e-62
4.423502138857006043e-63
5.005213257575852218e-64
5.652997637443493543e-65
6.373305739318471241e-66
7.173129153062021596e-67
8.060039891562171308e-68
9.042232194131854832e-69
1.012856698318827200e-69
1.132861912566869731e-70
1.265272765857331311e-71
1.411204914633563294e-72
1.571861434642703306e-73
1.748538836876277775e-74
1.942633452403620259e-75
2.155648206616311090e-76
2.389199804454984149e-77
2.645026349291025403e-78
2.924995419294299671e-79
3.231112626327686959e-80
3.565530683677454926e-81
3.930559010260944692e-82
4.328673900340439946e-83
4.762529289236115382e-84
5.234968147051576890e-85
5.749034534030467233e-86
6.307986352832935221e-87
6.915308834772518007e-88
7.574728798893938904e-89
8.290229724684998654e-90
9.066067681230770949e-91
9.906788157719096507e-92
1.081724384240861138e-92
1.180261339947104931e-93
1.286842129552312414e-94
1.402055873020057276e-95
1.526530572773660362e-96
1.660935444929044458e-97
1.805983378862581718e-98
1.962433531679269136e-99
2.131094064456094217e-100
2.312825027471988246e-101
2.508541401974134395e-102
2.719216306394053142e-103
2.945884375302222453e-104
3.189645319784115185e-105
3.451667678331173274e-106
3.733192767769711816e-107
4.035538844201198683e-108
4.360105484394651513e-109
