5.357069484029519202e-20
4.879417737647150267e-21
2.541689099202167633e-21
1.686770952382703131e-21
1.234444778823130865e-21
9.527653482170514360e-22
7.608159751193923957e-22
6.223444829632520544e-22
5.184179589304404962e-22
4.380866497061108655e-22
3.745495526327591554e-22
3.233600656850234724e-22
2.814975863659281520e-22
2.468448092218793632e-22
2.178727909577889989e-22
1.934431005921486986e-22
1.726819106323394335e-22
1.549004606262439112e-22
1.395454269655739049e-22
1.261679053262966531e-22
1.144033330569194239e-22
1.039574243354965428e-22
9.459521486077967430e-23
8.613169612294764671e-23
7.842337674841535549e-23
7.136057773263062121e-23
6.486048026959627100e-23
5.886100460780666154e-23
5.331558075975720404e-23
4.818882466999174989e-23
4.345308359405744805e-23
3.908577482818141856e-23
3.506741673843110375e-23
3.138023969896947957e-23
2.800726433381078883e-23
2.493174203339284940e-23
2.213686498043590534e-23
1.960566735343838485e-23
1.732105414595185344e-23
1.526590793775363958e-23
1.342323628405637512e-23
1.177633283686579172e-23
1.030893382764134131e-23
9.005358237323319663e-24
7.850625065052772718e-24
6.830544826259182479e-24
5.931785014602896799e-24
5.141910984569663679e-24
4.449404758912242658e-24
3.843664812359866699e-24
3.314990072838846095e-24
2.854551327034514953e-24
2.454353005679466841e-24
2.107188020784567711e-24
1.806587979577216446e-24
1.546770741419533198e-24
1.322586936701841740e-24
1.129466744597705679e-24
9.633679374722327278e-25
8.207259471361708979e-25
6.984064925075936911e-25
5.936611280723988916e-25
5.040859251036581820e-25
4.275833795289640816e-25
3.623275479788460437e-25
3.067323432636001247e-25
2.594228688392318919e-25
2.192096355416192322e-25
1.850654801293363684e-25
1.561049914688375887e-25
1.315662443584079755e-25
1.107946411863084730e-25
9.322866632371595891e-26
7.838736610516633129e-26
6.585937742719552408e-26
5.529333958430422610e-26
4.638953631982997228e-26
3.889262770435722835e-26
3.258534399428160268e-26
2.728302579615386228e-26
2.282890647718619963e-26
1.909004369174038921e-26
1.595381706120955535e-26
1.332491841292682752e-26
1.112276954458857905e-26
9.279310248032844559e-27
7.737106329497959422e-27
6.447733642832874240e-27
5.370399754397999809e-27
4.470769834224833605e-27
3.719967769483438542e-27
3.093727375303538619e-27
2.571671984899969141e-27
2.136703683841556602e-27
1.774486057369670891e-27
1.473006586897095160e-27
1.222206800811706615e-27
1.013669990681776644e-27
8.403577787873301325e-28
6.963880952601395828e-28
