9.350621496607767102e-20
5.899982593054564738e-21
2.154225506019308378e-21
1.125461030688347993e-21
7.057288444129446379e-22
4.945043929631508797e-22
3.726015448106106381e-22
2.950449536203330435e-22
2.420029603716300642e-22
2.036786039261638244e-22
1.747871140959530289e-22
1.522694722406551570e-22
1.342489440301976969e-22
1.195151782013004912e-22
1.072517297632082551e-22
9.688464670277380854e-23
8.799535684575907549e-23
8.026941563245738013e-23
7.346576969393679054e-23
6.739778795203207422e-23
6.192095399624900860e-23
5.692426682801296019e-23
5.232370572162673528e-23
4.805690021419369159e-23
4.407859610456318924e-23
4.035674610039843280e-23
3.686916342419235820e-23
3.360071464355768434e-23
3.054103035334684500e-23
2.768270076234382976e-23
2.501990953867084595e-23
2.254744896619489237e-23
2.026005435011326939e-23
1.815199548380449480e-23
1.621686676429088200e-23
1.444752389448709353e-23
1.283612281263842300e-23
1.137422456751038813e-23
1.005293761938917539e-23
8.863076057403526617e-24
7.795318257195755134e-24
6.840355487176761396e-24
5.989023937504836784e-24
5.232416687026475877e-24
4.561974364899611307e-24
3.969554840775125603e-24
3.447483321661984115e-24
2.988584864307267313e-24
2.586201632390062103e-24
2.234197324118168525e-24
1.926951137323398887e-24
1.659343480183352022e-24
1.426735417527566766e-24
1.224943595715740864e-24
1.050212134916869121e-24
8.991827309591076485e-25
7.688639791388684749e-25
6.566007248829118721e-25
5.600440634775465399e-25
4.771224537210852504e-25
4.060142774713697922e-25
3.451220669463563925e-25
2.930485321064957422e-25
2.485744490991559916e-25
2.106384151403115916e-25
1.783184329993850912e-25
1.508152572571562863e-25
1.274374127497667506e-25
1.075877813465704673e-25
9.075164491681554385e-26
7.648606872078035542e-26
6.441050941974488278e-26
5.419853452568345673e-26
4.557054465917252163e-26
3.828739584891256842e-26
3.214482580727921070e-26
2.696859527617175366e-26
2.261026286580308272e-26
1.894351908751963036e-26
1.586101235051430714e-26
1.327160643905661769e-26
1.109801533694831323e-26
9.274767174288100124e-27
7.746454516103830871e-27
6.466233188079389087e-27
5.394536349350192606e-27
4.497974593155588172e-27
3.748396506265896042e-27
3.122087374731257453e-27
2.599086616030331297e-27
2.162607076385483513e-27
1.798541586990685826e-27
1.495044153452581274e-27
1.242174886814273589e-27
1.031599298384114991e-27
8.563338986285748520e-28
7.105311850537910312e-28
5.892980957617049938e-28
4.885428627542169119e-28
4.048459387421500719e-28
