7.631611206703857064e+00
7.168868731826422369e+00
6.251258489353275216e+00
5.406540586921579461e+00
4.755087479282941842e+00
4.266982715441528740e+00
3.896054805150654499e+00
3.606928309528933063e+00
3.375583980454969879e+00
3.186048493852192465e+00
3.027585418992426725e+00
2.892818728110054138e+00
2.776551631547631516e+00
2.675029515223973142e+00
2.585474903034442384e+00
2.505788335210446860e+00
2.434351625448019529e+00
2.369895481409373339e+00
2.311408465624440467e+00
2.258073097538464413e+00
2.209220156148774095e+00
2.164295432890285475e+00
2.122835158993392035e+00
2.084447579165078057e+00
2.048798947854399088e+00
2.015602753081020104e+00
1.984611326616790183e+00
1.955609240039529517e+00
1.928408052483850721e+00
1.902842092420719222e+00
1.878765038469749182e+00
1.856047123606571203e+00
1.834572830213134331e+00
1.814238975010037169e+00
1.794953106293318612e+00
1.776632153361162425e+00
1.759201281167628528e+00
1.742592913225671669e+00
1.726745893421829159e+00
1.711604763293790743e+00
1.697119135895137187e+00
1.683243150946927891e+00
1.669934998791263725e+00
1.657156502893092798e+00
1.644872752417093853e+00
1.633051777835760943e+00
1.621664263679858387e+00
1.610683293481217859e+00
1.600084122725487390e+00
1.589843976263751291e+00
1.579941867153857871e+00
1.570358434336295073e+00
1.561075796911955527e+00
1.552077423093596309e+00
1.543348012159604155e+00
1.534873387956300572e+00
1.526640402680218944e+00
1.518636849829988700e+00
1.510851385353251919e+00
1.503273456130847618e+00
1.495893235041453329e+00
1.488701561937312290e+00
1.481689889937811033e+00
1.474850236513928881e+00
1.468175138894555198e+00
1.461657613376532439e+00
1.455291118164954600e+00
1.449069519409519335e+00
1.442987060137588040e+00
1.437038331815199133e+00
1.431218248294622963e+00
1.425522021931213912e+00
1.419945141673714772e+00
1.414483352951592110e+00
1.409132639199790260e+00
1.403889204876898500e+00
1.398749459846153842e+00
1.393710005001203012e+00
1.388767619029428690e+00
1.383919246215588927e+00
1.379161985197526530e+00
1.374493078593560069e+00
1.369909903428608633e+00
1.365409962292486235e+00
1.360990875169832304e+00
1.356650371886405582e+00
1.352386285121373710e+00
1.348196543939573999e+00
1.344079167801743635e+00
1.340032261014287851e+00
1.336054007583483916e+00
1.332142666441963996e+00
1.328296567018035557e+00
1.324514105120929708e+00
1.320793739117217980e+00
1.317133986375798038e+00
1.313533419960621895e+00
1.309990665552144273e+00
1.306504398579947157e+00
1.303073341550472719e+00
1.299696261555081112e+00
1.296371967944842662e+00
1.293099310159575799e+00
1.289877175699624567e+00
1.286704488229785115e+00
1.283580205805664898e+00
1.280503319213450286e+00
1.277472850414858918e+00
1.274487851089616708e+00
1.271547401268442457e+00
1.268650608050052808e+00
1.265796604396181024e+00
1.262984547999128182e+00
1.260213620216683150e+00
1.257483025069734195e+00
1.254791988298224359e+00
1.252139756471382537e+00
1.249525596148526319e+00
1.246948793087010010e+00
1.244408651494091522e+00
1.241904493319778702e+00
1.239435657587941275e+00
1.237001499763124679e+00
1.234601391150724758e+00
1.232234718328378609e+00
1.229900882606491441e+00
1.227599299516091813e+00
1.225329398322231977e+00
1.223090621561334190e+00
1.220882424600994831e+00
1.218704275220829469e+00
1.216555653213088561e+00
1.214436050001821865e+00
1.212344968279478685e+00
1.210281921659910331e+00
1.208246434346781584e+00
1.206238040816512980e+00
1.204256285514890168e+00
1.202300722566578051e+00
1.200370915496779212e+00
1.198466436964376713e+00
1.196586868505919110e+00
1.194731800289837276e+00
1.192900830880356144e+00
1.191093567010574006e+00
1.189309623364214197e+00
1.187548622365609541e+00
1.185810193977477445e+00
1.184093975506103735e+00
1.182399611413548213e+00
1.180726753136519980e+00
1.179075058911609908e+00
1.177444193606554723e+00
1.175833828557250049e+00
1.174243641410235517e+00
1.172673315970411911e+00
1.171122542053721682e+00
1.169591015344590312e+00
1.168078437257912050e+00
1.166584514805359740e+00
1.165108960465856880e+00
1.163651492060011838e+00
1.162211832628353481e+00
1.160789710313213430e+00
1.159384858244095540e+00
1.157997014426392024e+00
1.156625921633321230e+00
1.155271327300944062e+00
1.153932983426148473e+00
1.152610646467492561e+00
1.151304077248773483e+00
1.150013040865252689e+00
1.148737306592415797e+00
1.147476647797178950e+00
1.146230841851461291e+00
1.144999670048024720e+00
1.143782917518518794e+00
1.142580373153640805e+00
1.141391829525341572e+00
1.140217082811012750e+00
1.139055932719581499e+00
1.137908182419457681e+00
1.136773638468261849e+00
1.135652110744294285e+00
1.134543412379669824e+00
1.133447359695077372e+00
1.132363772136113278e+00
1.131292472211136158e+00
1.130233285430598755e+00
1.129186040247810441e+00
1.128150568001094145e+00
1.127126702857282003e+00
1.126114281756534163e+00
1.125113144358415251e+00
1.124123132989209628e+00
1.123144092590443455e+00
1.122175870668559172e+00
1.121218317245736174e+00
1.120271284811805712e+00
1.119334628277235844e+00
1.118408204927171079e+00
1.117491874376470795e+00
1.116585498525745290e+00
1.115688941518350630e+00
1.114802069698320297e+00
1.113924751569204119e+00
1.113056857753801143e+00
1.112198260954754492e+00
1.111348835915989985e+00
1.110508459384973223e+00
1.109677010075774684e+00
1.108854368632908649e+00
1.108040417595935967e+00
1.107235041364814876e+00
1.106438126165962821e+00
1.105649560019041022e+00
1.104869232704417614e+00
1.104097035731308241e+00
1.103332862306571016e+00
1.102576607304145195e+00
1.101828167235114675e+00
1.101087440218380786e+00
1.100354325951934387e+00
1.099628725684709485e+00
1.098910542189006634e+00
1.098199679733471434e+00
1.097496044056616160e+00
1.096799542340873623e+00
1.096110083187169293e+00
1.095427576589996566e+00
1.094751933912993636e+00
1.094083067864997982e+00
1.093420892476580253e+00
1.092765323077035999e+00
1.092116276271830166e+00
1.091473669920487666e+00
1.090837423114911164e+00
1.090207456158126309e+00
1.089583690543436623e+00
1.088966048933988295e+00
1.088354455142721333e+00
1.087748834112721275e+00
1.087149111897934839e+00
1.086555215644267935e+00
1.085967073571038721e+00
1.085384614952791482e+00
1.084807770101450020e+00
1.084236470348818537e+00
1.083670648029409378e+00
1.083110236463599829e+00
1.082555169941104900e+00
1.082005383704762291e+00
1.081460813934624898e+00
1.080921397732348854e+00
1.080387073105878004e+00
1.079857778954407710e+00
1.079333455053640423e+00
1.078814042041304155e+00
1.078299481402947402e+00
1.077789715457996067e+00
1.077284687346064862e+00
1.076784341013526936e+00
1.076288621200326201e+00
1.075797473427034801e+00
1.075310843982146825e+00
1.074828679909606066e+00
1.074350928996557597e+00
1.073877539761330269e+00
1.073408461441628159e+00
1.072943643982946726e+00
1.072483038027189695e+00
1.072026594901497321e+00
1.071574266607275394e+00
1.071126005809420079e+00
1.070681765825739040e+00
1.070241500616559094e+00
1.069805164774524364e+00
1.069372713514571416e+00
1.068944102664088014e+00
1.068519288653244637e+00
1.068098228505497849e+00
1.067680879828261986e+00
1.067267200803747373e+00
1.066857150179958413e+00
1.066450687261850661e+00
1.066047771902645991e+00
1.065648364495297207e+00
1.065252425964102523e+00
1.064859917756468377e+00
1.064470801834816571e+00
1.064085040668628412e+00
1.063702597226632074e+00
1.063323434969122516e+00
1.062947517840416634e+00
1.062574810261434521e+00
1.062205277122416636e+00
1.061838883775757747e+00
1.061475596028969681e+00
1.061115380137763742e+00
1.060758202799251038e+00
1.060404031145258497e+00
1.060052832735759898e+00
1.059704575552419259e+00
1.059359227992243913e+00
1.059016758861342611e+00
1.058677137368794430e+00
1.058340333120615595e+00
1.058006316113833778e+00
1.057675056730657870e+00
1.057346525732747677e+00
1.057020694255579984e+00
1.056697533802908762e+00
1.056377016241317301e+00
1.056059113794861393e+00
1.055743799039803976e+00
1.055431044899433957e+00
1.055120824638974053e+00
1.054813111860570585e+00
1.054507880498368522e+00
1.054205104813664473e+00
1.053904759390144497e+00
1.053606819129195626e+00
1.053311259245296228e+00
1.053018055261482955e+00
1.052727183004890099e+00
1.052438618602362874e+00
1.052152338476141535e+00
1.051868319339616331e+00
1.051586538193151510e+00
1.051306972319976385e+00
1.051029599282143012e+00
1.050754396916550482e+00
1.050481343331030271e+00
1.050210416900499100e+00
1.049941596263169741e+00
1.049674860316823777e+00
1.049410188215145423e+00
1.049147559364111748e+00
1.048886953418442847e+00
1.048628350278105525e+00
1.048371730084876496e+00
1.048117073218955531e+00
1.047864360295637676e+00
1.047613572162031881e+00
1.047364689893837575e+00
1.047117694792168097e+00
1.046872568380424084e+00
1.046629292401219269e+00
1.046387848813349786e+00
1.046148219788816114e+00
1.045910387709886091e+00
1.045674335166208557e+00
1.045440044951968961e+00
1.045207500063089157e+00
1.044976683694474051e+00
1.044747579237295776e+00
1.044520170276323157e+00
1.044294440587292483e+00
1.044070374134317358e+00
1.043847955067338518e+00
1.043627167719614279e+00
1.043407996605247190e+00
1.043190426416750860e+00
1.042974442022652326e+00
1.042760028465131494e+00
1.042547170957696112e+00
1.042335854882893376e+00
1.042126065790054179e+00
1.041917789393073779e+00
1.041711011568223322e+00
1.041505718351997345e+00
1.041301895938992139e+00
1.041099530679814755e+00
1.040898609079026205e+00
1.040699117793113526e+00
1.040501043628492717e+00
1.040304373539541416e+00
1.040109094626661124e+00
1.039915194134367171e+00
1.039722659449410003e+00
1.039531478098919770e+00
1.039341637748583569e+00
1.039153126200844213e+00
1.038965931393130093e+00
1.038780041396109688e+00
1.038595444411969382e+00
1.038412128772721044e+00
1.038230082938529808e+00
1.038049295496069391e+00
1.037869755156900942e+00
1.037691450755874323e+00
1.037514371249553147e+00
1.037338505714664016e+00
1.037163843346566194e+00
1.036990373457744807e+00
1.036818085476325368e+00
1.036646968944610059e+00
1.036477013517634438e+00
1.036308208961745470e+00
1.036140545153200421e+00
1.035974012076783746e+00
1.035808599824446841e+00
1.035644298593965340e+00
1.035481098687614621e+00
1.035318990510866843e+00
1.035157964571104650e+00
1.034998011476353286e+00
1.034839121934031159e+00
1.034681286749718154e+00
1.034524496825940165e+00
1.034368743160972492e+00
1.034214016847659234e+00
1.034060309072248218e+00
1.033907611113244585e+00
1.033755914340278803e+00
1.033605210212989789e+00
1.033455490279926892e+00
1.033306746177462543e+00
1.033158969628723556e+00
1.033012152442537079e+00
1.032866286512388321e+00
1.032721363815396476e+00
1.032577376411301540e+00
1.032434316441467326e+00
1.032292176127897587e+00
1.032150947772264349e+00
1.032010623754952006e+00
1.031871196534112300e+00
1.031732658644734402e+00
1.031595002697724528e+00
1.031458221379002227e+00
1.031322307448604647e+00
1.031187253739806797e+00
1.031053053158251798e+00
1.030919698681091790e+00
1.030787183356143943e+00
1.030655500301054239e+00
1.030524642702474791e+00
1.030394603815251164e+00
1.030265376961621238e+00
1.030136955530424503e+00
1.030009332976321801e+00
1.029882502819026380e+00
1.029756458642543393e+00
1.029631194094421831e+00
1.029506702885014890e+00
1.029382978786749447e+00
1.029260015633408853e+00
1.029137807319419951e+00
1.029016347799153852e+00
1.028895631086234497e+00
1.028775651252855194e+00
1.028656402429106054e+00
1.028537878802308514e+00
1.028420074616360536e+00
1.028302984171088452e+00
1.028186601821608370e+00
1.028070921977696006e+00
1.027955939103163630e+00
1.027841647715247220e+00
1.027728042383998508e+00
1.027615117731688121e+00
1.027502868432214500e+00
1.027391289210520586e+00
1.027280374842018951e+00
1.027170120152023802e+00
1.027060520015190326e+00
1.026951569354959792e+00
1.026843263143016216e+00
1.026735596398743677e+00
1.026628564188696524e+00
1.026522161626071128e+00
1.026416383870189852e+00
1.026311226125986575e+00
1.026206683643500872e+00
1.026102751717380190e+00
1.025999425686384914e+00
1.025896700932902750e+00
1.025794572882467559e+00
1.025693037003284847e+00
1.025592088805762359e+00
1.025491723842049119e+00
1.025391937705576462e+00
1.025292726030607948e+00
1.025194084491793278e+00
1.025096008803729086e+00
1.024998494720523068e+00
1.024901538035365878e+00
1.024805134580107691e+00
1.024709280224838315e+00
1.024613970877474856e+00
1.024519202483353819e+00
1.024424971024826769e+00
1.024331272520863534e+00
1.024238103026657409e+00
1.024145458633238359e+00
1.024053335467087988e+00
1.023961729689761624e+00
1.023870637497513281e+00
1.023780055120926180e+00
