5.894443466005395038e+00
5.655474726721207546e+00
5.140489048624390378e+00
4.617888308307247947e+00
4.183543410033224497e+00
3.840491987087579329e+00
3.569868961432883125e+00
3.353209759664441236e+00
3.176484004218503632e+00
3.029656860182342371e+00
2.905610912459763107e+00
2.799249633230474377e+00
2.706865642463947452e+00
2.625714533663048300e+00
2.553729094564161528e+00
2.489326113779777305e+00
2.431273999386450058e+00
2.378600667711765482e+00
2.330528450502148630e+00
2.286427399492260371e+00
2.245781307708762942e+00
2.208162649889097828e+00
2.173213865600533534e+00
2.140633211897047694e+00
2.110163948396908129e+00
2.081585980503707134e+00
2.054709335453911656e+00
2.029369018902291266e+00
2.005420921466278372e+00
1.982738531226836631e+00
1.961210270414773138e+00
1.940737319680611472e+00
1.921231826430500167e+00
1.902615418151188287e+00
1.884817959847434610e+00
1.867776508373178990e+00
1.851434426761623397e+00
1.835740629517946587e+00
1.820648935861489237e+00
1.806117512550840853e+00
1.792108391533565159e+00
1.778587050481903908e+00
1.765522046493271713e+00
1.752884694988952052e+00
1.740648787241468431e+00
1.728790341079990522e+00
1.717287380224996385e+00
1.706119738434538124e+00
1.695268885240309942e+00
1.684717770540946180e+00
1.674450685722874699e+00
1.664453139313678554e+00
1.654711745451571403e+00
1.645214123688419239e+00
1.635948808840426150e+00
1.626905169767314696e+00
1.618073336102468396e+00
1.609444132077498146e+00
1.601009016688493602e+00
1.592760029540584821e+00
1.584689741784718997e+00
1.576791211627583067e+00
1.569057943953900969e+00
1.561483853651332243e+00
1.554063232272836936e+00
1.546790717710439633e+00
1.539661266588995492e+00
1.532670129118896440e+00
1.525812826173669645e+00
1.519085128382268168e+00
1.512483037047140044e+00
1.506002766717967178e+00
1.499640729267913475e+00
1.493393519334135000e+00
1.487257900997902560e+00
1.481230795591556904e+00
1.475309270530508865e+00
1.469490529078027574e+00
1.463771900959371708e+00
1.458150833749645603e+00
1.452624884966778884e+00
1.447191714807504415e+00
1.441849079469768036e+00
1.436594825010433230e+00
1.431426881691620689e+00
1.426343258773353995e+00
1.421342039714066141e+00
1.416421377743877663e+00
1.411579491778810702e+00
1.406814662646898029e+00
1.402125229599753942e+00
1.397509587085535188e+00
1.392966181761306377e+00
1.388493509724824770e+00
1.384090113947465284e+00
1.379754581891651011e+00
1.375485543297541469e+00
1.371281668125162057e+00
1.367141664639246024e+00
1.363064277625231302e+00
1.359048286725831112e+00
1.355092504888524063e+00
1.351195776915071090e+00
1.347356978105032299e+00
1.343575012985848360e+00
1.339848814122723386e+00
1.336177341002105834e+00
1.332559578983115722e+00
1.328994538311688789e+00
1.325481253192681397e+00
1.322018780915591885e+00
1.318606201029866920e+00
1.315242614566134449e+00
1.311927143299999932e+00
1.308658929055290798e+00
1.305437133043944709e+00
1.302260935239903716e+00
1.299129533784626700e+00
1.296042144422035580e+00
1.292997999960838529e+00
1.289996349762390970e+00
1.287036459252366427e+00
1.284117609454667797e+00
1.281239096546113565e+00
1.278400231430562695e+00
1.275600339331241839e+00
1.272838759400133579e+00
1.270114844343364524e+00
1.267427960061641379e+00
1.264777485304797722e+00
1.262162811339665236e+00
1.259583341630456932e+00
1.257038491530980018e+00
1.254527687988007623e+00
1.252050369255186757e+00
1.249605984616924514e+00
1.247193994121730487e+00
1.244813868324507800e+00
1.242465088037353338e+00
1.240147144088423081e+00
1.237859537088492168e+00
1.235601777204818230e+00
1.233373383941971602e+00
1.231173885929315315e+00
1.229002820714832023e+00
1.226859734565001636e+00
1.224744182270500747e+00
1.222655726957433631e+00
1.220593939903902081e+00
1.218558400361662741e+00
1.216548695382698941e+00
1.214564419650490334e+00
1.212605175315802475e+00
1.210670571836835352e+00
1.208760225823574563e+00
1.206873760886155722e+00
1.205010807487141955e+00
1.203171002797558398e+00
1.201353990556544682e+00
1.199559420934518839e+00
1.197786950399727823e+00
1.196036241588074311e+00
1.194306963176108960e+00
1.192598789757104205e+00
1.190911401720092355e+00
1.189244485131784934e+00
1.187597731621294450e+00
1.185970838267557559e+00
1.184363507489403222e+00
1.182775446938151287e+00
1.181206369392716615e+00
1.179655992657103081e+00
1.178124039460255679e+00
1.176610237358175937e+00
1.175114318638254440e+00
1.173636020225768739e+00
1.172175083592457367e+00
1.170731254667151999e+00
1.169304283748383799e+00
1.167893925418928891e+00
1.166499938462236541e+00
1.165122085780690986e+00
1.163760134315666050e+00
1.162413854969314597e+00
1.161083022528070829e+00
1.159767415587788175e+00
1.158466816480517192e+00
1.157181011202839116e+00
1.155909789345747063e+00
1.154652944026026251e+00
1.153410271819090394e+00
1.152181572693255607e+00
1.150966649945400988e+00
1.149765310137992991e+00
1.148577363037438515e+00
1.147402621553732294e+00
1.146240901681370383e+00
1.145092022441507318e+00
1.143955805825310978e+00
1.142832076738503400e+00
1.141720662947053766e+00
1.140621395023996731e+00
1.139534106297348748e+00
1.138458632799103309e+00
1.137394813215272027e+00
1.136342488836957765e+00
1.135301503512424093e+00
1.134271703600151504e+00
1.133252937922850645e+00
1.132245057722407466e+00
1.131247916615751414e+00
1.130261370551616684e+00
1.129285277768175666e+00
1.128319498751530592e+00
1.127363896195046733e+00
1.126418334959497169e+00
1.125482682034008697e+00
1.124556806497798433e+00
1.123640579482665158e+00
1.122733874136237597e+00
1.121836565585952572e+00
1.120948530903746576e+00
1.120069649071455009e+00
1.119199800946889756e+00
1.118338869230592891e+00
1.117486738433244975e+00
1.116643294843713274e+00
1.115808426497732375e+00
1.114982023147195633e+00
1.114163976230049924e+00
1.113354178840781472e+00
1.112552525701470785e+00
1.111758913133418680e+00
1.110973239029322102e+00
1.110195402825985500e+00
1.109425305477566681e+00
1.108662849429335129e+00
1.107907938591942587e+00
1.107160478316181917e+00
1.106420375368237119e+00
1.105687537905405637e+00
1.104961875452285636e+00
1.104243298877419344e+00
1.103531720370383606e+00
1.102827053419312309e+00
1.102129212788850676e+00
1.101438114498526799e+00
1.100753675801529941e+00
1.100075815163894744e+00
1.099404452244075348e+00
1.098739507872905641e+00
1.098080904033931882e+00
1.097428563844123683e+00
1.096782411534937163e+00
1.096142372433735579e+00
1.095508372945559694e+00
1.094880340535231866e+00
1.094258203709799426e+00
1.093641892001295801e+00
1.093031335949830263e+00
1.092426467086984543e+00
1.091827217919513870e+00
1.091233521913357318e+00
1.090645313477932810e+00
1.090062527950722338e+00
1.089485101582146509e+00
1.088912971520705986e+00
1.088346075798400481e+00
1.087784353316411545e+00
1.087227743831045146e+00
1.086676187939931149e+00
1.086129627068469050e+00
1.085588003456525508e+00
1.085051260145363017e+00
1.084519340964816170e+00
1.083992190520682408e+00
1.083469754182355027e+00
1.082951978070669119e+00
1.082438809045965566e+00
1.081930194696370195e+00
1.081426083326280763e+00
1.080926423945058890e+00
1.080431166255921394e+00
1.079940260645031458e+00
1.079453658170781205e+00
1.078971310553260343e+00
1.078493170163916881e+00
1.078019190015394591e+00
1.077549323751550325e+00
1.077083525637646977e+00
1.076621750550716738e+00
1.076163953970094900e+00
1.075710091968115067e+00
1.075260121200970254e+00
1.074813998899728729e+00
1.074371682861509081e+00
1.073933131440805377e+00
1.073498303540964205e+00
1.073067158605806704e+00
1.072639656611395376e+00
1.072215758057944113e+00
1.071795423961862781e+00
1.071378615847943028e+00
1.070965295741673318e+00
1.070555426161687196e+00
1.070148970112338782e+00
1.069745891076407052e+00
1.069346153007919131e+00
1.068949720325100161e+00
1.068556557903438176e+00
1.068166631068868222e+00
1.067779905591070833e+00
1.067396347676881962e+00
1.067015923963815949e+00
1.066638601513692164e+00
1.066264347806374690e+00
1.065893130733611027e+00
1.065524918592975379e+00
1.065159680081911864e+00
1.064797384291878757e+00
1.064438000702587539e+00
1.064081499176335210e+00
1.063727849952437854e+00
1.063377023641743024e+00
1.063028991221248054e+00
1.062683724028791854e+00
1.062341193757844415e+00
1.062001372452374692e+00
1.061664232501806193e+00
1.061329746636053395e+00
1.060997887920638094e+00
1.060668629751886805e+00
1.060341945852203427e+00
1.060017810265422300e+00
1.059696197352230307e+00
1.059377081785670249e+00
1.059060438546708838e+00
1.058746242919882619e+00
1.058434470489008739e+00
1.058125097132965875e+00
1.057818099021545333e+00
1.057513452611363203e+00
1.057211134641841133e+00
1.056911122131250158e+00
1.056613392372816262e+00
1.056317922930889885e+00
1.056024691637173163e+00
1.055733676587008230e+00
1.055444856135723031e+00
1.055158208895036642e+00
1.054873713729518103e+00
1.054591349753103202e+00
1.054311096325663444e+00
1.054032933049630527e+00
1.053756839766672115e+00
1.053482796554420231e+00
1.053210783723249833e+00
1.052940781813105797e+00
1.052672771590383860e+00
1.052406734044852854e+00
1.052142650386630240e+00
1.051880502043201826e+00
1.051620270656485001e+00
1.051361938079942382e+00
1.051105486375734088e+00
1.050850897811917539e+00
1.050598154859686328e+00
1.050347240190656395e+00
1.050098136674186389e+00
1.049850827374744666e+00
1.049605295549314921e+00
1.049361524644836674e+00
1.049119498295691510e+00
1.048879200321220173e+00
1.048640614723282738e+00
1.048403725683851873e+00
1.048168517562643176e+00
1.047934974894781046e+00
1.047703082388499185e+00
1.047472824922875745e+00
1.047244187545602889e+00
1.047017155470786554e+00
1.046791714076781954e+00
1.046567848904060849e+00
1.046345545653107889e+00
1.046124790182350939e+00
1.045905568506119154e+00
1.045687866792634146e+00
1.045471671362027344e+00
1.045256968684389554e+00
1.045043745377845834e+00
1.044831988206661455e+00
1.044621684079373169e+00
1.044412820046950463e+00
1.044205383300978118e+00
1.043999361171873641e+00
1.043794741127121117e+00
1.043591510769537489e+00
1.043389657835560147e+00
1.043189170193562054e+00
1.042990035842187746e+00
1.042792242908715972e+00
1.042595779647443655e+00
1.042400634438096496e+00
1.042206795784256457e+00
1.042014252311818101e+00
1.041822992767462042e+00
1.041633006017152585e+00
1.041444281044656028e+00
1.041256806950079383e+00
1.041070572948431305e+00
1.040885568368201231e+00
1.040701782649960050e+00
1.040519205344980325e+00
1.040337826113874709e+00
1.040157634725256353e+00
1.039978621054412855e+00
1.039800775082004636e+00
1.039624086892777521e+00
1.039448546674294871e+00
1.039274144715686798e+00
1.039100871406416493e+00
1.038928717235065191e+00
1.038757672788131137e+00
1.038587728748848527e+00
1.038418875896019333e+00
1.038251105102864669e+00
1.038084407335888582e+00
1.037918773653758953e+00
1.037754195206205488e+00
1.037590663232929922e+00
1.037428169062530880e+00
1.037266704111447613e+00
1.037106259882913273e+00
1.036946827965923967e+00
1.036788400034224011e+00
1.036630967845301843e+00
1.036474523239400813e+00
1.036319058138543525e+00
1.036164564545569045e+00
1.036011034543182996e+00
1.035858460293020533e+00
1.035706834034722190e+00
1.035556148085020833e+00
1.035406394836842603e+00
1.035257566758418957e+00
1.035109656392409594e+00
1.034962656355039368e+00
1.034816559335244079e+00
1.034671358093830040e+00
1.034527045462642070e+00
1.034383614343745039e+00
1.034241057708614964e+00
1.034099368597340973e+00
1.033958540117836611e+00
1.033818565445064230e+00
1.033679437820266944e+00
1.033541150550211229e+00
1.033403697006441302e+00
1.033267070624539929e+00
1.033131264903401680e+00
1.032996273404514165e+00
1.032862089751249712e+00
1.032728707628164377e+00
1.032596120780308047e+00
1.032464323012542540e+00
1.032333308188868148e+00
1.032203070231759501e+00
1.032073603121510086e+00
1.031944900895583661e+00
1.031816957647976984e+00
1.031689767528586987e+00
1.031563324742588827e+00
1.031437623549821270e+00
1.031312658264178950e+00
1.031188423253013076e+00
1.031064912936539679e+00
1.030942121787256305e+00
1.030820044329362917e+00
1.030698675138194575e+00
1.030578008839658111e+00
1.030458040109676787e+00
1.030338763673642077e+00
1.030220174305871650e+00
1.030102266829075797e+00
1.029985036113829189e+00
1.029868477078048183e+00
1.029752584686478123e+00
1.029637353950183076e+00
1.029522779926045128e+00
1.029408857716267223e+00
1.029295582467884440e+00
1.029182949372279499e+00
1.029070953664706245e+00
1.028959590623816478e+00
1.028848855571194987e+00
1.028738743870899031e+00
1.028629250929003591e+00
1.028520372193152399e+00
1.028412103152115176e+00
