2.483318729665006330e+00
2.482511041353146375e+00
2.480100032338896643e+00
2.476121303322943668e+00
2.470632352390739861e+00
2.463710000155916902e+00
2.455447115854644480e+00
2.445948915200950147e+00
2.435329107495658008e+00
2.423706144551275976e+00
2.411199776227219260e+00
2.397928057504453925e+00
2.384004890254238784e+00
2.369538127087773560e+00
2.354628219815477763e+00
2.339367363085269602e+00
2.323839064400970766e+00
2.308118063159038336e+00
2.292270521095124636e+00
2.276354412001691863e+00
2.260420047443575164e+00
2.244510685599181876e+00
2.228663180945211764e+00
2.212908642403272896e+00
2.197273076281613946e+00
2.181777997664424262e+00
2.166440999806504841e+00
2.151276275685055417e+00
2.136295089306517347e+00
2.121506196851828285e+00
2.106916219453999872e+00
2.092529970506817882e+00
2.078350741048438977e+00
2.064380547071517302e+00
2.050620342678517449e+00
2.037070202904090799e+00
2.023729479823639377e+00
2.010596935301531829e+00
1.997670853435082439e+00
1.984949135443053292e+00
1.972429379445425290e+00
1.960108947293223380e+00
1.947985020339919604e+00
1.936054645801299934e+00
1.924314775130820943e+00
1.912762295640919596e+00
1.901394056427638812e+00
1.890206889503625920e+00
1.879197626912162633e+00
1.868363114479681064e+00
1.857700222765049203e+00
1.847205855678394126e+00
1.836876957168731561e+00
1.826710516317280319e+00
1.816703571119634653e+00
1.806853211194514142e+00
1.797156579618171657e+00
1.787610874050769905e+00
1.778213347293286839e+00
1.768961307390229054e+00
1.759852117373443825e+00
1.750883194726125858e+00
1.742052010631685688e+00
1.733356089060938299e+00
1.724793005740863805e+00
1.716360387040365865e+00
1.708055908801412670e+00
1.699877295138368050e+00
1.691822317223746985e+00
1.683888792074444307e+00
1.676074581349690007e+00
1.668377590169004554e+00
1.660795765956503800e+00
1.653327097316081851e+00
1.645969612940564097e+00
1.638721380556879659e+00
1.631580505908251322e+00
1.624545131773891260e+00
1.617613437025899881e+00
1.610783635722839779e+00
1.604053976239022461e+00
1.597422740428356080e+00
1.590888242821387966e+00
1.584448829854173457e+00
1.578102879127357028e+00
1.571848798694099436e+00
1.565685026375121858e+00
1.559610029099554929e+00
1.553622302269970668e+00
1.547720369150288988e+00
1.541902780275112850e+00
1.536168112879294334e+00
1.530514970346404269e+00
1.524941981675042024e+00
1.519447800961833073e+00
1.514031106900172174e+00
1.508690602293684346e+00
1.503425013583620684e+00
1.498233090389298416e+00
1.493113605060856441e+00
1.488065352243669315e+00
1.483087148453721582e+00
1.478177831663379793e+00
1.473336260897050387e+00
1.468561315836129033e+00
1.463851896432928568e+00
1.459206922533020645e+00
1.454625333505710882e+00
1.450106087882259143e+00
1.445648163001487241e+00
1.441250554662560690e+00
1.436912276784588105e+00
1.432632361072863070e+00
1.428409856691451818e+00
1.424243829941977513e+00
1.420133363948386407e+00
1.416077558347498933e+00
1.412075528985220263e+00
1.408126407618228271e+00
1.404229341621023419e+00
1.400383493698194259e+00
1.396588041601788177e+00
1.392842177853662156e+00
1.389145109472745165e+00
1.385496057707044981e+00
1.381894257770401424e+00
1.378338958583791962e+00
1.374829422521204991e+00
1.371364925159941128e+00
1.367944755035275017e+00
1.364568213399426355e+00
1.361234613984761532e+00
1.357943282771154614e+00
1.354693557757427946e+00
1.351484788736860843e+00
1.348316337076634897e+00
1.345187575501216815e+00
1.342097887879595941e+00
1.339046669016299873e+00
1.336033324446175730e+00
1.333057270232849367e+00
1.330117932770804812e+00
1.327214748591067695e+00
1.324347164170396773e+00
1.321514635743957111e+00
1.318716629121406969e+00
1.315952619506365995e+00
1.313222091319205198e+00
1.310524538023091878e+00
1.307859461953265301e+00
1.305226374149488500e+00
1.302624794191607149e+00
1.300054250038189307e+00
1.297514277868187627e+00
1.295004421925579852e+00
1.292524234366938751e+00
1.290073275111865314e+00
1.287651111696289430e+00
1.285257319128532583e+00
1.282891479748115016e+00
1.280553183087266955e+00
1.278242025735088605e+00
1.275957611204309394e+00
1.273699549800617614e+00
1.271467458494496050e+00
1.269260960795544957e+00
1.267079686629219770e+00
1.264923272215968453e+00
1.262791359952709414e+00
1.260683598296616026e+00
1.258599641651158674e+00
1.256539150254367687e+00
1.254501790069286304e+00
1.252487232676556372e+00
1.250495155169109252e+00
1.248525240048916407e+00
1.246577175125777037e+00
1.244650653418074127e+00
1.242745373055495373e+00
1.240861037183664140e+00
1.238997353870642026e+00
1.237154036015274627e+00
1.235330801257356947e+00
1.233527371889540980e+00
1.231743474771017421e+00
1.229978841242869603e+00
1.228233207045116071e+00
1.226506312235389196e+00
1.224797901109213605e+00
1.223107722121866914e+00
1.221435527811783661e+00
1.219781074725466485e+00
1.218144123343890772e+00
1.216524438010353926e+00
1.214921786859754604e+00
1.213335941749277058e+00
1.211766678190429269e+00
1.210213775282431570e+00
1.208677015646921760e+00
1.207156185363947642e+00
1.205651073909214777e+00
1.204161474092585671e+00
1.202687181997776245e+00
1.201227996923252217e+00
1.199783721324280350e+00
1.198354160756124109e+00
1.196939123818361317e+00
1.195538422100278275e+00
1.194151870127358350e+00
1.192779285308804615e+00
1.191420487886101887e+00
1.190075300882573739e+00
1.188743550053937614e+00
1.187425063839827377e+00
1.186119673316253564e+00
1.184827212148996001e+00
1.183547516547910794e+00
1.182280425222119291e+00
1.181025779336071224e+00
1.179783422466466947e+00
1.178553200560004788e+00
1.177334961891961296e+00
1.176128557025565069e+00
1.174933838772156847e+00
1.173750662152122537e+00
1.172578884356580975e+00
1.171418364709807092e+00
1.170268964632376507e+00
1.169130547605029768e+00
1.168002979133211827e+00
1.166886126712312954e+00
1.165779859793553808e+00
1.164684049750546402e+00
1.163598569846467035e+00
1.162523295201877582e+00
1.161458102763148315e+00
1.160402871271481784e+00
1.159357481232530018e+00
1.158321814886579482e+00
1.157295756179309132e+00
1.156279190733094042e+00
1.155272005818852588e+00
1.154274090328428981e+00
1.153285334747485402e+00
1.152305631128911712e+00
1.151334873066731213e+00
1.150372955670493136e+00
1.149419775540143185e+00
1.148475230741368147e+00
1.147539220781392144e+00
1.146611646585232513e+00
1.145692410472384459e+00
1.144781416133948015e+00
1.143878568610173563e+00
1.142983774268421904e+00
1.142096940781533121e+00
1.141217977106591341e+00
1.140346793464078301e+00
1.139483301317414154e+00
1.138627413352867102e+00
1.137779043459835160e+00
1.136938106711484986e+00
1.136104519345739527e+00
1.135278198746622724e+00
1.134459063425927949e+00
1.133647033005228844e+00
1.132842028198212558e+00
1.132043970793331189e+00
1.131252783636762738e+00
1.130468390615688046e+00
1.129690716641851722e+00
1.128919687635436375e+00
1.128155230509207740e+00
1.127397273152958235e+00
1.126645744418211192e+00
1.125900574103213758e+00
1.125161692938182467e+00
1.124429032570818610e+00
1.123702525552074283e+00
1.122982105322172242e+00
1.122267706196874215e+00
1.121559263353983260e+00
1.120856712820089918e+00
1.120159991457547966e+00
1.119469036951674656e+00
1.118783787798182328e+00
1.118104183290816289e+00
1.117430163509221197e+00
1.116761669307005267e+00
1.116098642300022536e+00
1.115441024854846308e+00
1.114788760077450869e+00
1.114141791802079950e+00
1.113500064580314142e+00
1.112863523670318155e+00
1.112232115026275281e+00
1.111605785288005466e+00
1.110984481770753263e+00
1.110368152455153634e+00
1.109756745977370063e+00
1.109150211619392534e+00
1.108548499299507384e+00
1.107951559562923682e+00
1.107359343572554389e+00
1.106771803099962703e+00
1.106188890516447199e+00
1.105610558784286823e+00
1.105036761448122906e+00
1.104467452626493706e+00
1.103902587003505520e+00
1.103342119820639233e+00
1.102786006868696767e+00
1.102234204479879853e+00
1.101686669519998496e+00
1.101143359380809095e+00
1.100604231972476255e+00
1.100069245716161381e+00
1.099538359536728738e+00
1.099011532855573847e+00
1.098488725583568471e+00
1.097969898114118381e+00
1.097455011316336604e+00
1.096944026528323457e+00
1.096436905550559837e+00
1.095933610639405087e+00
1.095434104500697003e+00
1.094938350283460649e+00
1.094446311573712638e+00
1.093957952388367127e+00
1.093473237169238832e+00
1.092992130777141968e+00
1.092514598486081789e+00
1.092040605977542489e+00
1.091570119334859257e+00
1.091103105037684706e+00
1.090639529956540343e+00
1.090179361347454634e+00
1.089722566846685226e+00
1.089269114465523547e+00
1.088818972585182676e+00
1.088372109951762035e+00
1.087928495671293128e+00
1.087488099204862779e+00
1.087050890363810751e+00
1.086616839305000637e+00
1.086185916526168027e+00
1.085758092861337509e+00
1.085333339476309833e+00
1.084911627864222572e+00
1.084492929841172959e+00
1.084077217541914218e+00
1.083664463415611845e+00
1.083254640221671172e+00
1.082847721025621102e+00
1.082443679195066677e+00
1.082042488395700275e+00
1.081644122587374524e+00
1.081248556020232066e+00
1.080855763230897271e+00
1.080465719038723460e+00
1.080078398542094753e+00
1.079693777114790088e+00
1.079311830402391426e+00
1.078932534318755687e+00
1.078555865042533091e+00
1.078181799013739450e+00
1.077810312930379988e+00
1.077441383745121550e+00
1.077074988662015897e+00
1.076711105133270729e+00
1.076349710856066677e+00
1.075990783769426029e+00
1.075634302051120761e+00
1.075280244114631412e+00
1.074928588606147928e+00
1.074579314401615582e+00
1.074232400603821969e+00
1.073887826539529078e+00
1.073545571756645112e+00
1.073205616021438713e+00
1.072867939315790053e+00
1.072532521834489438e+00
1.072199343982565001e+00
1.071868386372656357e+00
1.071539629822422235e+00
1.071213055351986965e+00
1.070888644181422711e+00
1.070566377728268126e+00
1.070246237605081863e+00
1.069928205617031391e+00
1.069612263759516457e+00
1.069298394215825843e+00
1.068986579354825661e+00
1.068676801728684067e+00
1.068369044070624163e+00
1.068063289292711104e+00
1.067759520483669622e+00
1.067457720906731522e+00
1.067157873997514050e+00
1.066859963361927566e+00
1.066563972774113189e+00
1.066269886174407544e+00
1.065977687667337470e+00
1.065687361519640941e+00
1.065398892158318400e+00
1.065112264168706080e+00
1.064827462292580629e+00
1.064544471426288608e+00
1.064263276618899523e+00
1.063983863070386615e+00
1.063706216129830517e+00
1.063430321293652003e+00
1.063156164203861387e+00
1.062883730646339675e+00
1.062613006549135708e+00
1.062343977980794829e+00
1.062076631148701322e+00
1.061810952397449048e+00
1.061546928207233176e+00
1.061284545192261231e+00
1.061023790099190123e+00
1.060764649805578275e+00
1.060507111318362394e+00
1.060251161772355566e+00
1.059996788428761327e+00
1.059743978673710396e+00
1.059492720016817602e+00
1.059243000089756137e+00
1.058994806644850240e+00
1.058748127553689855e+00
1.058502950805758624e+00
1.058259264507085851e+00
1.058017056878910456e+00
1.057776316256367144e+00
1.057537031087186996e+00
1.057299189930416050e+00
1.057062781455151201e+00
1.056827794439290757e+00
1.056594217768304533e+00
1.056362040434015714e+00
1.056131251533403370e+00
1.055901840267415404e+00
1.055673795939801485e+00
1.055447107955957531e+00
1.055221765821788393e+00
1.054997759142581426e+00
1.054775077621897816e+00
1.054553711060477461e+00
1.054333649355155167e+00
1.054114882497794392e+00
1.053897400574234977e+00
1.053681193763247315e+00
1.053466252335510500e+00
1.053252566652594480e+00
1.053040127165959738e+00
1.052828924415968315e+00
1.052618949030907913e+00
1.052410191726027788e+00
1.052202643302586171e+00
1.051996294646911689e+00
1.051791136729474774e+00
1.051587160603971283e+00
1.051384357406417669e+00
1.051182718354258139e+00
1.050982234745480248e+00
1.050782897957746487e+00
1.050584699447531190e+00
1.050387630749272327e+00
1.050191683474530846e+00
1.049996849311162883e+00
1.049803120022499980e+00
1.049610487446543283e+00
1.049418943495160184e+00
1.049228480153299836e+00
1.049039089478213116e+00
1.048850763598680125e+00
1.048663494714255018e+00
1.048477275094511718e+00
1.048292097078302954e+00
1.048107953073028398e+00
1.047924835553910139e+00
1.047742737063278584e+00
1.047561650209865469e+00
1.047381567668106861e+00
1.047202482177453042e+00
1.047024386541689056e+00
1.046847273628260355e+00
1.046671136367609334e+00
1.046495967752517631e+00
1.046321760837459092e+00
1.046148508737956506e+00
1.045976204629950113e+00
1.045804841749171432e+00
1.045634413390523987e+00
1.045464912907473787e+00
1.045296333711443815e+00
1.045128669271220501e+00
1.044961913112360197e+00
1.044796058816610307e+00
1.044631100021331305e+00
