9.999999999999997473e+35
2.973420223264784049e+34
4.714307360426734944e+33
1.342222327366471021e+33
5.167147704912291404e+32
2.392210723284744832e+32
1.254470220090858192e+32
7.196772776451985587e+31
4.418617742646049843e+31
2.860784271009040975e+31
1.932887451246784824e+31
1.352504992884493096e+31
9.745092070790759835e+30
7.198131469377012112e+30
5.431504592941134708e+30
4.175102973910735226e+30
3.261873323119433036e+30
2.585231842295843889e+30
2.075292664812676552e+30
1.685111671484565816e+30
1.382469010604690298e+30
1.144819627578816900e+30
9.561110428977614113e+29
8.047317247850511995e+29
6.821608432080290235e+29
5.820628187543580236e+29
4.996696593167716352e+29
4.313529458807828718e+29
3.743229182238524053e+29
3.264140739432667646e+29
2.859305062961493006e+29
2.515330456697477672e+29
2.221560187330243674e+29
1.969452353757910001e+29
1.752113553439244808e+29
1.563945108729871866e+29
1.400372459018191754e+29
1.257636551943529615e+29
1.132631844927621347e+29
1.022779627497137825e+29
9.259283112252753433e+28
8.402744566627489398e+28
7.642998541588451767e+28
6.967211130020958064e+28
6.364490559598676240e+28
5.825558451176130790e+28
5.342482374704617561e+28
4.908457262154333297e+28
4.517625958737074300e+28
4.164931278633901360e+28
