1.427996660722633260e-01
1.719424550666027729e-01
2.010852440609422476e-01
2.302280330552816945e-01
2.593708220496211414e-01
2.885136110439605606e-01
3.176564000383000907e-01
3.467991890326395099e-01
3.759419780269789291e-01
4.050847670213184593e-01
4.342275560156578784e-01
4.633703450099972976e-01
4.925131340043368278e-01
5.216559229986762469e-01
5.507987119930156661e-01
5.799415009873550853e-01
6.090842899816946154e-01
6.382270789760340346e-01
6.673698679703735648e-01
6.965126569647129839e-01
7.256554459590524031e-01
7.547982349533919333e-01
7.839410239477313525e-01
8.130838129420707716e-01
8.422266019364103018e-01
8.713693909307497210e-01
9.005121799250891401e-01
9.296549689194285593e-01
9.587977579137680895e-01
9.879405469081075086e-01
1.017083335902446928e+00
1.046226124896786347e+00
1.075368913891125766e+00
1.104511702885465185e+00
1.133654491879804826e+00
1.162797280874144024e+00
1.191940069868483665e+00
1.221082858862823084e+00
1.250225647857162503e+00
1.279368436851501922e+00
1.308511225845841341e+00
1.337654014840180761e+00
1.366796803834520402e+00
1.395939592828859821e+00
1.425082381823199240e+00
1.454225170817538659e+00
1.483367959811878078e+00
1.512510748806217498e+00
1.541653537800557139e+00
1.570796326794896558e+00
