1.0 83.64271545410156
1.2 83.55590057373047
1.4 83.45800018310547
1.6 83.35009765625
1.8 83.233154296875
2.0 83.10802459716797
2.2 82.97547912597656
2.4 82.83619689941406
2.6 82.69081115722656
2.8 82.53986358642578
3.0 82.38387298583984
3.2 82.22327423095703
3.4 82.05850219726562
3.6 81.88993072509766
3.8 81.71790313720703
4.0 81.54273223876953
4.2 81.36470794677734
4.4 81.18411254882812
4.6 81.00118255615234
4.8 80.8161392211914
5.0 80.62920379638672
5.2 80.44056701660156
5.4 80.25041198730469
5.6 80.05890655517578
5.8 79.86619567871094
6.0 79.67243957519531
6.2 79.4777603149414
6.4 79.28229522705078
6.6 79.08615112304688
6.8 78.88944244384766
7.0 78.6922607421875
7.2 78.49471282958984
7.4 78.29688262939453
7.6 78.0988540649414
7.8 77.90070343017578
8.0 77.70249938964844
8.2 77.50431823730469
8.4 77.30620574951172
8.6 77.10823822021484
8.8 76.91046905517578
9.0 76.71293640136719
9.2 76.51570129394531
9.4 76.31880187988281
9.6 76.12228393554688
9.8 75.92617797851562
10.0 75.73052978515625
10.2 75.53536987304688
10.4 75.34072875976562
10.6 75.14663696289062
10.8 74.953125
11.0 74.76020812988281
11.2 74.56792449951172
11.4 74.37628173828125
11.6 74.18531036376953
11.8 73.99502563476562
12.0 73.80545043945312
12.2 73.61658477783203
12.4 73.42845916748047
12.6 73.2410888671875
12.8 73.05447387695312
13.0 72.8686294555664
13.2 72.6835708618164
13.4 72.49929809570312
13.6 72.31583404541016
13.8 72.1331787109375
14.0 71.95133209228516
14.2 71.77031707763672
14.4 71.59012603759766
14.6 71.4107666015625
14.8 71.23223876953125
15.0 71.05455780029297
15.2 70.87771606445312
15.4 70.70172119140625
15.6 70.52657318115234
15.8 70.3522720336914
16.0 70.17882537841797
16.2 70.00623321533203
16.4 69.83448791503906
16.6 69.66358947753906
16.8 69.49354553222656
17.0 69.32435607910156
17.2 69.15601348876953
17.4 68.98851013183594
17.6 68.82186126708984
17.8 68.65605926513672
18.0 68.49109649658203
18.2 68.32697296142578
18.4 68.16368103027344
18.6 68.00123596191406
18.8 67.83961486816406
19.0 67.67882537841797
19.2 67.51885986328125
19.4 67.35971069335938
19.6 67.20138549804688
19.8 67.04387664794922
20.0 66.88717651367188
20.2 66.73128509521484
20.4 66.57620239257812
20.6 66.42190551757812
20.8 66.26841735839844
21.0 66.11570739746094
21.2 65.96379089355469
21.4 65.81266021728516
21.6 65.66230010986328
21.8 65.51271057128906
22.0 65.36389923095703
22.2 65.2158432006836
22.4 65.06855010986328
22.6 64.92201232910156
22.8 64.7762222290039
23.0 64.63117218017578
23.2 64.48686981201172
23.4 64.34329986572266
23.6 64.2004623413086
23.8 64.058349609375
24.0 63.916954040527344
24.2 63.776275634765625
24.4 63.63631057739258
24.6 63.497047424316406
24.8 63.358489990234375
25.0 63.22062683105469
25.2 63.08345413208008
25.4 62.94697189331055
25.6 62.8111686706543
25.8 62.67604064941406
26.0 62.541587829589844
26.2 62.407798767089844
26.4 62.27467346191406
26.6 62.142208099365234
26.8 62.01039505004883
27.0 61.87922668457031
27.2 61.74870681762695
27.4 61.61882019042969
27.6 61.48957061767578
27.8 61.3609504699707
28.0 61.23295593261719
28.2 61.1055793762207
28.4 60.978816986083984
28.6 60.85266876220703
28.8 60.72712326049805
29.0 60.60218048095703
29.2 60.47783660888672
29.4 60.35408401489258
29.6 60.23092269897461
29.8 60.108341217041016
30.0 59.98634338378906
30.2 59.86491775512695
30.4 59.74406433105469
30.6 59.623775482177734
30.8 59.504051208496094
31.0 59.384883880615234
31.2 59.26626968383789
31.4 59.14820861816406
31.6 59.03068923950195
31.8 58.91371536254883
32.0 58.79727554321289
32.2 58.681373596191406
32.4 58.56599807739258
32.6 58.451148986816406
32.8 58.33681869506836
33.0 58.22300720214844
33.2 58.109710693359375
33.4 57.996925354003906
33.6 57.8846435546875
33.8 57.772865295410156
34.0 57.66158676147461
34.2 57.550804138183594
34.4 57.44050979614258
34.6 57.33070373535156
34.8 57.22138214111328
35.0 57.11254119873047
35.2 57.00417709350586
35.4 56.89628601074219
35.6 56.78886413574219
35.8 56.68191146850586
36.0 56.57542037963867
36.2 56.46938705444336
36.4 56.36381149291992
36.6 56.25868606567383
36.8 56.154014587402344
37.0 56.04978561401367
37.2 55.94600296020508
37.4 55.84265899658203
37.6 55.739749908447266
37.8 55.63727569580078
38.0 55.53523254394531
38.2 55.433616638183594
38.4 55.33242416381836
38.6 55.231651306152344
38.8 55.13129806518555
39.0 55.0313606262207
39.2 54.93183517456055
39.4 54.83271789550781
39.6 54.7340087890625
39.8 54.63570022583008
40.0 54.53779602050781
40.2 54.440284729003906
40.4 54.34317398071289
40.6 54.24645233154297
40.8 54.15011978149414
41.0 54.05417251586914
41.2 53.95861053466797
41.4 53.86343002319336
41.6 53.76863098144531
41.8 53.6742057800293
42.0 53.58015441894531
42.2 53.486473083496094
42.4 53.39316177368164
42.6 53.30021286010742
42.8 53.2076301574707
43.0 53.11540603637695
43.2 53.02354431152344
43.4 52.93203353881836
43.6 52.840877532958984
43.8 52.75007629394531
44.0 52.65962219238281
44.2 52.56951141357422
44.4 52.4797477722168
44.6 52.390323638916016
44.8 52.30124282836914
45.0 52.212493896484375
45.2 52.12408447265625
45.4 52.036006927490234
45.6 51.94825744628906
45.8 51.86083984375
46.0 51.773746490478516
46.2 51.68697738647461
46.4 51.600528717041016
46.6 51.514400482177734
46.8 51.428592681884766
47.0 51.34309768676758
47.2 51.25791931152344
47.4 51.17304992675781
47.6 51.0884895324707
47.8 51.00423812866211
48.0 50.92029571533203
48.2 50.83665084838867
48.4 50.75331115722656
48.6 50.67027282714844
48.8 50.58753204345703
49.0 50.50508499145508
49.2 50.42293167114258
49.4 50.34107208251953
49.6 50.25950241088867
49.8 50.17822265625
50.0 50.09722900390625
50.2 50.01652145385742
50.4 49.93609619140625
50.6 49.855953216552734
50.8 49.77608871459961
51.0 49.69650650024414
51.2 49.61719512939453
51.4 49.53816223144531
51.6 49.45940017700195
51.8 49.38091278076172
52.0 49.30269241333008
52.2 49.22473907470703
52.4 49.14705276489258
52.6 49.06963348388672
52.8 48.99247741699219
53.0 48.91558074951172
53.2 48.83894348144531
53.4 48.762569427490234
53.6 48.68644714355469
53.8 48.6105842590332
54.0 48.53497314453125
54.2 48.459617614746094
54.4 48.3845100402832
54.6 48.309654235839844
54.8 48.23504638671875
55.0 48.160682678222656
55.2 48.08656692504883
55.4 48.012691497802734
55.6 47.93906021118164
55.8 47.86567306518555
56.0 47.79252243041992
56.2 47.719608306884766
56.4 47.646934509277344
56.6 47.574493408203125
56.8 47.502288818359375
57.0 47.43031692504883
57.2 47.35857391357422
57.4 47.28706359863281
57.6 47.215782165527344
57.8 47.14472961425781
58.0 47.07390213012695
58.2 47.0032958984375
58.4 46.932918548583984
58.6 46.862762451171875
58.8 46.79282760620117
59.0 46.72311019897461
59.2 46.65361404418945
59.4 46.58433532714844
59.6 46.51527404785156
59.8 46.44642639160156
60.0 46.3777961730957
60.2 46.30937576293945
60.4 46.24116897583008
60.6 46.17317199707031
60.8 46.105384826660156
61.0 46.037803649902344
61.2 45.97043228149414
61.4 45.90326690673828
61.6 45.8363037109375
61.8 45.76955032348633
62.0 45.70299530029297
62.2 45.63664245605469
62.4 45.570491790771484
62.6 45.504539489746094
62.8 45.438785552978516
63.0 45.37322998046875
63.2 45.3078727722168
63.4 45.24271011352539
63.6 45.177738189697266
63.8 45.11296463012695
64.0 45.04838180541992
64.2 44.98398971557617
64.4 44.9197883605957
64.6 44.855777740478516
64.8 44.791954040527344
65.0 44.72831726074219
65.2 44.66486740112305
65.4 44.60160446166992
65.6 44.53852844238281
65.8 44.47563171386719
66.0 44.41292190551758
66.2 44.35039138793945
66.4 44.28804016113281
66.6 44.22587203979492
66.8 44.163883209228516
67.0 44.102073669433594
67.2 44.04043960571289
67.4 43.978981018066406
67.6 43.91769790649414
67.8 43.856590270996094
68.0 43.795658111572266
68.2 43.73489761352539
68.4 43.67430877685547
68.6 43.613895416259766
68.8 43.553646087646484
69.0 43.49357223510742
69.2 43.43366241455078
69.4 43.373924255371094
69.6 43.314353942871094
69.8 43.254947662353516
70.0 43.19570541381836
70.2 43.13663101196289
70.4 43.077720642089844
70.6 43.01897048950195
70.8 42.960384368896484
71.0 42.90196228027344
71.2 42.84370040893555
71.4 42.78559494018555
71.6 42.72765350341797
71.8 42.66986846923828
72.0 42.612239837646484
72.2 42.554771423339844
72.4 42.49745559692383
72.6 42.44029998779297
72.8 42.383296966552734
73.0 42.326446533203125
73.2 42.269752502441406
73.4 42.21321105957031
73.6 42.156822204589844
73.8 42.100582122802734
74.0 42.04449462890625
74.2 41.988555908203125
74.4 41.932769775390625
74.6 41.87712860107422
74.8 41.82163619995117
75.0 41.766292572021484
75.2 41.71109390258789
75.4 41.65604019165039
75.6 41.60113525390625
75.8 41.54637145996094
76.0 41.49175262451172
76.2 41.437278747558594
76.4 41.3829460144043
76.6 41.32875442504883
76.8 41.27470779418945
77.0 41.22079849243164
77.2 41.167030334472656
77.4 41.1134033203125
77.6 41.059913635253906
77.8 41.00656509399414
78.0 40.95335006713867
78.2 40.900272369384766
78.4 40.84733581542969
78.6 40.79452896118164
78.8 40.74186325073242
79.0 40.689327239990234
79.2 40.63692855834961
79.4 40.58466339111328
79.6 40.53253173828125
79.8 40.48052978515625
80.0 40.42866134643555
80.2 40.376922607421875
80.4 40.3253173828125
80.6 40.273841857910156
80.8 40.22249221801758
81.0 40.1712760925293
81.2 40.12018585205078
81.4 40.0692253112793
81.6 40.01839065551758
81.8 39.967681884765625
82.0 39.9171028137207
82.2 39.86664581298828
82.4 39.81631851196289
82.6 39.76611328125
82.8 39.71603012084961
83.0 39.666072845458984
83.2 39.61623764038086
83.4 39.5665283203125
83.6 39.516937255859375
83.8 39.467472076416016
84.0 39.41812515258789
84.2 39.368900299072266
84.4 39.319793701171875
84.6 39.270809173583984
84.8 39.22193908691406
85.0 39.17319107055664
85.2 39.12456130981445
85.4 39.0760498046875
85.6 39.02765655517578
85.8 38.97937774658203
86.0 38.931217193603516
86.2 38.88317108154297
86.4 38.83523941040039
86.6 38.78742218017578
86.8 38.739723205566406
87.0 38.692134857177734
87.2 38.64466094970703
87.4 38.5973014831543
87.6 38.550052642822266
87.8 38.50291442871094
88.0 38.45589065551758
88.2 38.40897750854492
88.4 38.36217498779297
88.6 38.31548309326172
88.8 38.26890182495117
89.0 38.22243118286133
89.2 38.17606735229492
89.4 38.12981033325195
89.6 38.08366394042969
89.8 38.037628173828125
90.0 37.991695404052734
90.2 37.94587326049805
90.4 37.90015411376953
90.6 37.85454177856445
90.8 37.80903625488281
91.0 37.76363754272461
91.2 37.71834182739258
91.4 37.67314910888672
91.6 37.6280632019043
91.8 37.58308029174805
92.0 37.53820037841797
92.2 37.49342346191406
92.4 37.44874954223633
92.6 37.404178619384766
92.8 37.35970687866211
93.0 37.315338134765625
93.2 37.27106857299805
93.4 37.22690200805664
93.6 37.18283462524414
93.8 37.13887023925781
94.0 37.095001220703125
94.2 37.051231384277344
94.4 37.00756072998047
94.6 36.9639892578125
94.8 36.92051696777344
95.0 36.877140045166016
95.2 36.8338623046875
95.4 36.790679931640625
95.6 36.747596740722656
95.8 36.70460510253906
96.0 36.661712646484375
96.2 36.61891555786133
96.4 36.57621383666992
96.6 36.53360366821289
96.8 36.491092681884766
97.0 36.448673248291016
97.2 36.406349182128906
97.4 36.36411666870117
97.6 36.32197570800781
97.8 36.279930114746094
98.0 36.23797607421875
98.2 36.19611358642578
98.4 36.15434646606445
98.6 36.112667083740234
98.8 36.07107925415039
99.0 36.02958297729492
99.2 35.98817443847656
99.4 35.946861267089844
99.6 35.90563201904297
99.8 35.864498138427734
100.0 35.823448181152344
100.2 35.78248977661133
100.4 35.74161911010742
100.6 35.700836181640625
100.8 35.66014099121094
101.0 35.61953353881836
101.2 35.57901382446289
101.4 35.53858184814453
101.6 35.49823760986328
101.8 35.457977294921875
102.0 35.41780471801758
102.2 35.377716064453125
102.4 35.337711334228516
102.6 35.297794342041016
102.8 35.257965087890625
103.0 35.21821594238281
103.2 35.178550720214844
103.4 35.138973236083984
103.6 35.0994758605957
103.8 35.060062408447266
104.0 35.02073287963867
104.2 34.98148727416992
104.4 34.94232177734375
104.6 34.90324020385742
104.8 34.86424255371094
105.0 34.825321197509766
105.2 34.78648376464844
105.4 34.74773025512695
105.6 34.70905303955078
105.8 34.67045974731445
106.0 34.6319465637207
106.2 34.59351348876953
106.4 34.55515670776367
106.6 34.516883850097656
106.8 34.47868728637695
107.0 34.44057083129883
107.2 34.40253448486328
107.4 34.36457443237305
107.6 34.32669448852539
107.8 34.28889083862305
108.0 34.251163482666016
108.2 34.21351623535156
108.4 34.17594528198242
108.6 34.138450622558594
108.8 34.10103225708008
109.0 34.063690185546875
109.2 34.026424407958984
109.4 33.989234924316406
109.6 33.95212173461914
109.8 33.91508483886719
110.0 33.87812042236328
110.2 33.84123229980469
110.4 33.80441665649414
110.6 33.767677307128906
110.8 33.731014251708984
111.0 33.69442367553711
111.2 33.65790557861328
111.4 33.6214599609375
111.6 33.58509063720703
111.8 33.548789978027344
112.0 33.51256561279297
112.2 33.47641372680664
112.4 33.440330505371094
112.6 33.40432357788086
112.8 33.368385314941406
113.0 33.33251953125
113.2 33.29672622680664
113.4 33.26100158691406
113.6 33.22534942626953
113.8 33.18976974487305
114.0 33.154258728027344
114.2 33.11881637573242
114.4 33.08344650268555
114.6 33.04814147949219
114.8 33.01291275024414
115.0 32.97774887084961
115.2 32.94265365600586
115.4 32.907630920410156
115.6 32.87267303466797
115.8 32.83778762817383
116.0 32.8029670715332
116.2 32.76821517944336
116.4 32.7335319519043
116.6 32.698917388916016
116.8 32.66436767578125
117.0 32.629886627197266
117.2 32.5954704284668
117.4 32.56112289428711
117.6 32.52684020996094
117.8 32.49262619018555
118.0 32.45847702026367
118.2 32.42439270019531
118.4 32.390377044677734
118.6 32.35642623901367
118.8 32.32253646850586
119.0 32.28871536254883
119.2 32.25495910644531
119.4 32.22126770019531
119.6 32.18764114379883
119.8 32.154075622558594
120.0 32.12057876586914
120.2 32.08714294433594
120.4 32.05377197265625
120.6 32.02046203613281
120.8 31.987218856811523
121.0 31.954036712646484
121.2 31.92091941833496
121.4 31.887863159179688
121.6 31.854869842529297
121.8 31.82193946838379
122.0 31.78907012939453
122.2 31.756263732910156
122.4 31.72351837158203
122.6 31.69083595275879
122.8 31.658212661743164
123.0 31.625652313232422
123.2 31.59315299987793
123.4 31.560714721679688
123.6 31.528337478637695
123.8 31.49601936340332
124.0 31.463762283325195
124.2 31.43156623840332
124.4 31.399429321289062
124.6 31.367351531982422
124.8 31.33533477783203
125.0 31.303375244140625
125.2 31.27147674560547
125.4 31.23963737487793
125.6 31.207857131958008
125.8 31.176136016845703
126.0 31.144472122192383
126.2 31.11286735534668
126.4 31.08131980895996
126.6 31.04983139038086
126.8 31.018400192260742
127.0 30.987028121948242
127.2 30.955713272094727
127.4 30.924453735351562
127.6 30.893253326416016
127.8 30.862110137939453
128.0 30.831024169921875
128.2 30.79999351501465
128.4 30.769020080566406
128.6 30.738101959228516
128.8 30.70724105834961
129.0 30.676437377929688
129.2 30.645689010620117
129.4 30.6149959564209
129.6 30.58435821533203
129.8 30.553775787353516
130.0 30.52324867248535
130.2 30.49277687072754
130.4 30.462360382080078
130.6 30.43199920654297
130.8 30.401691436767578
131.0 30.37143898010254
131.2 30.34124183654785
131.4 30.31109619140625
131.6 30.281005859375
131.8 30.2509708404541
132.0 30.22098731994629
132.2 30.191059112548828
132.4 30.161184310913086
132.6 30.13136100769043
132.8 30.101593017578125
133.0 30.071876525878906
133.2 30.042213439941406
133.4 30.012601852416992
133.6 29.98304557800293
133.8 29.95353889465332
134.0 29.92408561706543
134.2 29.894683837890625
134.4 29.86533546447754
134.6 29.83603858947754
134.8 29.806791305541992
135.0 29.777597427368164
135.2 29.748455047607422
135.4 29.719362258911133
135.6 29.690322875976562
135.8 29.661333084106445
136.0 29.632394790649414
136.2 29.603506088256836
136.4 29.574668884277344
136.6 29.545881271362305
136.8 29.51714324951172
137.0 29.48845672607422
137.2 29.459819793701172
137.4 29.43123435974121
137.6 29.40269660949707
137.8 29.374208450317383
138.0 29.34576988220215
138.2 29.317380905151367
138.4 29.28904151916504
138.6 29.26074981689453
138.8 29.23250961303711
139.0 29.204315185546875
139.2 29.176172256469727
139.4 29.148075103759766
139.6 29.120027542114258
139.8 29.09202766418457
140.0 29.064077377319336
140.2 29.036174774169922
140.4 29.008317947387695
140.6 28.980510711669922
140.8 28.95275115966797
141.0 28.925039291381836
141.2 28.89737319946289
141.4 28.869754791259766
141.6 28.84218406677246
141.8 28.814661026000977
142.0 28.78718376159668
142.2 28.759754180908203
142.4 28.732370376586914
142.6 28.705032348632812
142.8 28.67774200439453
143.0 28.650497436523438
143.2 28.62329864501953
143.4 28.596145629882812
143.6 28.56903839111328
143.8 28.541976928710938
144.0 28.514963150024414
144.2 28.487993240356445
144.4 28.46106719970703
144.6 28.434188842773438
144.8 28.4073543548584
145.0 28.380565643310547
145.2 28.35382080078125
145.4 28.32712173461914
145.6 28.300466537475586
145.8 28.27385711669922
146.0 28.247291564941406
146.2 28.22076988220215
146.4 28.194292068481445
146.6 28.16786003112793
146.8 28.141469955444336
147.0 28.11512565612793
147.2 28.088823318481445
147.4 28.06256675720215
147.6 28.036352157592773
147.8 28.010181427001953
148.0 27.984052658081055
148.2 27.957969665527344
148.4 27.931926727294922
148.6 27.905929565429688
148.8 27.879974365234375
149.0 27.854061126708984
149.2 27.82819175720215
149.4 27.8023624420166
149.6 27.776578903198242
149.8 27.750835418701172
150.0 27.725133895874023
150.2 27.69947624206543
150.4 27.673860549926758
150.6 27.648284912109375
150.8 27.622753143310547
151.0 27.597261428833008
151.2 27.57181167602539
151.4 27.546403884887695
151.6 27.52103614807129
151.8 27.495710372924805
152.0 27.470426559448242
152.2 27.44518280029297
152.4 27.419981002807617
152.6 27.394819259643555
152.8 27.369699478149414
153.0 27.34461784362793
153.2 27.319578170776367
153.4 27.294580459594727
153.6 27.269620895385742
153.8 27.244701385498047
154.0 27.219823837280273
154.2 27.194984436035156
154.4 27.17018699645996
154.6 27.145427703857422
154.8 27.120708465576172
155.0 27.09602928161621
155.2 27.07139015197754
155.4 27.046789169311523
155.6 27.022228240966797
155.8 26.99770736694336
156.0 26.973224639892578
156.2 26.948780059814453
156.4 26.924375534057617
156.6 26.900009155273438
156.8 26.875682830810547
157.0 26.851394653320312
157.2 26.827144622802734
157.4 26.802934646606445
157.6 26.77876091003418
157.8 26.754627227783203
158.0 26.73052978515625
158.2 26.706472396850586
158.4 26.682451248168945
158.6 26.65846824645996
158.8 26.634525299072266
159.0 26.61061668395996
159.2 26.586748123168945
159.4 26.562917709350586
159.6 26.53912353515625
159.8 26.515365600585938
160.0 26.49164581298828
160.2 26.46796417236328
160.4 26.444318771362305
160.6 26.420711517333984
160.8 26.397138595581055
161.0 26.373605728149414
161.2 26.350107192993164
161.4 26.32664680480957
161.6 26.303220748901367
161.8 26.27983283996582
162.0 26.256481170654297
162.2 26.23316764831543
162.4 26.209888458251953
162.6 26.1866455078125
162.8 26.163436889648438
163.0 26.14026641845703
163.2 26.11713218688965
163.4 26.094032287597656
163.6 26.070968627929688
163.8 26.047941207885742
164.0 26.024948120117188
164.2 26.001991271972656
164.4 25.97907066345215
164.6 25.95618438720703
164.8 25.933332443237305
165.0 25.9105167388916
165.2 25.88773536682129
165.4 25.864990234375
165.6 25.84227752685547
165.8 25.81960105895996
166.0 25.796960830688477
166.2 25.77435302734375
166.4 25.751781463623047
166.6 25.7292423248291
166.8 25.70673942565918
167.0 25.684268951416016
167.2 25.661834716796875
167.4 25.639432907104492
167.6 25.6170654296875
167.8 25.59473419189453
168.0 25.572433471679688
168.2 25.550168991088867
168.4 25.527936935424805
168.6 25.505739212036133
168.8 25.48357582092285
169.0 25.461444854736328
169.2 25.439348220825195
169.4 25.41728401184082
169.6 25.395252227783203
169.8 25.373254776000977
170.0 25.35129165649414
170.2 25.32935905456543
170.4 25.30746078491211
170.6 25.28559684753418
170.8 25.263763427734375
171.0 25.24196434020996
171.2 25.220195770263672
171.4 25.198461532592773
171.6 25.176759719848633
171.8 25.15509033203125
172.0 25.133453369140625
172.2 25.111848831176758
172.4 25.090274810791016
172.6 25.068735122680664
172.8 25.047225952148438
173.0 25.02574920654297
173.2 25.004304885864258
173.4 24.982892990112305
173.6 24.961511611938477
173.8 24.940162658691406
174.0 24.91884422302246
174.2 24.897558212280273
174.4 24.876304626464844
174.6 24.85508155822754
174.8 24.83388900756836
175.0 24.812728881835938
175.2 24.791601181030273
175.4 24.7705020904541
175.6 24.749435424804688
175.8 24.7283992767334
176.0 24.707393646240234
176.2 24.686420440673828
176.4 24.665477752685547
176.6 24.644563674926758
176.8 24.623682022094727
177.0 24.60283088684082
177.2 24.58201026916504
177.4 24.561220169067383
177.6 24.54046058654785
177.8 24.519731521606445
178.0 24.49903106689453
178.2 24.478363037109375
178.4 24.45772361755371
178.6 24.437114715576172
178.8 24.416534423828125
179.0 24.395986557006836
179.2 24.37546730041504
179.4 24.354976654052734
179.6 24.334518432617188
179.8 24.3140869140625
180.0 24.29368782043457
180.2 24.273317337036133
180.4 24.252975463867188
180.6 24.232662200927734
180.8 24.212379455566406
181.0 24.192127227783203
181.2 24.17190170288086
181.4 24.15170669555664
181.6 24.131542205810547
181.8 24.111404418945312
182.0 24.091297149658203
182.2 24.071216583251953
182.4 24.051166534423828
182.6 24.031145095825195
182.8 24.011152267456055
183.0 23.991188049316406
183.2 23.97125244140625
183.4 23.951345443725586
183.6 23.931467056274414
183.8 23.9116153717041
184.0 23.891794204711914
184.2 23.871999740600586
184.4 23.852235794067383
184.6 23.832496643066406
184.8 23.812788009643555
185.0 23.793106079101562
185.2 23.773452758789062
185.4 23.753828048706055
185.6 23.734230041503906
185.8 23.71466064453125
186.0 23.695117950439453
186.2 23.67560386657715
186.4 23.656118392944336
186.6 23.63665771484375
186.8 23.617225646972656
187.0 23.597822189331055
187.2 23.578445434570312
187.4 23.55909538269043
187.6 23.53977394104004
187.8 23.520477294921875
188.0 23.501209259033203
188.2 23.48196792602539
188.4 23.46275520324707
188.6 23.443567276000977
188.8 23.424407958984375
189.0 23.405275344848633
189.2 23.386167526245117
189.4 23.367088317871094
189.6 23.34803581237793
189.8 23.329008102416992
190.0 23.310009002685547
190.2 23.291034698486328
190.4 23.2720890045166
190.6 23.2531681060791
190.8 23.23427391052246
191.0 23.21540641784668
191.2 23.196563720703125
191.4 23.177749633789062
191.6 23.158960342407227
191.8 23.140195846557617
192.0 23.121458053588867
192.2 23.102746963500977
192.4 23.084062576293945
192.6 23.06540298461914
192.8 23.046768188476562
193.0 23.028160095214844
193.2 23.009578704833984
193.4 22.99102210998535
193.6 22.972490310668945
193.8 22.9539852142334
194.0 22.935504913330078
194.2 22.917049407958984
194.4 22.89862060546875
194.6 22.880216598510742
194.8 22.86183738708496
195.0 22.84348487854004
195.2 22.825157165527344
195.4 22.806852340698242
195.6 22.78857421875
195.8 22.770320892333984
196.0 22.752094268798828
196.2 22.733890533447266
196.4 22.71571159362793
196.6 22.69755744934082
196.8 22.679428100585938
197.0 22.661325454711914
197.2 22.643245697021484
197.4 22.62519073486328
197.6 22.607160568237305
197.8 22.589153289794922
198.0 22.5711727142334
198.2 22.55321502685547
198.4 22.535282135009766
198.6 22.51737403869629
198.8 22.499488830566406
199.0 22.481630325317383
199.2 22.46379280090332
199.4 22.445981979370117
199.6 22.428194046020508
199.8 22.410430908203125
200.0 22.392690658569336
200.2 22.374975204467773
200.4 22.357282638549805
200.6 22.339614868164062
200.8 22.321969985961914
201.0 22.304349899291992
201.2 22.286752700805664
201.4 22.26917839050293
201.6 22.251628875732422
201.8 22.234102249145508
202.0 22.216598510742188
202.2 22.199119567871094
202.4 22.181663513183594
202.6 22.164230346679688
202.8 22.146821975708008
203.0 22.12943458557129
203.2 22.112071990966797
203.4 22.0947322845459
203.6 22.077415466308594
203.8 22.060121536254883
204.0 22.042850494384766
204.2 22.025602340698242
204.4 22.008378982543945
204.6 21.99117660522461
204.8 21.973997116088867
205.0 21.95684051513672
205.2 21.939706802368164
205.4 21.922595977783203
205.6 21.905508041381836
205.8 21.88844108581543
206.0 21.87139892578125
206.2 21.85437774658203
206.4 21.837379455566406
206.6 21.820404052734375
206.8 21.803449630737305
207.0 21.78652000427246
207.2 21.769609451293945
207.4 21.752723693847656
207.6 21.735858917236328
207.8 21.719017028808594
208.0 21.70219612121582
208.2 21.68539810180664
208.4 21.668622970581055
208.6 21.65186882019043
208.8 21.635135650634766
209.0 21.618427276611328
209.2 21.60173797607422
209.4 21.585071563720703
209.6 21.56842613220215
209.8 21.551803588867188
210.0 21.535202026367188
210.2 21.51862144470215
210.4 21.502063751220703
210.6 21.48552703857422
210.8 21.469013214111328
211.0 21.452518463134766
211.2 21.436046600341797
211.4 21.41959571838379
211.6 21.403165817260742
211.8 21.38675880432129
212.0 21.370370864868164
212.2 21.354005813598633
212.4 21.337661743164062
212.6 21.321338653564453
212.8 21.305036544799805
213.0 21.288753509521484
213.2 21.272493362426758
213.4 21.256254196166992
213.6 21.240036010742188
213.8 21.223838806152344
214.0 21.20766258239746
214.2 21.19150733947754
214.4 21.175373077392578
214.6 21.159257888793945
214.8 21.143163681030273
215.0 21.127092361450195
215.2 21.111040115356445
215.4 21.095008850097656
215.6 21.078996658325195
215.8 21.063005447387695
216.0 21.047035217285156
216.2 21.031085968017578
216.4 21.01515769958496
216.6 20.999248504638672
216.8 20.98335838317871
217.0 20.967491149902344
217.2 20.951642990112305
217.4 20.935813903808594
217.6 20.920005798339844
217.8 20.904218673706055
218.0 20.888450622558594
218.2 20.872703552246094
218.4 20.856975555419922
218.6 20.84126853942871
218.8 20.825580596923828
219.0 20.809911727905273
219.2 20.79426383972168
219.4 20.778636932373047
219.6 20.76302719116211
219.8 20.747438430786133
220.0 20.731870651245117
220.2 20.716320037841797
220.4 20.700790405273438
220.6 20.685279846191406
220.8 20.669790267944336
221.0 20.654319763183594
221.2 20.63886833190918
221.4 20.623435974121094
221.6 20.608022689819336
221.8 20.592628479003906
222.0 20.577255249023438
222.2 20.561899185180664
222.4 20.54656410217285
222.6 20.531248092651367
222.8 20.51595115661621
223.0 20.500673294067383
223.2 20.485414505004883
223.4 20.47017478942871
223.6 20.454954147338867
223.8 20.43975257873535
224.0 20.42456817626953
224.2 20.409404754638672
224.4 20.39426040649414
224.6 20.379135131835938
224.8 20.36402702331543
225.0 20.34893798828125
225.2 20.3338680267334
225.4 20.318817138671875
225.6 20.30378532409668
225.8 20.288772583007812
226.0 20.27377700805664
226.2 20.258800506591797
226.4 20.24384307861328
226.6 20.22890281677246
226.8 20.2139835357666
227.0 20.199079513549805
227.2 20.18419647216797
227.4 20.169330596923828
227.6 20.154483795166016
227.8 20.1396541595459
228.0 20.12484359741211
228.2 20.11005210876465
228.4 20.095277786254883
228.6 20.080522537231445
228.8 20.065784454345703
229.0 20.051063537597656
229.2 20.036361694335938
229.4 20.021678924560547
229.6 20.00701332092285
229.8 19.992366790771484
230.0 19.97773551940918
230.2 19.963125228881836
230.4 19.948530197143555
230.6 19.9339542388916
230.8 19.919397354125977
231.0 19.904855728149414
231.2 19.89033317565918
231.4 19.875829696655273
231.6 19.86134147644043
231.8 19.846872329711914
232.0 19.832420349121094
232.2 19.81798553466797
232.4 19.803569793701172
232.6 19.78917121887207
232.8 19.77478790283203
233.0 19.760425567626953
233.2 19.746078491210938
233.4 19.731748580932617
233.6 19.717435836791992
233.8 19.703142166137695
234.0 19.688865661621094
234.2 19.674604415893555
234.4 19.660362243652344
234.6 19.646137237548828
234.8 19.631927490234375
235.0 19.61773681640625
235.2 19.60356330871582
235.4 19.589405059814453
235.6 19.575265884399414
235.8 19.56114387512207
236.0 19.54703712463379
236.2 19.532947540283203
236.4 19.518877029418945
236.6 19.50482177734375
236.8 19.49078369140625
237.0 19.476762771606445
237.2 19.462757110595703
237.4 19.44877052307129
237.6 19.434799194335938
237.8 19.42084503173828
238.0 19.40690803527832
238.2 19.392986297607422
238.4 19.37908172607422
238.6 19.36519432067871
238.8 19.3513240814209
239.0 19.33746910095215
239.2 19.323631286621094
239.4 19.309810638427734
239.6 19.296005249023438
239.8 19.282217025756836
240.0 19.26844596862793
240.2 19.254690170288086
240.4 19.240949630737305
240.6 19.22722816467285
240.8 19.213520050048828
241.0 19.199831008911133
241.2 19.1861572265625
241.4 19.17249870300293
241.6 19.158857345581055
241.8 19.145231246948242
242.0 19.131622314453125
242.2 19.11802864074707
242.4 19.10445213317871
242.6 19.090890884399414
242.8 19.07734489440918
243.0 19.06381607055664
243.2 19.050302505493164
243.4 19.03680419921875
243.6 19.02332305908203
243.8 19.009857177734375
244.0 18.996408462524414
244.2 18.982975006103516
244.4 18.96955680847168
244.6 18.956153869628906
244.8 18.942768096923828
245.0 18.92939567565918
245.2 18.916040420532227
245.4 18.90270233154297
245.6 18.88937759399414
245.8 18.876070022583008
246.0 18.862777709960938
246.2 18.84950065612793
246.4 18.836238861083984
246.6 18.8229923248291
246.8 18.80976104736328
247.0 18.796545028686523
247.2 18.78334617614746
247.4 18.77016258239746
247.6 18.75699234008789
247.8 18.743839263916016
248.0 18.73069953918457
248.2 18.71757698059082
248.4 18.704469680786133
248.6 18.691375732421875
248.8 18.678298950195312
249.0 18.665237426757812
249.2 18.652189254760742
249.4 18.639158248901367
249.6 18.626140594482422
249.8 18.61313819885254
250.0 18.60015296936035
250.2 18.587181091308594
250.4 18.5742244720459
250.6 18.561281204223633
250.8 18.548355102539062
251.0 18.535442352294922
251.2 18.522546768188477
251.4 18.50966453552246
251.6 18.496795654296875
251.8 18.483943939208984
252.0 18.471105575561523
252.2 18.458282470703125
252.4 18.44547462463379
252.6 18.432682037353516
252.8 18.419902801513672
253.0 18.40713882446289
253.2 18.394390106201172
253.4 18.381654739379883
253.6 18.368934631347656
253.8 18.35622787475586
254.0 18.343538284301758
254.2 18.330860137939453
254.4 18.318199157714844
254.6 18.305551528930664
254.8 18.292917251586914
255.0 18.280298233032227
255.2 18.2676944732666
255.4 18.255104064941406
255.6 18.242528915405273
255.8 18.22996711730957
256.0 18.21742057800293
256.2 18.20488739013672
256.4 18.19236946105957
256.6 18.17986488342285
256.8 18.167375564575195
257.0 18.15489959716797
257.2 18.142436981201172
257.4 18.129989624023438
257.6 18.117557525634766
257.8 18.10513687133789
258.0 18.092731475830078
258.2 18.080341339111328
258.4 18.067962646484375
258.6 18.055601119995117
258.8 18.043251037597656
259.0 18.030916213989258
259.2 18.01859474182129
259.4 18.00628662109375
259.6 17.993993759155273
259.8 17.981714248657227
260.0 17.96944808959961
260.2 17.957195281982422
260.4 17.944957733154297
260.6 17.93273162841797
260.8 17.920522689819336
261.0 17.9083251953125
261.2 17.896141052246094
261.4 17.88397216796875
261.6 17.871814727783203
261.8 17.85967254638672
262.0 17.847543716430664
262.2 17.83542823791504
262.4 17.823328018188477
262.6 17.81123924255371
262.8 17.799163818359375
263.0 17.7871036529541
263.2 17.775054931640625
263.4 17.76302146911621
263.6 17.751001358032227
263.8 17.73899269104004
264.0 17.726999282836914
264.2 17.71501922607422
264.4 17.70305061340332
264.6 17.691097259521484
264.8 17.679157257080078
265.0 17.66722869873047
265.2 17.655315399169922
265.4 17.643413543701172
265.6 17.631526947021484
265.8 17.619651794433594
266.0 17.607789993286133
266.2 17.5959415435791
266.4 17.584108352661133
266.6 17.572284698486328
266.8 17.560476303100586
267.0 17.548681259155273
267.2 17.536897659301758
267.4 17.525127410888672
267.6 17.513370513916016
267.8 17.50162696838379
268.0 17.489896774291992
268.2 17.478178024291992
268.4 17.466474533081055
268.6 17.454782485961914
268.8 17.44310188293457
269.0 17.43143653869629
269.2 17.419782638549805
269.4 17.40814208984375
269.6 17.396512985229492
269.8 17.384899139404297
270.0 17.3732967376709
270.2 17.361705780029297
270.4 17.350130081176758
270.6 17.338565826416016
270.8 17.32701301574707
271.0 17.315475463867188
271.2 17.30394744873047
271.4 17.292434692382812
271.6 17.280933380126953
271.8 17.269445419311523
272.0 17.25796890258789
272.2 17.246505737304688
272.4 17.23505401611328
272.6 17.223615646362305
272.8 17.212188720703125
273.0 17.200775146484375
273.2 17.189374923706055
273.4 17.17798614501953
273.6 17.166608810424805
273.8 17.155244827270508
274.0 17.14389419555664
274.2 17.132553100585938
274.4 17.121227264404297
274.6 17.109912872314453
274.8 17.098609924316406
275.0 17.087318420410156
275.2 17.076040267944336
275.4 17.064775466918945
275.6 17.05352210998535
275.8 17.042280197143555
276.0 17.031051635742188
276.2 17.019832611083984
276.4 17.008628845214844
276.6 16.997434616088867
276.8 16.98625373840332
277.0 16.975086212158203
277.2 16.96392822265625
277.4 16.952783584594727
277.6 16.941650390625
277.8 16.930530548095703
278.0 16.919422149658203
278.2 16.9083251953125
278.4 16.897239685058594
278.6 16.886165618896484
278.8 16.875104904174805
279.0 16.864055633544922
279.2 16.853017807006836
279.4 16.841991424560547
279.6 16.830978393554688
279.8 16.819976806640625
280.0 16.80898666381836
280.2 16.79800796508789
280.4 16.78704071044922
280.6 16.776084899902344
280.8 16.7651424407959
281.0 16.754209518432617
281.2 16.743289947509766
281.4 16.73238182067871
281.6 16.721485137939453
281.8 16.710599899291992
282.0 16.699726104736328
282.2 16.68886375427246
282.4 16.678014755249023
282.6 16.66717529296875
282.8 16.656347274780273
283.0 16.645530700683594
283.2 16.634727478027344
283.4 16.623933792114258
283.6 16.6131534576416
283.8 16.60238265991211
284.0 16.591623306274414
284.2 16.58087730407715
284.4 16.570140838623047
284.6 16.559415817260742
284.8 16.548702239990234
285.0 16.538002014160156
285.2 16.527311325073242
285.4 16.516632080078125
285.6 16.505962371826172
285.8 16.49530601501465
286.0 16.484661102294922
286.2 16.474027633666992
286.4 16.463403701782227
286.6 16.452791213989258
286.8 16.442190170288086
287.0 16.43160057067871
287.2 16.421022415161133
287.4 16.41045570373535
287.6 16.399898529052734
287.8 16.389354705810547
288.0 16.378820419311523
288.2 16.368297576904297
288.4 16.357784271240234
288.6 16.3472843170166
288.8 16.336793899536133
289.0 16.32631492614746
289.2 16.315847396850586
289.4 16.305389404296875
289.6 16.294944763183594
289.8 16.284507751464844
290.0 16.274084091186523
290.2 16.263669967651367
290.4 16.253267288208008
290.6 16.242876052856445
290.8 16.23249626159668
291.0 16.222126007080078
291.2 16.21176528930664
291.4 16.201417922973633
291.6 16.19108009338379
291.8 16.18075180053711
292.0 16.17043685913086
292.2 16.160131454467773
292.4 16.14983558654785
292.6 16.139551162719727
292.8 16.1292781829834
293.0 16.119014739990234
293.2 16.108762741088867
293.4 16.098522186279297
293.6 16.08829116821289
293.8 16.07806968688965
294.0 16.067859649658203
294.2 16.057661056518555
294.4 16.04747200012207
294.6 16.037294387817383
294.8 16.02712631225586
295.0 16.016969680786133
295.2 16.00682258605957
295.4 15.996685981750488
295.6 15.986559867858887
295.8 15.976444244384766
296.0 15.966340065002441
296.2 15.956245422363281
296.4 15.946160316467285
296.6 15.936086654663086
296.8 15.926023483276367
297.0 15.915969848632812
297.2 15.905927658081055
297.4 15.895895004272461
297.6 15.885872840881348
297.8 15.875860214233398
298.0 15.865859031677246
298.2 15.855867385864258
298.4 15.84588623046875
298.6 15.835914611816406
298.8 15.82595443725586
299.0 15.816003799438477
299.2 15.806062698364258
299.4 15.796133041381836
299.6 15.786212921142578
299.8 15.776302337646484
300.0 15.766402244567871
300.2 15.756512641906738
300.4 15.74663257598877
300.6 15.736763000488281
300.8 15.726902961730957
301.0 15.717053413391113
301.2 15.70721435546875
301.4 15.697383880615234
301.6 15.687564849853516
301.8 15.677755355834961
302.0 15.66795539855957
302.2 15.65816593170166
302.4 15.648386001586914
302.6 15.638615608215332
302.8 15.62885570526123
303.0 15.619105339050293
303.2 15.609365463256836
303.4 15.599635124206543
303.6 15.589914321899414
303.8 15.58020305633545
304.0 15.570502281188965
304.2 15.560811042785645
304.4 15.551130294799805
304.6 15.541458129882812
304.8 15.5317964553833
305.0 15.522144317626953
305.2 15.51250171661377
305.4 15.502869606018066
305.6 15.493246078491211
305.8 15.483633041381836
306.0 15.474029541015625
306.2 15.464435577392578
306.4 15.454851150512695
306.6 15.445276260375977
306.8 15.435710906982422
307.0 15.426156044006348
307.2 15.416609764099121
307.4 15.407073974609375
307.6 15.397546768188477
307.8 15.388029098510742
308.0 15.378521919250488
308.2 15.369023323059082
308.4 15.359535217285156
308.6 15.350055694580078
308.8 15.340585708618164
309.0 15.331125259399414
309.2 15.321675300598145
309.4 15.312233924865723
309.6 15.302801132202148
309.8 15.293378829956055
310.0 15.283966064453125
310.2 15.274561882019043
310.4 15.265167236328125
310.6 15.255782127380371
310.8 15.246406555175781
311.0 15.237040519714355
311.2 15.227683067321777
311.4 15.218335151672363
311.6 15.208996772766113
311.8 15.199667930603027
312.0 15.190347671508789
312.2 15.181036949157715
312.4 15.171734809875488
312.6 15.162443161010742
312.8 15.153160095214844
313.0 15.143885612487793
313.2 15.134620666503906
313.4 15.125365257263184
313.6 15.116119384765625
313.8 15.106882095336914
314.0 15.09765338897705
314.2 15.088434219360352
314.4 15.079224586486816
314.6 15.070023536682129
314.8 15.060832023620605
315.0 15.05164909362793
315.2 15.042475700378418
315.4 15.033310890197754
315.6 15.024154663085938
315.8 15.015007972717285
316.0 15.005870819091797
316.2 14.996742248535156
316.4 14.987622261047363
316.6 14.978511810302734
316.8 14.969409942626953
317.0 14.96031665802002
317.2 14.95123291015625
317.4 14.942157745361328
317.6 14.93309211730957
317.8 14.924034118652344
318.0 14.914985656738281
318.2 14.905946731567383
318.4 14.896915435791016
318.6 14.887893676757812
318.8 14.878880500793457
319.0 14.869876861572266
319.2 14.860880851745605
319.4 14.85189437866211
319.6 14.842916488647461
319.8 14.83394718170166
320.0 14.824986457824707
320.2 14.816035270690918
320.4 14.80709171295166
320.6 14.798157691955566
320.8 14.78923225402832
321.0 14.780315399169922
321.2 14.771407127380371
321.4 14.762507438659668
321.6 14.753616333007812
321.8 14.744734764099121
322.0 14.735860824584961
322.2 14.726995468139648
322.4 14.718138694763184
322.6 14.709291458129883
322.8 14.700451850891113
323.0 14.691620826721191
323.2 14.682798385620117
323.4 14.673985481262207
323.6 14.665180206298828
323.8 14.656383514404297
324.0 14.647595405578613
324.2 14.638814926147461
324.4 14.630043983459473
324.6 14.621281623840332
324.8 14.612526893615723
325.0 14.603781700134277
325.2 14.595044136047363
325.4 14.586315155029297
325.6 14.577594757080078
325.8 14.56888198852539
326.0 14.56017780303955
326.2 14.551483154296875
326.4 14.54279613494873
326.6 14.534116744995117
326.8 14.525446891784668
327.0 14.51678466796875
327.2 14.50813102722168
327.4 14.49948501586914
327.6 14.49084758758545
327.8 14.482218742370605
328.0 14.47359848022461
328.2 14.464985847473145
328.4 14.456381797790527
328.6 14.447786331176758
328.8 14.43919849395752
329.0 14.430618286132812
329.2 14.42204761505127
329.4 14.413484573364258
329.6 14.404929161071777
329.8 14.396382331848145
330.0 14.38784408569336
330.2 14.379313468933105
330.4 14.3707914352417
330.6 14.362277030944824
330.8 14.35377025604248
331.0 14.3452730178833
331.2 14.336782455444336
331.4 14.328300476074219
331.6 14.31982707977295
331.8 14.311361312866211
332.0 14.302903175354004
332.2 14.294453620910645
332.4 14.286011695861816
332.6 14.277578353881836
332.8 14.269152641296387
333.0 14.260734558105469
333.2 14.252325057983398
333.4 14.24392318725586
333.6 14.235529899597168
333.8 14.227143287658691
334.0 14.218765258789062
334.2 14.210395812988281
334.4 14.202033996582031
334.6 14.193679809570312
334.8 14.185333251953125
335.0 14.176994323730469
335.2 14.16866397857666
335.4 14.160341262817383
335.6 14.152026176452637
335.8 14.143719673156738
336.0 14.135419845581055
336.2 14.127128601074219
336.4 14.118844985961914
336.6 14.11056900024414
336.8 14.102300643920898
337.0 14.094040870666504
337.2 14.085787773132324
337.4 14.077543258666992
337.6 14.069306373596191
337.8 14.061077117919922
338.0 14.052855491638184
338.2 14.044641494750977
338.4 14.0364351272583
338.6 14.028236389160156
338.8 14.02004623413086
339.0 14.011862754821777
339.2 14.003686904907227
339.4 13.995519638061523
339.6 13.987359046936035
339.8 13.979206085205078
340.0 13.971061706542969
340.2 13.962924003601074
340.4 13.954793930053711
340.6 13.946672439575195
340.8 13.938557624816895
341.0 13.930450439453125
341.2 13.922350883483887
341.4 13.91425895690918
341.6 13.906174659729004
341.8 13.898097038269043
342.0 13.89002799987793
342.2 13.881965637207031
342.4 13.873910903930664
342.6 13.865864753723145
342.8 13.85782527923584
343.0 13.84979248046875
343.2 13.841768264770508
343.4 13.83375072479248
343.6 13.8257417678833
343.8 13.817739486694336
344.0 13.809743881225586
344.2 13.801756858825684
344.4 13.793776512145996
344.6 13.78580379486084
344.8 13.777838706970215
345.0 13.769880294799805
345.2 13.761929512023926
345.4 13.753986358642578
345.6 13.746050834655762
345.8 13.73812198638916
346.0 13.73020076751709
346.2 13.722286224365234
346.4 13.71437931060791
346.6 13.706480026245117
346.8 13.698588371276855
347.0 13.690703392028809
347.2 13.682825088500977
347.4 13.674955368041992
347.6 13.667092323303223
347.8 13.659235954284668
348.0 13.651387214660645
348.2 13.643546104431152
348.4 13.635711669921875
348.6 13.627883911132812
348.8 13.620063781738281
349.0 13.612251281738281
349.2 13.604445457458496
349.4 13.596647262573242
349.6 13.588855743408203
349.8 13.581071853637695
350.0 13.573294639587402
350.2 13.565524101257324
350.4 13.557761192321777
350.6 13.550005912780762
350.8 13.542257308959961
351.0 13.534515380859375
351.2 13.52678108215332
351.4 13.51905345916748
351.6 13.511332511901855
351.8 13.503619194030762
352.0 13.495912551879883
352.2 13.488213539123535
352.4 13.480521202087402
352.6 13.472835540771484
352.8 13.465157508850098
353.0 13.457486152648926
353.2 13.449821472167969
353.4 13.442163467407227
353.6 13.434513092041016
353.8 13.42686939239502
354.0 13.419233322143555
354.2 13.411602973937988
354.4 13.403980255126953
354.6 13.396364212036133
354.8 13.388755798339844
355.0 13.381153106689453
355.2 13.373558044433594
355.4 13.36596965789795
355.6 13.35838794708252
355.8 13.350813865661621
356.0 13.343245506286621
356.2 13.335684776306152
356.4 13.328130722045898
356.6 13.32058334350586
356.8 13.313042640686035
357.0 13.305509567260742
357.2 13.297982215881348
357.4 13.290462493896484
357.6 13.28294849395752
357.8 13.275442123413086
358.0 13.267942428588867
358.2 13.260449409484863
358.4 13.252963066101074
358.6 13.2454833984375
358.8 13.23801040649414
359.0 13.230544090270996
359.2 13.223084449768066
359.4 13.215631484985352
359.6 13.208185195922852
359.8 13.200746536254883
360.0 13.193313598632812
360.2 13.185887336730957
360.4 13.178467750549316
360.6 13.17105484008789
360.8 13.16364860534668
361.0 13.156249046325684
361.2 13.148856163024902
361.4 13.141469955444336
361.6 13.134090423583984
361.8 13.126717567443848
362.0 13.11935043334961
362.2 13.111990928649902
362.4 13.104637145996094
362.6 13.097290992736816
362.8 13.089950561523438
363.0 13.082616806030273
363.2 13.075289726257324
363.4 13.067968368530273
363.6 13.060654640197754
363.8 13.053346633911133
364.0 13.046045303344727
364.2 13.038750648498535
364.4 13.031462669372559
364.6 13.024181365966797
364.8 13.016905784606934
365.0 13.009636878967285
365.2 13.002374649047852
365.4 12.995119094848633
365.6 12.987869262695312
365.8 12.980626106262207
366.0 12.973389625549316
366.2 12.96615982055664
366.4 12.958935737609863
366.6 12.9517183303833
366.8 12.944507598876953
367.0 12.937302589416504
367.2 12.93010425567627
367.4 12.92291259765625
367.6 12.915726661682129
367.8 12.908547401428223
368.0 12.901374816894531
368.2 12.894207954406738
368.4 12.88704776763916
368.6 12.879894256591797
368.8 12.872746467590332
369.0 12.865605354309082
369.2 12.85846996307373
369.4 12.851341247558594
369.6 12.844219207763672
369.8 12.837102890014648
370.0 12.829992294311523
370.2 12.82288932800293
370.4 12.815791130065918
370.6 12.808700561523438
370.8 12.801614761352539
371.0 12.794536590576172
371.2 12.787464141845703
371.4 12.780397415161133
371.6 12.773337364196777
371.8 12.76628303527832
372.0 12.759235382080078
372.2 12.752193450927734
372.4 12.745158195495605
372.6 12.738128662109375
372.8 12.73110580444336
373.0 12.724088668823242
373.2 12.717077255249023
373.4 12.71007251739502
373.6 12.70307445526123
373.8 12.696081161499023
374.0 12.689094543457031
374.2 12.682114601135254
374.4 12.675140380859375
374.6 12.668171882629395
374.8 12.661210060119629
375.0 12.654253959655762
375.2 12.647303581237793
375.4 12.640359878540039
375.6 12.633421897888184
375.8 12.626489639282227
376.0 12.619564056396484
376.2 12.61264419555664
376.4 12.605730056762695
376.6 12.598821640014648
376.8 12.591919898986816
377.0 12.585023880004883
377.2 12.578134536743164
377.4 12.571249961853027
377.6 12.564372062683105
377.8 12.557500839233398
378.0 12.550634384155273
378.2 12.543774604797363
378.4 12.536919593811035
378.6 12.530071258544922
378.8 12.523229598999023
379.0 12.516392707824707
379.2 12.509562492370605
379.4 12.502737998962402
379.6 12.495919227600098
379.8 12.489106178283691
380.0 12.482298851013184
380.2 12.47549819946289
380.4 12.46870231628418
380.6 12.461913108825684
380.8 12.455129623413086
381.0 12.448351860046387
381.2 12.441579818725586
381.4 12.434813499450684
381.6 12.428053855895996
381.8 12.42129898071289
382.0 12.41455078125
382.2 12.407807350158691
382.4 12.401070594787598
382.6 12.394339561462402
382.8 12.387614250183105
383.0 12.380894660949707
383.2 12.37417984008789
383.4 12.367471694946289
383.6 12.360769271850586
383.8 12.354072570800781
384.0 12.347381591796875
384.2 12.340696334838867
384.4 12.334016799926758
384.6 12.327342987060547
384.8 12.320674896240234
385.0 12.31401252746582
385.2 12.307355880737305
385.4 12.300704956054688
385.6 12.294059753417969
385.8 12.287419319152832
386.0 12.28078556060791
386.2 12.274157524108887
386.4 12.267534255981445
386.6 12.260917663574219
386.8 12.254305839538574
387.0 12.247699737548828
387.2 12.24109935760498
387.4 12.234504699707031
387.6 12.22791576385498
387.8 12.221332550048828
388.0 12.214755058288574
388.2 12.208182334899902
388.4 12.201616287231445
388.6 12.19505500793457
388.8 12.188499450683594
389.0 12.181949615478516
389.2 12.175405502319336
389.4 12.168866157531738
389.6 12.162332534790039
389.8 12.155805587768555
390.0 12.149282455444336
390.2 12.142765998840332
390.4 12.136255264282227
390.6 12.129749298095703
390.8 12.123249053955078
391.0 12.116754531860352
391.2 12.110264778137207
391.4 12.103780746459961
391.6 12.097302436828613
391.8 12.090829849243164
392.0 12.084362983703613
392.2 12.077900886535645
392.4 12.071444511413574
392.6 12.064992904663086
392.8 12.058547973632812
393.0 12.052107810974121
393.2 12.045672416687012
393.4 12.039243698120117
393.6 12.032819747924805
393.8 12.026400566101074
394.0 12.019988059997559
394.2 12.013580322265625
394.4 12.007177352905273
394.6 12.000781059265137
394.8 11.994388580322266
395.0 11.98800277709961
395.2 11.981621742248535
395.4 11.97524642944336
395.6 11.968875885009766
395.8 11.96251106262207
396.0 11.956151962280273
396.2 11.949797630310059
396.4 11.943448066711426
396.6 11.937105178833008
396.8 11.930766105651855
397.0 11.924433708190918
397.2 11.918106079101562
397.4 11.911783218383789
397.6 11.905466079711914
397.8 11.899153709411621
398.0 11.892847061157227
398.2 11.88654613494873
398.4 11.880249977111816
398.6 11.8739595413208
398.8 11.867673873901367
399.0 11.861392974853516
399.2 11.855117797851562
399.4 11.848848342895508
399.6 11.842583656311035
399.8 11.836323738098145
400.0 11.830069541931152
400.2 11.823820114135742
400.4 11.81757640838623
400.6 11.8113374710083
400.8 11.80510425567627
401.0 11.79887580871582
401.2 11.792652130126953
401.4 11.786434173583984
401.6 11.780220985412598
401.8 11.77401351928711
402.0 11.767810821533203
402.2 11.761613845825195
402.4 11.755420684814453
402.6 11.749234199523926
402.8 11.743051528930664
403.0 11.7368745803833
403.2 11.73070240020752
403.4 11.724535942077637
403.6 11.718374252319336
403.8 11.712217330932617
404.0 11.706066131591797
404.2 11.699919700622559
404.4 11.693778038024902
404.6 11.687641143798828
404.8 11.681509971618652
405.0 11.675383567810059
405.2 11.669262886047363
405.4 11.66314697265625
405.6 11.657035827636719
405.8 11.65092945098877
406.0 11.644827842712402
406.2 11.638731956481934
406.4 11.632640838623047
406.6 11.626555442810059
406.8 11.620473861694336
407.0 11.614398002624512
407.2 11.60832691192627
407.4 11.60226058959961
407.6 11.596199989318848
407.8 11.590143203735352
408.0 11.584092140197754
408.2 11.578045845031738
408.4 11.572004318237305
408.6 11.56596851348877
408.8 11.5599365234375
409.0 11.553910255432129
409.2 11.54788875579834
409.4 11.541872024536133
409.6 11.535860061645508
409.8 11.529853820800781
410.0 11.52385139465332
410.2 11.517854690551758
410.4 11.511862754821777
410.6 11.505875587463379
410.8 11.499893188476562
411.0 11.493915557861328
411.2 11.487942695617676
411.4 11.481975555419922
411.6 11.476012229919434
411.8 11.470054626464844
412.0 11.46410083770752
412.2 11.458152770996094
412.4 11.45220947265625
412.6 11.446269989013672
412.8 11.440336227416992
413.0 11.434407234191895
413.2 11.428483009338379
413.4 11.422563552856445
413.6 11.416648864746094
413.8 11.41073989868164
414.0 11.404834747314453
414.2 11.398934364318848
414.4 11.393038749694824
414.6 11.387147903442383
414.8 11.381261825561523
415.0 11.375380516052246
415.2 11.369504928588867
415.4 11.363633155822754
415.6 11.357766151428223
415.8 11.351903915405273
416.0 11.346046447753906
416.2 11.340193748474121
416.4 11.334345817565918
416.6 11.328502655029297
416.8 11.322664260864258
417.0 11.316829681396484
417.2 11.31100082397461
417.4 11.305176734924316
417.6 11.299356460571289
417.8 11.29354190826416
418.0 11.287731170654297
418.2 11.281925201416016
418.4 11.276124954223633
418.6 11.270328521728516
418.8 11.26453685760498
419.0 11.258749961853027
419.2 11.25296688079834
419.4 11.24718952178955
419.6 11.241415977478027
419.8 11.235648155212402
420.0 11.229884147644043
420.2 11.224124908447266
420.4 11.21837043762207
420.6 11.21261978149414
420.8 11.20687484741211
421.0 11.201133728027344
421.2 11.19539737701416
421.4 11.189665794372559
421.6 11.183938980102539
421.8 11.178216934204102
422.0 11.17249870300293
422.2 11.16678524017334
422.4 11.161076545715332
422.6 11.155372619628906
422.8 11.149672508239746
423.0 11.143978118896484
423.2 11.138287544250488
423.4 11.132600784301758
423.6 11.126919746398926
423.8 11.12124252319336
424.0 11.115570068359375
424.2 11.109902381896973
424.4 11.104239463806152
424.6 11.098580360412598
424.8 11.092926025390625
425.0 11.087276458740234
425.2 11.08163070678711
425.4 11.075989723205566
425.6 11.070353507995605
425.8 11.06472110748291
426.0 11.059093475341797
426.2 11.053470611572266
426.4 11.047852516174316
426.6 11.042238235473633
426.8 11.036628723144531
427.0 11.031023025512695
427.2 11.025423049926758
427.4 11.019826889038086
427.6 11.01423454284668
427.8 11.008646965026855
428.0 11.003064155578613
428.2 10.997485160827637
428.4 10.991910934448242
428.6 10.98634147644043
428.8 10.980775833129883
429.0 10.975214958190918
429.2 10.969658851623535
429.4 10.964106559753418
429.6 10.958558082580566
429.8 10.953015327453613
430.0 10.94747543334961
430.2 10.941941261291504
430.4 10.936410903930664
430.6 10.93088436126709
430.8 10.925363540649414
431.0 10.919845581054688
431.2 10.914332389831543
431.4 10.90882396697998
431.6 10.9033203125
431.8 10.897819519042969
432.0 10.892324447631836
432.2 10.886833190917969
432.4 10.881345748901367
432.6 10.875863075256348
432.8 10.87038516998291
433.0 10.864911079406738
433.2 10.859440803527832
433.4 10.853975296020508
433.6 10.848514556884766
433.8 10.843056678771973
434.0 10.837604522705078
434.2 10.83215618133545
434.4 10.826711654663086
434.6 10.821271896362305
434.8 10.815835952758789
435.0 10.810404777526855
435.2 10.804977416992188
435.4 10.799554824829102
435.6 10.794136047363281
435.8 10.788722038269043
436.0 10.78331184387207
436.2 10.777905464172363
436.4 10.772503852844238
436.6 10.767106056213379
436.8 10.761713027954102
437.0 10.75632381439209
437.2 10.750938415527344
437.4 10.74555778503418
437.6 10.740181922912598
437.8 10.734808921813965
438.0 10.729440689086914
438.2 10.724077224731445
438.4 10.718716621398926
438.6 10.713361740112305
438.8 10.708009719848633
439.0 10.702662467956543
439.2 10.697319030761719
439.4 10.691980361938477
439.6 10.6866455078125
439.8 10.681314468383789
440.0 10.675987243652344
440.2 10.67066478729248
440.4 10.6653470993042
440.6 10.660032272338867
440.8 10.654722213745117
441.0 10.649415969848633
441.2 10.64411449432373
441.4 10.638816833496094
441.6 10.633522987365723
441.8 10.628232955932617
442.0 10.622947692871094
442.2 10.617666244506836
442.4 10.612388610839844
442.6 10.607114791870117
442.8 10.601845741271973
443.0 10.596580505371094
443.2 10.591320037841797
443.4 10.58606243133545
443.6 10.580809593200684
443.8 10.575560569763184
444.0 10.57031536102295
444.2 10.565074920654297
444.4 10.559837341308594
444.6 10.554604530334473
444.8 10.549376487731934
445.0 10.544151306152344
445.2 10.538930892944336
445.4 10.533713340759277
445.6 10.5285005569458
445.8 10.523292541503906
446.0 10.518087387084961
446.2 10.512887001037598
446.4 10.5076904296875
446.6 10.502496719360352
446.8 10.497308731079102
447.0 10.4921236038208
447.2 10.486942291259766
447.4 10.481765747070312
447.6 10.476593017578125
447.8 10.471424102783203
448.0 10.466259002685547
448.2 10.461097717285156
448.4 10.455941200256348
448.6 10.450787544250488
448.8 10.445638656616211
449.0 10.440492630004883
449.2 10.435351371765137
449.4 10.430213928222656
449.6 10.425080299377441
449.8 10.419951438903809
450.0 10.414825439453125
450.2 10.409703254699707
450.4 10.404585838317871
450.6 10.3994722366333
450.8 10.39436149597168
451.0 10.38925552368164
451.2 10.384153366088867
451.4 10.37905502319336
451.6 10.373960494995117
451.8 10.36886978149414
452.0 10.36378288269043
452.2 10.358699798583984
452.4 10.353620529174805
452.6 10.348546028137207
452.8 10.343474388122559
453.0 10.338406562805176
453.2 10.333343505859375
453.4 10.328283309936523
453.6 10.323226928710938
453.8 10.318175315856934
454.0 10.313126564025879
454.2 10.308082580566406
454.4 10.303041458129883
454.6 10.298005104064941
454.8 10.29297161102295
455.0 10.287942886352539
455.2 10.282917022705078
455.4 10.2778959274292
455.6 10.27287769317627
455.8 10.267863273620605
456.0 10.262853622436523
456.2 10.25784683227539
456.4 10.252843856811523
456.6 10.247845649719238
456.8 10.242850303649902
457.0 10.237858772277832
457.2 10.232871055603027
457.4 10.227887153625488
457.6 10.222907066345215
457.8 10.217930793762207
458.0 10.212958335876465
458.2 10.207988739013672
458.4 10.203023910522461
458.6 10.198062896728516
458.8 10.19310474395752
459.0 10.188151359558105
459.2 10.18320083618164
459.4 10.178254127502441
459.6 10.173311233520508
459.8 10.16837215423584
460.0 10.163436889648438
460.2 10.1585054397583
460.4 10.15357780456543
460.6 10.148653030395508
460.8 10.143733024597168
461.0 10.138815879821777
461.2 10.133902549743652
461.4 10.128993034362793
461.6 10.1240873336792
461.8 10.119184494018555
462.0 10.114286422729492
462.2 10.109391212463379
462.4 10.104500770568848
462.6 10.099613189697266
462.8 10.094728469848633
463.0 10.089848518371582
463.2 10.084972381591797
463.4 10.080099105834961
463.6 10.07522964477539
463.8 10.070363998413086
464.0 10.065502166748047
464.2 10.060643196105957
464.4 10.05578899383545
464.6 10.05093765258789
464.8 10.046090126037598
465.0 10.04124641418457
465.2 10.036405563354492
465.4 10.03156852722168
465.6 10.026735305786133
465.8 10.021905899047852
466.0 10.017080307006836
466.2 10.01225757598877
466.4 10.007438659667969
466.6 10.002623558044434
466.8 9.997812271118164
467.0 9.993003845214844
467.2 9.988199234008789
467.4 9.9833984375
467.6 9.978601455688477
467.8 9.973807334899902
468.0 9.969017028808594
468.2 9.96423053741455
468.4 9.959446907043457
468.6 9.954667091369629
468.8 9.949891090393066
469.0 9.94511890411377
469.2 9.940349578857422
469.4 9.93558406829834
469.6 9.930822372436523
469.8 9.926063537597656
470.0 9.921308517456055
470.2 9.916557312011719
470.4 9.911808967590332
470.6 9.907064437866211
470.8 9.902323722839355
471.0 9.89758586883545
471.2 9.892851829528809
471.4 9.888121604919434
471.6 9.883395195007324
471.8 9.878671646118164
472.0 9.873950958251953
472.2 9.869235038757324
472.4 9.864521980285645
472.6 9.859811782836914
472.8 9.855106353759766
473.0 9.85040283203125
473.2 9.845704078674316
473.4 9.841008186340332
473.6 9.836316108703613
473.8 9.831626892089844
474.0 9.82694149017334
474.2 9.822259902954102
474.4 9.817581176757812
474.6 9.812905311584473
474.8 9.808234214782715
475.0 9.803565979003906
475.2 9.798900604248047
475.4 9.794239044189453
475.6 9.789581298828125
475.8 9.784926414489746
476.0 9.780275344848633
476.2 9.775628089904785
476.4 9.770983695983887
476.6 9.766342163085938
476.8 9.761704444885254
477.0 9.757070541381836
477.2 9.752439498901367
477.4 9.747812271118164
477.6 9.74318790435791
477.8 9.738567352294922
478.0 9.733949661254883
478.2 9.72933578491211
478.4 9.724724769592285
478.6 9.720117568969727
478.8 9.715514183044434
479.0 9.71091365814209
479.2 9.706315994262695
479.4 9.701722145080566
479.6 9.697132110595703
479.8 9.692544937133789
480.0 9.687960624694824
480.2 9.683380126953125
480.4 9.678803443908691
480.6 9.674229621887207
480.8 9.669658660888672
481.0 9.665091514587402
481.2 9.660528182983398
481.4 9.655966758728027
481.6 9.651410102844238
481.8 9.646856307983398
482.0 9.642305374145508
482.2 9.637758255004883
482.4 9.633213996887207
482.6 9.62867259979248
482.8 9.62413501739502
483.0 9.619601249694824
483.2 9.615070343017578
483.4 9.610542297363281
483.6 9.60601806640625
483.8 9.601497650146484
484.0 9.596979141235352
484.2 9.592464447021484
484.4 9.587953567504883
484.6 9.58344554901123
484.8 9.578940391540527
485.0 9.57443904876709
485.2 9.569940567016602
485.4 9.565445899963379
485.6 9.560954093933105
485.8 9.556465148925781
486.0 9.551980018615723
486.2 9.547497749328613
486.4 9.54301929473877
486.6 9.538543701171875
486.8 9.53407096862793
487.0 9.52960205078125
487.2 9.52513599395752
487.4 9.520672798156738
487.6 9.516213417053223
487.8 9.511756896972656
488.0 9.507303237915039
488.2 9.502853393554688
488.4 9.498406410217285
488.6 9.493963241577148
488.8 9.489522933959961
489.0 9.485085487365723
489.2 9.48065185546875
489.4 9.476221084594727
489.6 9.471793174743652
489.8 9.467368125915527
490.0 9.462946891784668
490.2 9.458528518676758
490.4 9.454113960266113
490.6 9.449702262878418
490.8 9.445293426513672
491.0 9.440887451171875
491.2 9.436485290527344
491.4 9.432085990905762
491.6 9.427690505981445
491.8 9.423296928405762
492.0 9.418907165527344
492.2 9.414520263671875
492.4 9.410137176513672
492.6 9.405756950378418
492.8 9.401379585266113
493.0 9.397005081176758
493.2 9.392634391784668
493.4 9.388265609741211
493.6 9.38390064239502
493.8 9.379539489746094
494.0 9.3751802444458
494.2 9.370824813842773
494.4 9.366473197937012
494.6 9.362123489379883
494.8 9.35777759552002
495.0 9.353433609008789
495.2 9.349093437194824
495.4 9.344757080078125
495.6 9.340422630310059
495.8 9.336091995239258
496.0 9.331764221191406
496.2 9.327439308166504
496.4 9.323118209838867
496.6 9.318799018859863
496.8 9.314483642578125
497.0 9.310171127319336
497.2 9.305862426757812
497.4 9.301555633544922
497.6 9.297252655029297
497.8 9.292952537536621
498.0 9.288655281066895
498.2 9.284360885620117
498.4 9.280069351196289
498.6 9.275781631469727
498.8 9.271496772766113
499.0 9.26721477508545
499.2 9.262935638427734
499.4 9.258659362792969
499.6 9.254386901855469
499.8 9.250116348266602
500.0 9.245849609375
