1.317740656472294658e+00
1.317574289871805027e+00
1.317077665158479238e+00
1.316258090584379925e+00
1.315127367695153371e+00
1.313701260324400932e+00
1.311998819822946638e+00
1.310041622631224811e+00
1.307852977606602796e+00
1.305457155255236090e+00
1.302878681031587549e+00
1.300141722404066114e+00
1.297269586565331867e+00
1.294284334132365988e+00
1.291206504943131828e+00
1.288054945512772109e+00
1.284846723785296518e+00
1.281597115124460284e+00
1.278319643505285930e+00
1.275026163052913830e+00
1.271726966945649906e+00
1.268430912870929905e+00
1.265145556419949635e+00
1.261877285850921737e+00
1.258631453442723425e+00
1.255412500159640343e+00
1.252224071552685780e+00
1.249069123756326505e+00
1.245950019136503384e+00
1.242868611645875587e+00
1.239826322283986482e+00
1.236824205278742594e+00
1.233863005731045126e+00
1.230943209521972781e+00
1.228065086291237895e+00
1.225228726272326929e+00
1.222434071725574611e+00
1.219680943654135152e+00
1.216969064425462488e+00
1.214298076857218689e+00
1.211667560264024113e+00
1.209077043902334836e+00
1.206526018195865912e+00
1.204013944074108444e+00
1.201540260711500885e+00
1.199104391914992629e+00
1.196705751372485915e+00
1.194343746943847151e+00
1.192017784149366655e+00
1.189727268987307296e+00
1.187471610192155413e+00
1.185250221027995376e+00
1.183062520696683606e+00
1.180907935427893740e+00
1.178785899307415619e+00
1.176695854890970727e+00
1.174637253643051382e+00
1.172609556233802364e+00
1.170612232721382817e+00
1.168644762642633728e+00
1.166706635030925421e+00
1.164797348376771069e+00
1.162916410544033496e+00
1.161063338652226662e+00
1.159237658933491399e+00
1.157438906571204962e+00
1.155666625525838986e+00
1.153920368352577830e+00
1.152199696014276187e+00
1.150504177692578178e+00
1.148833390599393933e+00
1.147186919790421866e+00
1.145564357981974313e+00
1.143965305372029562e+00
1.142389369466170868e+00
1.140836164908828998e+00
1.139305313320086999e+00
1.137796443138172631e+00
1.136309189467623826e+00
1.134843193933079419e+00
1.133398104538545503e+00
1.131973575531956655e+00
1.130569267274821765e+00
1.129184846116720209e+00
1.127819984274410992e+00
1.126474359715283757e+00
1.125147656044923616e+00
1.123839562398526448e+00
1.122549773335929313e+00
1.121277988740027265e+00
1.120023913718351416e+00
1.118787258507604854e+00
1.117567738380956799e+00
1.116365073557910481e+00
1.115178989116581310e+00
1.114009214908219025e+00
1.112855485473833284e+00
1.111717539962784995e+00
1.110595122053228190e+00
1.109487979874277386e+00
1.108395865929815649e+00
1.107318537023830540e+00
1.106255754187210893e+00
1.105207282605924268e+00
1.104172891550493585e+00
1.103152354306733418e+00
1.102145448107669790e+00
1.101151954066610594e+00
1.100171657111303825e+00
1.099204345919164494e+00
1.098249812853517637e+00
1.097307853900830965e+00
1.096378268608914075e+00
1.095460860026050920e+00
1.094555434641046210e+00
1.093661802324164434e+00
1.092779776268948400e+00
1.091909172934891981e+00
1.091049811990961071e+00
1.090201516259940995e+00
1.089364111663607693e+00
1.088537427168707383e+00
1.087721294733728916e+00
1.086915549256470825e+00
1.086120028522388203e+00
1.085334573153712068e+00
1.084559026559329897e+00
1.083793234885428669e+00
1.083037046966889960e+00
1.082290314279424681e+00
1.081552890892449215e+00
1.080824633422692083e+00
1.080105400988526920e+00
1.079395055165022432e+00
1.078693459939709109e+00
1.078000481669046939e+00
1.077315989035600552e+00
1.076639853005899816e+00
1.075971946788998768e+00
1.075312145795703556e+00
1.074660327598485843e+00
1.074016371892057231e+00
1.073380160454607823e+00
1.072751577109697152e+00
1.072130507688795920e+00
1.071516839994464343e+00
1.070910463764164211e+00
1.070311270634700884e+00
1.069719154107277026e+00
1.069134009513164951e+00
1.068555733979976718e+00
1.067984226398534187e+00
1.067419387390327490e+00
1.066861119275551051e+00
1.066309326041717132e+00
1.065763913312834710e+00
1.065224788319140803e+00
1.064691859867389567e+00
1.064165038311677414e+00
1.063644235524806803e+00
1.063129364870172511e+00
1.062620341174170591e+00
1.062117080699114036e+00
1.061619501116657815e+00
1.061127521481709302e+00
1.060641062206837404e+00
1.060160045037153109e+00
1.059684393025665194e+00
1.059214030509101123e+00
1.058748883084182912e+00
1.058288877584351306e+00
1.057833942056935816e+00
1.057384005740754862e+00
1.056938999044142236e+00
1.056498853523397452e+00
1.056063501861643772e+00
1.055632877848091900e+00
1.055206916357703806e+00
1.054785553331245351e+00
1.054368725755721048e+00
1.053956371645190293e+00
1.053548430021947757e+00
1.053144840898072587e+00
1.052745545257328885e+00
1.052350485037420791e+00
1.051959603112588404e+00
1.051572843276540103e+00
1.051190150225719488e+00
1.050811469542891397e+00
1.050436747681051441e+00
1.050065931947644193e+00
1.049698970489090666e+00
1.049335812275613788e+00
1.048976407086359419e+00
1.048620705494808902e+00
1.048268658854471180e+00
1.047920219284854904e+00
1.047575339657714322e+00
1.047233973583560074e+00
1.046896075398433101e+00
1.046561600150935689e+00
1.046230503589514083e+00
1.045902742149988240e+00
1.045578272943322951e+00
1.045257053743636977e+00
1.044939042976443799e+00
1.044624199707120615e+00
1.044312483629601607e+00
1.044003855055289032e+00
1.043698274902177703e+00
1.043395704684193959e+00
1.043096106500733811e+00
1.042799443026410255e+00
1.042505677500993544e+00
1.042214773719547072e+00
1.041926696022752896e+00
1.041641409287422659e+00
1.041358878917193032e+00
1.041079070833397457e+00
1.040801951466114428e+00
1.040527487745386281e+00
1.040255647092607205e+00
1.039986397412074437e+00
1.039719707082702893e+00
1.039455544949895449e+00
1.039193880317570429e+00
1.038934682940338972e+00
1.038677923015832061e+00
1.038423571177173432e+00
1.038171598485593927e+00
1.037921976423186843e+00
1.037674676885800507e+00
1.037429672176063189e+00
1.037186934996542576e+00
1.036946438443030916e+00
1.036708155997958514e+00
1.036472061523929344e+00
1.036238129257380569e+00
1.036006333802356849e+00
1.035776650124404341e+00
1.035549053544576825e+00
1.035323519733554853e+00
1.035100024705872812e+00
1.034878544814254120e+00
1.034659056744052341e+00
1.034441537507793107e+00
1.034225964439818179e+00
1.034012315191029430e+00
1.033800567723727637e+00
1.033590700306547205e+00
1.033382691509484363e+00
1.033176520199015291e+00
1.032972165533305287e+00
1.032769606957503195e+00
1.032568824199124435e+00
1.032369797263515965e+00
1.032172506429404057e+00
1.031976932244523804e+00
1.031783055521326986e+00
1.031590857332766786e+00
1.031400319008161315e+00
1.031211422129127753e+00
1.031024148525593986e+00
1.030838480271876856e+00
1.030654399682836120e+00
1.030471889310092148e+00
1.030290931938314891e+00
1.030111510581577017e+00
1.029933608479771667e+00
1.029757209095096160e+00
1.029582296108594530e+00
1.029408853416764691e+00
1.029236865128222433e+00
1.029066315560426936e+00
1.028897189236460896e+00
1.028729470881869945e+00
1.028563145421556690e+00
1.028398197976727380e+00
1.028234613861893187e+00
1.028072378581924795e+00
1.027911477829156484e+00
1.027751897480540855e+00
1.027593623594851957e+00
1.027436642409939704e+00
1.027280940340028703e+00
1.027126503973064153e+00
1.026973320068104378e+00
1.026821375552757321e+00
1.026670657520661001e+00
1.026521153229006389e+00
1.026372850096104239e+00
1.026225735698991670e+00
1.026079797771079383e+00
1.025935024199840395e+00
1.025791403024535864e+00
1.025648922433980426e+00
1.025507570764344845e+00
1.025367336496995740e+00
1.025228208256371731e+00
1.025090174807893995e+00
1.024953225055914130e+00
1.024817348041693110e+00
1.024682532941416202e+00
1.024548769064240972e+00
1.024416045850375045e+00
1.024284352869188730e+00
1.024153679817357832e+00
1.024024016517035118e+00
1.023895352914055090e+00
1.023767679076165615e+00
1.023640985191290209e+00
1.023515261565817625e+00
1.023390498622919420e+00
1.023266686900895728e+00
1.023143817051547444e+00
1.023021879838574622e+00
1.022900866136000397e+00
1.022780766926622009e+00
1.022661573300484239e+00
1.022543276453380168e+00
1.022425867685374357e+00
1.022309338399348899e+00
1.022193680099575008e+00
1.022078884390306142e+00
1.021964942974393109e+00
1.021851847651921164e+00
1.021739590318871072e+00
1.021628162965797282e+00
1.021517557676530519e+00
1.021407766626899249e+00
1.021298782083471579e+00
1.021190596402316686e+00
1.021083202027785575e+00
1.020976591491312035e+00
1.020870757410230700e+00
1.020765692486614196e+00
1.020661389506128947e+00
1.020557841336907856e+00
1.020455040928440749e+00
1.020352981310482576e+00
1.020251655591976947e+00
1.020151056959997860e+00
1.020051178678707204e+00
1.019952014088327363e+00
1.019853556604130684e+00
1.019755799715443834e+00
1.019658736984667469e+00
1.019562362046310566e+00
1.019466668606039850e+00
1.019371650439743426e+00
1.019277301392608637e+00
1.019183615378213004e+00
1.019090586377630725e+00
1.018998208438550268e+00
1.018906475674408174e+00
1.018815382263531966e+00
1.018724922448299264e+00
1.018635090534308230e+00
1.018545880889559330e+00
1.018457287943651757e+00
1.018369306186988954e+00
1.018281930169997240e+00
1.018195154502356647e+00
1.018108973852241972e+00
1.018023382945575150e+00
1.017938376565289627e+00
1.017853949550603820e+00
1.017770096796306811e+00
1.017686813252053568e+00
1.017604093921670394e+00
1.017521933862471473e+00
1.017440328184584297e+00
1.017359272050284424e+00
1.017278760673341775e+00
1.017198789318374930e+00
1.017119353300214746e+00
1.017040447983277307e+00
1.016962068780946638e+00
1.016884211154964746e+00
1.016806870614832548e+00
1.016730042717216120e+00
1.016653723065365611e+00
1.016577907308537698e+00
1.016502591141431155e+00
1.016427770303626188e+00
1.016353440579034206e+00
1.016279597795354483e+00
1.016206237823538583e+00
1.016133356577262559e+00
1.016060950012406039e+00
1.015989014126539081e+00
1.015917544958415908e+00
1.015846538587476644e+00
1.015775991133353706e+00
1.015705898755388192e+00
1.015636257652149821e+00
1.015567064060966418e+00
1.015498314257457846e+00
1.015430004555076815e+00
1.015362131304656801e+00
1.015294690893965956e+00
1.015227679747265466e+00
1.015161094324877222e+00
1.015094931122754174e+00
1.015029186672058215e+00
1.014963857538743630e+00
1.014898940323146315e+00
1.014834431659578096e+00
1.014770328215926831e+00
1.014706626693261837e+00
1.014643323825445087e+00
1.014580416378746852e+00
1.014517901151467116e+00
1.014455774973562097e+00
1.014394034706275427e+00
1.014332677241774228e+00
1.014271699502790725e+00
1.014211098442267645e+00
1.014150871043009827e+00
1.014091014317338058e+00
1.014031525306750448e+00
1.013972401081585817e+00
1.013913638740693068e+00
1.013855235411103672e+00
1.013797188247710368e+00
1.013739494432947641e+00
1.013682151176478641e+00
1.013625155714884540e+00
1.013568505311358781e+00
1.013512197255405978e+00
1.013456228862542607e+00
1.013400597474004350e+00
1.013345300456454101e+00
1.013290335201697534e+00
1.013235699126398659e+00
1.013181389671801380e+00
1.013127404303454382e+00
1.013073740510938237e+00
1.013020395807598062e+00
1.012967367730276846e+00
1.012914653839056101e+00
1.012862251716995177e+00
1.012810158969878582e+00
1.012758373225962405e+00
1.012706892135726733e+00
1.012655713371630517e+00
1.012604834627868655e+00
1.012554253620133293e+00
1.012503968085377126e+00
1.012453975781581361e+00
1.012404274487524347e+00
1.012354862002555089e+00
1.012305736146367874e+00
1.012256894758782000e+00
1.012208335699521289e+00
1.012160056847999146e+00
1.012112056103104951e+00
1.012064331382992899e+00
1.012016880624874160e+00
1.011969701784810605e+00
1.011922792837513629e+00
1.011876151776141430e+00
1.011829776612102272e+00
1.011783665374858865e+00
1.011737816111734745e+00
1.011692226887723756e+00
1.011646895785301759e+00
1.011601820904239890e+00
1.011557000361421599e+00
1.011512432290660568e+00
1.011468114842521082e+00
1.011424046184140835e+00
1.011380224499056846e+00
1.011336647987031157e+00
1.011293314863881188e+00
1.011250223361310319e+00
1.011207371726740689e+00
1.011164758223150217e+00
1.011122381128907843e+00
1.011080238737614101e+00
1.011038329357942134e+00
1.010996651313479822e+00
1.010955202942575903e+00
1.010913982598186545e+00
1.010872988647723236e+00
1.010832219472903803e+00
1.010791673469604746e+00
1.010751349047715131e+00
1.010711244630991601e+00
1.010671358656917151e+00
1.010631689576558578e+00
1.010592235854428811e+00
1.010552995968348133e+00
1.010513968409308960e+00
1.010475151681341055e+00
1.010436544301378747e+00
1.010398144799130149e+00
1.010359951716946370e+00
1.010321963609694507e+00
1.010284179044630415e+00
