6.063857354522875553e+00
6.047599289259765420e+00
6.000376751753115911e+00
5.926415024070982973e+00
5.831546738767651838e+00
5.722000512728840249e+00
5.603465214195477273e+00
5.480590946734383628e+00
5.356867187625967475e+00
5.234731133057948682e+00
5.115772157607205273e+00
5.000947182849507122e+00
4.890766578337603754e+00
4.785438730357043369e+00
4.684975521725620595e+00
4.589266090665592657e+00
4.498126862285955596e+00
4.411334686233603364e+00
4.328648325646843986e+00
4.249822088762517325e+00
4.174614244539366581e+00
4.102792019060699680e+00
4.034134375492179458e+00
3.968433373833362587e+00
3.905494633351780376e+00
3.845137238949630554e+00
3.787193312976287363e+00
3.731507395493660617e+00
3.677935724717269483e+00
3.626345475937343465e+00
3.576613995491488396e+00
3.528628052246780111e+00
3.482283119903335944e+00
3.437482697521078823e+00
3.394137671867638151e+00
3.352165722758348121e+00
3.311490771028436253e+00
3.272042467834907598e+00
3.233755723424915018e+00
3.196570273200401324e+00
3.160430278762839773e+00
3.125283961584672809e+00
3.091083266983847277e+00
3.057783556151772331e+00
3.025343324084227348e+00
2.993723941379990094e+00
2.962889417994089669e+00
2.932806187156873357e+00
2.903442907794007155e+00
2.874770283902341461e+00
2.846760899452469573e+00
2.819389067498281776e+00
2.792630692278100568e+00
2.766463143189159091e+00
2.740865139608281709e+00
2.715816645616687897e+00
2.691298773765428809e+00
2.667293697090887150e+00
2.643784568657204570e+00
2.620755447964423279e+00
2.598191233618501794e+00
2.576077601711478593e+00
2.554400949408674126e+00
2.533148343283776249e+00
2.512307471982881957e+00
2.491866602836038780e+00
2.471814542068378362e+00
2.452140598293742979e+00
2.432834549002251379e+00
2.413886609778686854e+00
2.395287406012272857e+00
2.377027946879822551e+00
2.359099601403471524e+00
2.341494076402477642e+00
2.324203396174326031e+00
2.307219883755283973e+00
2.290536143624062326e+00
2.274145045724247360e+00
2.258039710692465896e+00
2.242213496189308763e+00
2.226659984239092616e+00
2.211372969493175411e+00
2.196346448338913238e+00
2.181574608783372504e+00
2.167051821047243365e+00
2.152772628810012190e+00
2.138731741052816826e+00
2.124924024449912352e+00
2.111344496264323745e+00
2.097988317706784400e+00
2.084850787720962551e+00
2.071927337161028060e+00
2.059213523330607476e+00
2.046705024854892585e+00
2.034397636860057368e+00
2.022287266436441300e+00
2.010369928363872294e+00
1.998641741079415279e+00
1.987098922869531936e+00
1.975737788270091944e+00
1.964554744659116725e+00
1.953546289028417871e+00
1.942709004921358229e+00
1.932039559525131400e+00
1.921534700906903703e+00
1.911191255383873910e+00
1.901006125018365633e+00
1.890976285229581499e+00
1.881098782514359691e+00
1.871370732270051018e+00
1.861789316712892717e+00
1.852351782885986342e+00
1.843055440751418139e+00
1.833897661361364229e+00
1.824875875103553424e+00
1.815987570016757591e+00
1.807230290172217924e+00
1.798601634117422687e+00
1.790099253378675925e+00
1.781720851019321650e+00
1.773464180250651889e+00
1.765327043092752568e+00
1.757307289082692847e+00
1.749402814027682940e+00
1.741611558801012372e+00
1.733931508178665037e+00
1.726360689714614427e+00
1.718897172653151006e+00
1.711539066876335280e+00
1.704284521885166548e+00
1.697131725812888625e+00
1.690078904469065613e+00
1.683124320413075470e+00
1.676266272055855877e+00
1.669503092788686249e+00
1.662833150137917659e+00
1.656254844944639704e+00
1.649766610568277336e+00
1.643366912113232159e+00
1.637054245677671993e+00
1.630827137623618084e+00
1.624684143867608288e+00
1.618623849191134889e+00
1.612644866570184687e+00
1.606745836523168602e+00
1.600925426476688340e+00
1.595182330148386285e+00
1.589515266946469163e+00
1.583922981385203599e+00
1.578404242515952349e+00
1.572957843373182563e+00
1.567582600435017071e+00
1.562277353097812460e+00
1.557040963164362246e+00
1.551872314345280168e+00
1.546770311773156159e+00
1.541733881529098849e+00
1.536761970181294679e+00
1.531853544335198380e+00
1.527007590195045061e+00
1.522223113136313533e+00
1.517499137288835787e+00
1.512834705130259749e+00
1.508228877089516473e+00
1.503680731160075723e+00
1.499189362522629576e+00
1.494753883177023956e+00
1.490373421583100155e+00
1.486047122310244273e+00
1.481774145695401890e+00
1.477553667509294177e+00
1.473384878630634054e+00
1.469266984728126779e+00
1.465199205950038497e+00
1.461180776621103128e+00
1.457210944946621511e+00
1.453288972723515204e+00
1.449414135058171738e+00
1.445585720090897919e+00
1.441803028726803770e+00
1.438065374372937244e+00
1.434372082681555582e+00
1.430722491299288857e+00
1.427115949622128399e+00
1.423551818556027415e+00
1.420029470283010076e+00
1.416548288032619896e+00
1.413107665858589712e+00
1.409707008420586494e+00
1.406345730770914404e+00
1.403023258146038010e+00
1.399739025762813727e+00
1.396492478619313138e+00
1.393283071300108977e+00
1.390110267785925391e+00
1.386973541267539467e+00
1.383872373963824121e+00
1.380806256943848176e+00
1.377774689952902865e+00
1.374777181242381907e+00
1.371813247403412372e+00
1.368882413204148385e+00
1.365984211430632200e+00
1.363118182731137384e+00
1.360283875463917491e+00
1.357480845548260096e+00
1.354708656318794224e+00
1.351966878382933501e+00
1.349255089481425918e+00
1.346572874351896543e+00
1.343919824595330548e+00
1.341295538545426158e+00
1.338699621140737150e+00
1.336131683799570702e+00
1.333591344297513581e+00
1.331078226647601115e+00
1.328591960983003917e+00
1.326132183442221724e+00
1.323698536056660213e+00
1.321290666640629885e+00
1.318908228683620454e+00
1.316550881244841875e+00
1.314218288849978045e+00
1.311910121390091444e+00
1.309626054022644759e+00
1.307365767074549545e+00
1.305128945947261254e+00
1.302915281023816707e+00
1.300724467577787591e+00
1.298556205684128884e+00
1.296410200131825841e+00
1.294286160338368852e+00
1.292183800265949145e+00
1.290102838339378444e+00
1.288042997365673958e+00
1.286004004455280070e+00
1.283985590944885402e+00
1.281987492321795319e+00
1.280009448149846740e+00
1.278051201996792008e+00
1.276112501363159346e+00
1.274193097612527747e+00
1.272292745903207178e+00
1.270411205121265041e+00
1.268548237814907109e+00
1.266703610130145430e+00
1.264877091747750537e+00
1.263068455821438230e+00
1.261277478917300021e+00
1.259503940954397549e+00
1.257747625146546699e+00
1.256008317945226604e+00
1.254285808983623296e+00
1.252579891021738945e+00
1.250890359892603776e+00
1.249217014449504504e+00
1.247559656514250381e+00
1.245918090826437563e+00
1.244292124993690685e+00
1.242681569442869449e+00
1.241086237372199141e+00
1.239505944704340390e+00
1.237940510040337783e+00
1.236389754614458214e+00
1.234853502249886104e+00
1.233331579315264381e+00
1.231823814682060370e+00
1.230330039682729470e+00
1.228850088069687985e+00
1.227383795975035108e+00
1.225931001871059856e+00
1.224491546531463193e+00
1.223065272993330455e+00
1.221652026519791656e+00
1.220251654563402566e+00
1.218864006730184579e+00
1.217488934744347828e+00
1.216126292413666210e+00
1.214775935595481915e+00
1.213437722163354993e+00
1.212111511974313549e+00
1.210797166836710792e+00
1.209494550478668495e+00
1.208203528517111769e+00
1.206923968427346505e+00
1.205655739513207925e+00
1.204398712877752464e+00
1.203152761394473469e+00
1.201917759679039133e+00
1.200693584061550467e+00
1.199480112559290879e+00
1.198277224849967126e+00
1.197084802245438562e+00
1.195902727665906884e+00
1.194730885614574412e+00
1.193569162152754215e+00
1.192417444875422339e+00
1.191275622887203900e+00
1.190143586778790619e+00
1.189021228603765579e+00
1.187908441855853869e+00
1.186805121446552924e+00
1.185711163683178526e+00
1.184626466247282073e+00
1.183550928173451533e+00
1.182484449828480111e+00
1.181426932890904613e+00
1.180378280330896423e+00
1.179338396390497312e+00
1.178307186564210740e+00
1.177284557579916902e+00
1.176270417380125499e+00
1.175264675103544487e+00
1.174267241066978329e+00
1.173278026747524461e+00
1.172296944765080173e+00
1.171323908865154362e+00
1.170358833901960827e+00
1.169401635821810226e+00
1.168452231646781136e+00
1.167510539458666674e+00
1.166576478383194670e+00
1.165649968574515194e+00
1.164730931199950970e+00
1.163819288424997378e+00
1.162914963398588242e+00
1.162017880238592316e+00
1.161127964017569125e+00
1.160245140748748183e+00
1.159369337372253783e+00
1.158500481741551846e+00
1.157638502610123687e+00
1.156783329618361833e+00
1.155934893280683884e+00
1.155093124972857099e+00
1.154257956919527484e+00
1.153429322181968031e+00
1.152607154646009047e+00
1.151791389010186961e+00
1.150981960774067003e+00
1.150178806226771711e+00
1.149381862435687296e+00
1.148591067235362306e+00
1.147806359216573258e+00
1.147027677715584337e+00
1.146254962803564093e+00
1.145488155276185527e+00
1.144727196643388734e+00
1.143972029119305178e+00
1.143222595612349402e+00
1.142478839715468819e+00
1.141740705696542069e+00
1.141008138488940338e+00
1.140281083682235019e+00
1.139559487513048364e+00
1.138843296856059117e+00
1.138132459215141168e+00
1.137426922714648514e+00
1.136726636090833908e+00
1.136031548683406500e+00
1.135341610427217374e+00
1.134656771844080980e+00
1.133976984034717139e+00
1.133302198670829819e+00
1.132632367987298494e+00
1.131967444774496956e+00
1.131307382370731807e+00
1.130652134654795304e+00
1.130001656038636781e+00
1.129355901460143974e+00
1.128714826376039371e+00
1.128078386754881368e+00
1.127446539070179332e+00
1.126819240293606805e+00
1.126196447888325070e+00
1.125578119802405963e+00
1.124964214462352174e+00
1.124354690766726561e+00
1.123749508079862069e+00
1.123148626225682456e+00
1.122552005481608051e+00
1.121959606572556778e+00
1.121371390665032886e+00
1.120787319361310708e+00
1.120207354693696145e+00
1.119631459118884953e+00
1.119059595512398309e+00
1.118491727163104299e+00
1.117927817767820908e+00
1.117367831425998936e+00
1.116811732634485077e+00
1.116259486282362268e+00
1.115711057645864202e+00
1.115166412383370442e+00
1.114625516530468374e+00
1.114088336495095977e+00
1.113554839052748546e+00
1.113024991341760472e+00
1.112498760858655400e+00
1.111976115453562119e+00
1.111457023325702620e+00
1.110941453018937874e+00
1.110429373417386234e+00
1.109920753741103994e+00
1.109415563541821692e+00
1.108913772698754574e+00
1.108415351414458350e+00
1.107920270210761560e+00
1.107428499924741017e+00
1.106940011704766968e+00
1.106454777006596002e+00
1.105972767589527894e+00
1.105493955512610871e+00
1.105018313130904595e+00
1.104545813091796891e+00
1.104076428331369097e+00
1.103610132070817595e+00
1.103146897812923743e+00
1.102686699338572884e+00
1.102229510703325088e+00
1.101775306234031637e+00
1.101324060525502802e+00
1.100875748437217139e+00
1.100430345090080753e+00
1.099987825863233404e+00
1.099548166390894588e+00
1.099111342559255133e+00
1.098677330503417648e+00
1.098246106604369166e+00
1.097817647486004855e+00
1.097391930012190819e+00
1.096968931283864412e+00
1.096548628636174749e+00
1.096130999635671399e+00
1.095716022077516616e+00
1.095303673982750192e+00
1.094893933595584956e+00
1.094486779380737351e+00
1.094082190020799761e+00
1.093680144413648581e+00
1.093280621669879382e+00
1.092883601110290925e+00
1.092489062263387378e+00
1.092096984862928499e+00
1.091707348845504910e+00
1.091320134348147786e+00
1.090935321705971850e+00
1.090552891449849460e+00
1.090172824304116439e+00
1.089795101184307002e+00
1.089419703194922651e+00
1.089046611627225047e+00
1.088675807957066421e+00
1.088307273842740841e+00
1.087940991122869239e+00
1.087576941814311082e+00
1.087215108110102912e+00
1.086855472377425968e+00
1.086498017155598683e+00
1.086142725154097155e+00
1.085789579250600934e+00
1.085438562489067227e+00
1.085089658077822650e+00
1.084742849387692498e+00
1.084398119950140682e+00
1.084055453455444296e+00
1.083714833750889062e+00
1.083376244838985869e+00
1.083039670875711291e+00
1.082705096168776748e+00
1.082372505175908550e+00
1.082041882503163910e+00
1.081713212903256283e+00
1.081386481273910904e+00
1.081061672656238537e+00
1.080738772233126532e+00
1.080417765327660762e+00
1.080098637401553097e+00
1.079781374053603749e+00
1.079465961018172271e+00
1.079152384163675871e+00
1.078840629491099268e+00
1.078530683132530754e+00
1.078222531349712687e+00
1.077916160532611300e+00
1.077611557198003611e+00
1.077308707988085645e+00
1.077007599669093096e+00
1.076708219129944410e+00
1.076410553380896751e+00
1.076114589552222167e+00
1.075820314892897311e+00
1.075527716769312914e+00
1.075236782663996138e+00
1.074947500174350701e+00
1.074659857011412978e+00
1.074373840998622986e+00
1.074089440070608914e+00
1.073806642271989631e+00
1.073525435756191193e+00
