9.641995262552473078e-22
9.649606218478266711e-22
9.658744572005221025e-22
9.667980907132034807e-22
9.677157401625849786e-22
9.686670002664094476e-22
9.697012506282711465e-22
9.708585142265746079e-22
9.721649972583990473e-22
9.736345830349512473e-22
9.752718369687319178e-22
9.770748054900528755e-22
9.790371765551107957e-22
9.811498347017310759e-22
9.834019529702616575e-22
9.857817545654387558e-22
9.882770431036265995e-22
9.908755701735493367e-22
9.935652874967780340e-22
9.963345165936940887e-22
9.991720592320123313e-22
1.002067265353982217e-21
1.005010070570069616e-21
1.007991012015395715e-21
1.011001228983482881e-21
1.014032453015011794e-21
1.017076990847593175e-21
1.020127702700060176e-21
1.023177977680242218e-21
1.026221707603076433e-21
1.029253260137568822e-21
1.032267451931192882e-21
1.035259522162810277e-21
1.038225106830884482e-21
1.041160213978620968e-21
1.044061199981311176e-21
1.046924746966008941e-21
1.049747841394158274e-21
1.052527753809621283e-21
1.055262019735070236e-21
1.057948421686048480e-21
1.060584972263243877e-21
1.063169898277803592e-21
1.065701625861285654e-21
1.068178766510467816e-21
1.070600104016842111e-21
1.072964582231296835e-21
1.075271293615836570e-21
1.077519468535605222e-21
1.079708465246584118e-21
1.081837760536250119e-21
1.083906940976685296e-21
1.085915694751718673e-21
1.087863804021869990e-21
1.089751137792885963e-21
1.091577645255724267e-21
1.093343349567734955e-21
1.095048342046679828e-21
1.096692776750954175e-21
1.098276865421077221e-21
1.099800872759050330e-21
1.101265112023716468e-21
1.102669940921634637e-21
1.104015757774288005e-21
1.105302997943680559e-21
1.106532130499562919e-21
1.107703655112612241e-21
1.108818099158821376e-21
1.109876015021478651e-21
1.110877977577810113e-21
1.111824581858371850e-21
1.112716440867894114e-21
1.113554183557173836e-21
1.114338452936130465e-21
1.115069904318921174e-21
1.115749203692484290e-21
1.116377026200546921e-21
1.116954054735549174e-21
1.117480978631506849e-21
1.117958492451244705e-21
1.118387294861847655e-21
1.118768087592616999e-21
1.119101574470148299e-21
1.119388460525526871e-21
1.119629451168891701e-21
1.119825251427050433e-21
1.119976565239961800e-21
1.120084094812272943e-21
1.120148540016287711e-21
1.120170597843023211e-21
1.120150961898161030e-21
1.120090321939959463e-21
1.119989363456380612e-21
1.119848767278782319e-21
1.119669209229832400e-21
1.119451359803294964e-21
1.119195883873634587e-21
1.118903440433388502e-21
1.118574682356493685e-21
1.118210256185781560e-21
1.117810801943033715e-21
1.117376952960074087e-21
1.116909335729419868e-21
1.116408569773210496e-21
1.115875267529100822e-21
1.115310034251986771e-21
1.114713467930429576e-21
1.114086159216761824e-21
1.113428691369900689e-21
1.112741640209957114e-21
1.112025574083824104e-21
1.111281053840894964e-21
1.110508632818221976e-21
1.109708856834387094e-21
1.108882264191430876e-21
1.108029385684255693e-21
1.107150744616915443e-21
1.106246856825222473e-21
1.105318230705243818e-21
1.104365367247165407e-21
1.103388760074083377e-21
1.102388895485338810e-21
1.101366252504011283e-21
1.100321302928171359e-21
1.099254511385615555e-21
1.098166335391716838e-21
1.097057225410142577e-21
1.095927624916122468e-21
1.094777970462045071e-21
1.093608691745121896e-21
1.092420211676911970e-21
1.091212946454487770e-21
1.089987305633048800e-21
1.088743692199799625e-21
1.087482502648938696e-21
1.086204127057582879e-21
1.084908949162481900e-21
1.083597346437403309e-21
1.082269690171036904e-21
1.080926345545331750e-21
1.079567671714106276e-21
1.078194021881893105e-21
1.076805743382880926e-21
1.075403177759864271e-21
1.073986660843148524e-21
1.072556522829322528e-21
1.071113088359805486e-21
1.069656676599147497e-21
1.068187601312999051e-21
1.066706170945683697e-21
1.065212688697359555e-21
1.063707452600695779e-21
1.062190755597027857e-21
1.060662885611959192e-21
1.059124125630376083e-21
1.057574753770828675e-21
1.056015043359274893e-21
1.054445263002131306e-21
1.052865676658637308e-21
1.051276543712491064e-21
1.049678119042736331e-21
1.048070653093921603e-21
1.046454391945449575e-21
1.044829577380171849e-21
1.043196446952180728e-21
1.041555234053790196e-21
1.039906167981716066e-21
1.038249474002428950e-21
1.036585373416689653e-21
1.034914083623258521e-21
1.033235818181760313e-21
1.031550786874743722e-21
1.029859195768884382e-21
1.028161247275362205e-21
1.026457140209418887e-21
1.024747069849064539e-21
1.023031227992978398e-21
1.021309803017570153e-21
1.019582979933226305e-21
1.017850940439740092e-21
1.016113862980930597e-21
1.014371922798452553e-21
1.012625291984809638e-21
1.010874139535566351e-21
1.009118631400780510e-21
1.007358930535648428e-21
1.005595196950373527e-21
1.003827587759275483e-21
1.002056257229130875e-21
1.000281356826772811e-21
9.985030352659282642e-22
9.967214385533455997e-22
9.949367100341660226e-22
9.931489904365991353e-22
9.913584179158740123e-22
9.895651280974956999e-22
9.877692541197975474e-22
9.859709266758241647e-22
9.841702740545237540e-22
9.823674221812847970e-22
9.805624946578020527e-22
9.787556128013091041e-22
9.769468956831526292e-22
9.751364601667475143e-22
9.733244209449073577e-22
9.715108905765509259e-22
9.696959795228191713e-22
9.678797961825817436e-22
9.660624469273636546e-22
9.642440361356892733e-22
9.624246662268568177e-22
9.606044376941527471e-22
9.587834491375083114e-22
9.569617972956165022e-22
9.551395770775058308e-22
9.533168815935931275e-22
9.514938021862089669e-22
9.496704284596188532e-22
9.478468483095313259e-22
9.460231479521187522e-22
9.441994119525444123e-22
9.423757232530112989e-22
9.405521632003401552e-22
9.387288115730748700e-22
9.369057466081438182e-22
9.350830450270575858e-22
9.332607820616722330e-22
9.314390314795154608e-22
9.296178656086830172e-22
9.277973553623132418e-22
9.259775702626527266e-22
9.241585784647087670e-22
9.223404467795028972e-22
9.205232406969303991e-22
9.187070244082348145e-22
9.168918608280993395e-22
9.150778116163643173e-22
9.132649371993740281e-22
9.114532967909676323e-22
9.096429484131086263e-22
9.078339489161680450e-22
9.060263539988585882e-22
9.042202182278384816e-22
9.024155950569777350e-22
9.006125368462954502e-22
8.988110948805845418e-22
8.970113193877144660e-22
8.952132595566206104e-22
8.934169635549983990e-22
8.916224785466902643e-22
8.898298507087799682e-22
8.880391252483997261e-22
8.862503464192444922e-22
8.844635575378238740e-22
8.826788009994155656e-22
8.808961182937690117e-22
8.791155500205344762e-22
8.773371359044306813e-22
8.755609148101598554e-22
8.737869247570651137e-22
8.720152029335478492e-22
8.702457857112359189e-22
8.684787086589105252e-22
8.667140065562105988e-22
8.649517134070876011e-22
8.631918624530491143e-22
8.614344861861714689e-22
8.596796163618932608e-22
8.579272840115976545e-22
8.561775194549782071e-22
8.544303523121987467e-22
8.526858115158499366e-22
8.509439253226997044e-22
8.492047213252557812e-22
8.474682264631215409e-22
8.457344670341726948e-22
8.440034687055395118e-22
8.422752565244054740e-22
8.405498549286291378e-22
8.388272877571825232e-22
8.371075782604172240e-22
8.353907491101596464e-22
8.336768224096367901e-22
8.319658197032329449e-22
8.302577619860883076e-22
8.285526697135297380e-22
8.268505628103576345e-22
8.251514606799603412e-22
8.234553822132886239e-22
8.217623457976784607e-22
8.200723693255221467e-22
8.183854702028004077e-22
8.167016653574684713e-22
8.150209712477057805e-22
8.133434038700234245e-22
8.116689787672466867e-22
8.099977110363504190e-22
8.083296153361764920e-22
8.066647058950200588e-22
8.050029965180856692e-22
8.033445005948233885e-22
8.016892311061431356e-22
8.000372006315086505e-22
7.983884213559155104e-22
7.967429050767496228e-22
7.951006632105356906e-22
7.934617067995743362e-22
7.918260465184689159e-22
7.901936926805406156e-22
7.885646552441458399e-22
7.869389438188773680e-22
7.853165676716789927e-22
7.836975357328418588e-22
7.820818566019165409e-22
7.804695385535179169e-22
7.788605895430408916e-22
7.772550172122775669e-22
7.756528288949430062e-22
7.740540316221127882e-22
7.724586321275667110e-22
7.708666368530488939e-22
7.692780519534384478e-22
7.676928833018347581e-22
7.661111364945645262e-22
7.645328168560992854e-22
7.629579294438972156e-22
7.613864790531634245e-22
7.598184702215342464e-22
7.582539072336814179e-22
7.566927941258442198e-22
7.551351346902844132e-22
7.535809324796727138e-22
7.520301908113955208e-22
7.504829127718003332e-22
7.489391012203671550e-22
7.473987587938087144e-22
7.458618879101109665e-22
7.443284907725011863e-22
7.427985693733536191e-22
7.412721254980323128e-22
7.397491607286705670e-22
7.382296764478865299e-22
7.367136738424416186e-22
7.352011539068358393e-22
7.336921174468482822e-22
7.321865650830157381e-22
7.306844972540586538e-22
7.291859142202463368e-22
7.276908160667140124e-22
7.261992027067181909e-22
7.247110738848458611e-22
7.232264291801667900e-22
7.217452680093349470e-22
7.202675896296428147e-22
7.187933931420230368e-22
7.173226774939984389e-22
7.158554414825958441e-22
7.143916837571936844e-22
7.129314028223405539e-22
7.114745970405180908e-22
7.100212646348634226e-22
7.085714036918441205e-22
7.071250121638918716e-22
7.056820878719923274e-22
7.042426285082343285e-22
7.028066316383141774e-22
7.013740947040039886e-22
6.999450150255740533e-22
6.985193898041825725e-22
6.970972161242225079e-22
6.956784909556279019e-22
6.942632111561476597e-22
6.928513734735812455e-22
6.914429745479744121e-22
6.900380109137839911e-22
6.886364790020044093e-22
6.872383751422597866e-22
6.858436955648639660e-22
6.844524364028443393e-22
6.830645936939364252e-22
6.816801633825396105e-22
6.802991413216499444e-22
6.789215232747517441e-22
6.775473049176871013e-22
6.761764818404895591e-22
6.748090495491880728e-22
6.734450034675857675e-22
6.720843389390039964e-22
6.707270512280022293e-22
6.693731355220678496e-22
6.680225869332814067e-22
6.666754004999469794e-22
6.653315711882061768e-22
6.639910938936194132e-22
6.626539634427204761e-22
6.613201745945514395e-22
6.599897220421656040e-22
6.586626004141127573e-22
6.573388042758934961e-22
6.560183281313940814e-22
6.547011664242966553e-22
6.533873135394659488e-22
6.520767638043152994e-22
6.507695114901441764e-22
6.494655508134632917e-22
6.481648759372887724e-22
6.468674809724228848e-22
6.455733599787052315e-22
6.442825069662520038e-22
6.429949158966687158e-22
6.417105806842468582e-22
6.404294951971381695e-22
6.391516532585090658e-22
6.378770486476800239e-22
6.366056751012423951e-22
6.353375263141580094e-22
6.340725959408404424e-22
6.328108775962186966e-22
6.315523648567837674e-22
6.302970512616165896e-22
6.290449303133977399e-22
6.277959954794067012e-22
6.265502401924951718e-22
6.253076578520524757e-22
6.240682418249490609e-22
6.228319854464691841e-22
6.215988820212242227e-22
6.203689248240510341e-22
6.191421071008979972e-22
6.179184220696945954e-22
6.166978629212053901e-22
6.154804228198721444e-22
6.142660949046388328e-22
6.130548722897663051e-22
6.118467480656293661e-22
6.106417152995042622e-22
6.094397670363399006e-22
6.082408962995182523e-22
6.070450960915997097e-22
6.058523593950578181e-22
6.046626791730015928e-22
6.034760483698824149e-22
6.022924599121942493e-22
6.011119067091565605e-22
5.999343816533903622e-22
5.987598776215780935e-22
5.975883874751164410e-22
5.964199040607544911e-22
5.952544202112258643e-22
5.940919287458625111e-22
5.929324224712054985e-22
5.917758941815997168e-22
5.906223366597832248e-22
5.894717426774610796e-22
5.883241049958750279e-22
5.871794163663575870e-22
5.860376695308808600e-22
5.848988572225936890e-22
5.837629721663499700e-22
5.826300070792289734e-22
5.814999546710430632e-22
5.803728076448414676e-22
5.792485586974002243e-22
5.781272005197078013e-22
5.770087257974395260e-22
5.758931272114243978e-22
5.747803974381037187e-22
5.736705291499803206e-22
5.725635150160642184e-22
5.714593477023034993e-22
5.703580198720129551e-22
5.692595241862943450e-22
5.681638533044447150e-22
5.670709998843654704e-22
5.659809565829531099e-22
5.648937160564966364e-22
5.638092709610525875e-22
5.627276139528270232e-22
5.616487376885419050e-22
5.605726348257965828e-22
5.594992980234254283e-22
5.584287199418449345e-22
5.573608932433993109e-22
5.562958105926930077e-22
5.552334646569243679e-22
5.541738481062079950e-22
5.531169536138924185e-22
5.520627738568735275e-22
5.510113015159002939e-22
5.499625292758736294e-22
5.489164498261447733e-22
5.478730558608009848e-22
5.468323400789509526e-22
5.457942951850036226e-22
5.447589138889404421e-22
5.437261889065825264e-22
5.426961129598551916e-22
5.416686787770444950e-22
5.406438790930499193e-22
5.396217066496308499e-22
5.386021541956519243e-22
5.375852144873208581e-22
5.365708802884175255e-22
5.355591443705295281e-22
5.345499995132714952e-22
5.335434385045062651e-22
5.325394541405610815e-22
5.315380392264370199e-22
5.305391865760175674e-22
5.295428890122710898e-22
5.285491393674456811e-22
5.275579304832703147e-22
5.265692552111389727e-22
5.255831064122999473e-22
5.245994769580382774e-22
5.236183597298540482e-22
5.226397476196386206e-22
5.216636335298432446e-22
5.206900103736490827e-22
5.197188710751312145e-22
5.187502085694180344e-22
5.177840158028489554e-22
5.168202857331283519e-22
5.158590113294759292e-22
5.149001855727715443e-22
5.139438014557023774e-22
5.129898519829028635e-22
5.120383301710886040e-22
5.110892290491951696e-22
5.101425416585061817e-22
5.091982610527832755e-22
5.082563802983908901e-22
5.073168924744181441e-22
5.063797906727988298e-22
5.054450679984284925e-22
5.045127175692764317e-22
5.035827325165003352e-22
5.026551059845512272e-22
5.017298311312808617e-22
5.008069011280450718e-22
4.998863091598046739e-22
4.989680484252223289e-22
4.980521121367599669e-22
4.971384935207707579e-22
4.962271858175898600e-22
4.953181822816235687e-22
4.944114761814364921e-22
4.935070607998325183e-22
4.926049294339384169e-22
4.917050753952836786e-22
4.908074920098764990e-22
4.899121726182792925e-22
4.890191105756820431e-22
4.881282992519728340e-22
4.872397320318059321e-22
4.863534023146708136e-22
4.854693035149549817e-22
4.845874290620074437e-22
4.837077724002001189e-22
4.828303269889870830e-22
4.819550863029617449e-22
4.810820438319109188e-22
4.802111930808706840e-22
4.793425275701780127e-22
4.784760408355192938e-22
4.776117264279804571e-22
4.767495779140926752e-22
4.758895888758783499e-22
4.750317529108952163e-22
4.741760636322769677e-22
4.733225146687734110e-22
4.724710996647915615e-22
4.716218122804309080e-22
4.707746461915199000e-22
4.699295950896500842e-22
4.690866526822104289e-22
4.682458126924171344e-22
4.674070688593438198e-22
4.665704149379523680e-22
4.657358446991179402e-22
4.649033519296564354e-22
4.640729304323486587e-22
4.632445740259644891e-22
4.624182765452850734e-22
4.615940318411230442e-22
4.607718337803432088e-22
4.599516762458805109e-22
4.591335531367586502e-22
4.583174583681051286e-22
4.575033858711674257e-22
4.566913295933254110e-22
4.558812834981063910e-22
4.550732415651960177e-22
4.542671977904493848e-22
4.534631461858995859e-22
4.526610807797686225e-22
4.518609956164733291e-22
4.510628847566336481e-22
4.502667422770769562e-22
4.494725622708433300e-22
4.486803388471915649e-22
4.478900661315986109e-22
4.471017382657645567e-22
4.463153494076118769e-22
4.455308937312884421e-22
4.447483654271633803e-22
4.439677587018283001e-22
4.431890677780953154e-22
4.424122868949926259e-22
4.416374103077614135e-22
4.408644322878511405e-22
4.400933471229149415e-22
4.393241491168021006e-22
4.385568325895533489e-22
4.377913918773908967e-22
4.370278213327123208e-22
4.362661153240806904e-22
4.355062682362149748e-22
4.347482744699797935e-22
4.339921284423738492e-22
4.332378245865198654e-22
4.324853573516516090e-22
4.317347212030996905e-22
4.309859106222808434e-22
4.302389201066808087e-22
4.294937441698419223e-22
4.287503773413479742e-22
4.280088141668058707e-22
4.272690492078325632e-22
4.265310770420352999e-22
4.257948922629964850e-22
4.250604894802546834e-22
4.243278633192849657e-22
4.235970084214829220e-22
4.228679194441424685e-22
4.221405910604369452e-22
4.214150179593991799e-22
4.206911948458991537e-22
4.199691164406244877e-22
4.192487774800578266e-22
4.185301727164536108e-22
4.178132969178170118e-22
4.170981448678805159e-22
4.163847113660803678e-22
4.156729912275312737e-22
4.149629792830047252e-22
4.142546703789024330e-22
4.135480593772318770e-22
4.128431411555818086e-22
4.121399106070939920e-22
4.114383626404403997e-22
4.107384921797942481e-22
4.100402941648042307e-22
4.093437635505672938e-22
4.086488953076013180e-22
4.079556844218170001e-22
4.072641258944901120e-22
4.065742147422329589e-22
4.058859459969666855e-22
4.051993147058895368e-22
4.045143159314518444e-22
4.038309447513224539e-22
4.031491962583620177e-22
4.024690655605911156e-22
4.017905477811613849e-22
4.011136380583226064e-22
4.004383315453949155e-22
3.997646234107366879e-22
3.990925088377113439e-22
3.984219830246597002e-22
3.977530411848646116e-22
3.970856785465212068e-22
3.964198903527048219e-22
3.957556718613373802e-22
3.950930183451556075e-22
3.944319250916786354e-22
3.937723874031749932e-22
3.931144005966296471e-22
3.924579600037098171e-22
3.918030609707325329e-22
3.911496988586312032e-22
3.904978690429209620e-22
3.898475669136659428e-22
3.891987878754442959e-22
3.885515273473137701e-22
3.879057807627790806e-22
3.872615435697548109e-22
3.866188112305338151e-22
3.859775792217494610e-22
3.853378430343432810e-22
3.846995981735282021e-22
3.840628401587548798e-22
3.834275645236752112e-22
3.827937668161074458e-22
3.821614425980013912e-22
3.815305874454019255e-22
3.809011969484134977e-22
3.802732667111655209e-22
3.796467923517748974e-22
3.790217695023111306e-22
3.783981938087603071e-22
3.777760609309878106e-22
3.771553665427047026e-22
3.765361063314290250e-22
3.759182759984502062e-22
3.753018712587931852e-22
3.746868878411822999e-22
3.740733214880024024e-22
3.734611679552664149e-22
3.728504230125745638e-22
3.722410824430802432e-22
3.716331420434526813e-22
3.710265976238400296e-22
3.704214450078322648e-22
3.698176800324252183e-22
3.692152985479830544e-22
3.686142964182015011e-22
3.680146695200699519e-22
3.674164137438377059e-22
3.668195249929724489e-22
3.662239991841262115e-22
3.656298322470978472e-22
3.650370201247956516e-22
3.644455587732000285e-22
3.638554441613262979e-22
3.632666722711890542e-22
3.626792390977629056e-22
3.620931406489462678e-22
3.615083729455252538e-22
3.609249320211348351e-22
3.603428139222223541e-22
3.597620147080103791e-22
3.591825304504600756e-22
3.586043572342330259e-22
3.580274911566551657e-22
3.574519283276781800e-22
3.568776648698449442e-22
3.563046969182491340e-22
3.557330206205002424e-22
3.551626321366861993e-22
3.545935276393363666e-22
3.540257033133837819e-22
3.534591553561286704e-22
3.528938799772013470e-22
3.523298733985249760e-22
3.517671318542796017e-22
3.512056515908637325e-22
3.506454288668578069e-22
3.500864599529888348e-22
3.495287411320917470e-22
3.489722686990731429e-22
3.484170389608740980e-22
3.478630482364353223e-22
3.473102928566579455e-22
3.467587691643678766e-22
3.462084735142791747e-22
3.456594022729582678e-22
3.451115518187861482e-22
3.445649185419221675e-22
3.440194988442680669e-22
3.434752891394310659e-22
3.429322858526877987e-22
3.423904854209475917e-22
3.418498842927171513e-22
3.413104789280625255e-22
3.407722657985755781e-22
3.402352413873350098e-22
3.396994021888720337e-22
3.391647447091343110e-22
3.386312654654492284e-22
3.380989609864886809e-22
3.375678278122328188e-22
3.370378624939343603e-22
3.365090615940837495e-22
3.359814216863707412e-22
3.354549393556526158e-22
3.349296111979157642e-22
3.344054338202415038e-22
3.338824038407701562e-22
3.333605178886657350e-22
3.328397726040813388e-22
3.323201646381222887e-22
3.318016906528137777e-22
3.312843473210613747e-22
3.307681313266219190e-22
3.302530393640630833e-22
3.297390681387313536e-22
3.292262143667165286e-22
3.287144747748175839e-22
3.282038461005059965e-22
3.276943250918947583e-22
3.271859085076998205e-22
3.266785931172082611e-22
3.261723757002433958e-22
3.256672530471297957e-22
3.251632219586592918e-22
3.246602792460578733e-22
3.241584217309497171e-22
3.236576462453253090e-22
3.231579496315049085e-22
3.226593287421076106e-22
3.221617804400157043e-22
3.216653015983410536e-22
3.211698891003920897e-22
3.206755398396405680e-22
3.201822507196860680e-22
3.196900186542263710e-22
3.191988405670199855e-22
3.187087133918555838e-22
3.182196340725181485e-22
3.177315995627560110e-22
3.172446068262474208e-22
3.167586528365681957e-22
3.162737345771590434e-22
3.157898490412916126e-22
3.153069932320377899e-22
3.148251641622353274e-22
3.143443588544563404e-22
3.138645743409748631e-22
3.133858076637344523e-22
3.129080558743152262e-22
3.124313160339034432e-22
3.119555852132571298e-22
3.114808604926764584e-22
3.110071389619704576e-22
3.105344177204249441e-22
3.100626938767720544e-22
3.095919645491578011e-22
3.091222268651107103e-22
3.086534779615098487e-22
3.081857149845544485e-22
3.077189350897322159e-22
3.072531354417874994e-22
3.067883132146911022e-22
3.063244655916088738e-22
3.058615897648703944e-22
3.053996829359388822e-22
3.049387423153802545e-22
3.044787651228316248e-22
3.040197485869717735e-22
3.035616899454901630e-22
3.031045864450562798e-22
3.026484353412904828e-22
3.021932338987319358e-22
3.017389793908097840e-22
3.012856690998129208e-22
3.008333003168598006e-22
3.003818703418685818e-22
2.999313764835272216e-22
2.994818160592642773e-22
2.990331863952185309e-22
2.985854848262097437e-22
2.981387086957100672e-22
2.976928553558131049e-22
2.972479221672064526e-22
2.968039064991403827e-22
2.963608057294015140e-22
2.959186172442805083e-22
2.954773384385459749e-22
2.950369667154149422e-22
2.945974994865228587e-22
2.941589341718960869e-22
2.937212681999237380e-22
2.932844990073282379e-22
2.928486240391370211e-22
2.924136407486549773e-22
2.919795465974359100e-22
2.915463390552538079e-22
2.911140156000757141e-22
2.906825737180336086e-22
2.902520109033963842e-22
2.898223246585415409e-22
2.893935124939283373e-22
2.889655719280703314e-22
2.885385004875073095e-22
2.881122957067779207e-22
2.876869551283926408e-22
2.872624763028063595e-22
2.868388567883911562e-22
2.864160941514100156e-22
2.859941859659882399e-22
2.855731298140883405e-22
2.851529232854822015e-22
2.847335639777250317e-22
2.843150494961273873e-22
2.838973774537306274e-22
2.834805454712788439e-22
2.830645511771934699e-22
2.826493922075465734e-22
2.822350662060342903e-22
2.818215708239519047e-22
2.814089037201669057e-22
2.809970625610929864e-22
2.805860450206649346e-22
2.801758487803119258e-22
2.797664715289329321e-22
2.793579109628701086e-22
2.789501647858835913e-22
2.785432307091274695e-22
2.781371064511219972e-22
2.777317897377299425e-22
2.773272783021314318e-22
2.769235698847981827e-22
2.765206622334691484e-22
2.761185531031251263e-22
2.757172402559643552e-22
2.753167214613771246e-22
2.749169944959223585e-22
2.745180571433021782e-22
2.741199071943365583e-22
2.737225424469409453e-22
2.733259607061005851e-22
2.729301597838463543e-22
2.725351374992310158e-22
2.721408916783055205e-22
2.717474201540932874e-22
2.713547207665689982e-22
2.709627913626317952e-22
2.705716297960841233e-22
2.701812339276068557e-22
2.697916016247352205e-22
2.694027307618368890e-22
2.690146192200870083e-22
2.686272648874453501e-22
2.682406656586337875e-22
2.678548194351122214e-22
2.674697241250557757e-22
2.670853776433319930e-22
2.667017779114776534e-22
2.663189228576765344e-22
2.659368104167350548e-22
2.655554385300618207e-22
2.651748051456432697e-22
2.647949082180219004e-22
2.644157457082740321e-22
2.640373155839862013e-22
2.636596158192348484e-22
2.632826443945624323e-22
2.629063992969557071e-22
2.625308785198245628e-22
2.621560800629785160e-22
2.617820019326066793e-22
2.614086421412540630e-22
2.610359987078005107e-22
2.606640696574402454e-22
2.602928530216580306e-22
2.599223468382102212e-22
2.595525491511004076e-22
2.591834580105609364e-22
2.588150714730298242e-22
2.584473876011300215e-22
2.580804044636482070e-22
2.577141201355142869e-22
2.573485326977793428e-22
2.569836402375959771e-22
2.566194408481966840e-22
2.562559326288729259e-22
2.558931136849552441e-22
2.555309821277920994e-22
2.551695360747291369e-22
2.548087736490897196e-22
2.544486929801533931e-22
2.540892922031361380e-22
2.537305694591700095e-22
2.533725228952834367e-22
2.530151506643801575e-22
2.526584509252202696e-22
2.523024218423994951e-22
2.519470615863294786e-22
2.515923683332186978e-22
2.512383402650513514e-22
2.508849755695693032e-22
2.505322724402510648e-22
2.501802290762934105e-22
2.498288436825910649e-22
2.494781144697178478e-22
2.491280396539073493e-22
2.487786174570332754e-22
2.484298461065910634e-22
2.480817238356778042e-22
2.477342488829740460e-22
2.473874194927248449e-22
2.470412339147196879e-22
2.466956904042756125e-22
2.463507872222167532e-22
2.460065226348562389e-22
2.456628949139785134e-22
2.453199023368188350e-22
2.449775431860467721e-22
2.446358157497469256e-22
2.442947183214002147e-22
2.439542491998661035e-22
2.436144066893647807e-22
2.432751890994581164e-22
2.429365947450322175e-22
2.425986219462792787e-22
2.422612690286795736e-22
2.419245343229837278e-22
2.415884161651949464e-22
