8.846347896689714219e+00
2.478418317778945390e+00
2.449222408875113111e+00
2.425669964945564416e+00
2.402562153652120447e+00
2.379068667979905349e+00
2.354931561630904113e+00
2.330102791459767175e+00
2.304633163039509380e+00
2.278621625988908050e+00
2.252189233212945840e+00
2.225464720601202817e+00
2.198576037016422902e+00
2.171645201142902160e+00
2.144785190107868278e+00
2.118098163685063984e+00
2.091674610125787925e+00
2.065593141769545671e+00
2.039920747292522929e+00
2.014713356444038261e+00
1.990016607303929819e+00
1.965866732022091057e+00
1.942291497619860641e+00
1.919311155097151778e+00
1.896939363530643297e+00
1.875184066546711437e+00
1.854048306911975086e+00
1.833530971356098105e+00
1.813627462477254815e+00
1.794330297977217326e+00
1.775629639814861438e+00
1.757513757386592435e+00
1.739969429742652007e+00
1.722982292287702277e+00
1.706537133528753802e+00
1.690618147318564191e+00
1.675209145780641506e+00
1.660293737747569720e+00
1.645855477142657008e+00
1.631877985313305190e+00
1.618345050907465055e+00
1.605240710481394162e+00
1.592549312650269888e+00
1.580255568245527931e+00
1.568344588627530678e+00
1.556801914017075905e+00
1.545613533457259159e+00
1.534765897792889078e+00
1.524245926858988742e+00
1.514041011896076316e+00
1.504139014062004120e+00
1.494528259779181800e+00
1.485197533543925363e+00
1.476136068727559758e+00
1.467333536816000983e+00
1.458780035462912794e+00
1.450466075670358457e+00
1.442382568358412609e+00
1.434520810541178637e+00
1.426872471288016087e+00
1.419429577617865146e+00
1.412184500445191393e+00
1.405129940675595934e+00
1.398258915527243129e+00
1.391564745139944881e+00
1.385041039518052131e+00
1.378681685843687443e+00
1.372480836185430153e+00
1.366432895621097598e+00
1.360532510785676497e+00
1.354774558850581290e+00
1.349154136935180492e+00
1.343666551949276311e+00
1.338307310860603838e+00
1.333072111380599667e+00
1.327956833058949071e+00
1.322957528776323555e+00
1.318070416623550845e+00
1.313291872155086581e+00
1.308618421003468812e+00
1.304046731841581597e+00
1.299573609679486541e+00
1.295195989482121002e+00
1.290910930094612663e+00
1.286715608461823646e+00
1.282607314129636356e+00
1.278583444014683268e+00
1.274641497430688775e+00
1.270779071359298129e+00
1.266993855953935988e+00
1.263283630265276569e+00
1.259646258178119815e+00
1.256079684548778053e+00
1.252581931533422122e+00
1.249151095098164799e+00
1.245785341701260762e+00
1.242482905139110416e+00
1.239242083547936746e+00
1.236061236553021914e+00
1.232938782558258728e+00
1.229873196168434379e+00
1.226863005738250356e+00
1.223906791040706876e+00
1.221003181049487907e+00
1.218150851829066017e+00
1.215348524527234408e+00
1.212594963464718845e+00
1.209888974316750687e+00
1.207229402382372641e+00
1.204615130936287803e+00
1.202045079659696647e+00
1.199518203145516493e+00
1.197033489474600643e+00
1.194589958859171963e+00
1.192186662349830506e+00
1.189822680603319860e+00
1.187497122707762642e+00
1.185209125062179902e+00
1.182957850308050007e+00
1.180742486309872552e+00
1.178562245182558366e+00
1.176416362362872059e+00
1.174304095723407437e+00
1.172224724726026679e+00
1.170177549613920620e+00
1.168161890639180189e+00
1.166177087324991701e+00
1.164222497760537101e+00
1.162297497926593204e+00
1.160401481050890915e+00
1.158533856991346367e+00
1.156694051646041110e+00
1.154881506388542256e+00
1.153095677527267826e+00
1.151336035787986711e+00
1.149602065818119190e+00
1.147893265711702471e+00
1.146209146554495240e+00
1.144549231987454174e+00
1.142913057788815134e+00
1.141300171472788616e+00
1.139710131904816182e+00
1.138142508932342700e+00
1.136596883030392968e+00
1.135072844961339200e+00
1.133569995448158174e+00
1.132087944860500128e+00
1.130626312913069809e+00
1.129184728375794977e+00
1.127762828795039862e+00
1.126360260225686138e+00
1.124976676973237666e+00
1.123611741345789783e+00
1.122265123415260080e+00
1.120936500787656831e+00
1.119625558381500463e+00
1.118331988214891437e+00
1.117055489199934915e+00
1.115795766944827516e+00
1.114552533563068826e+00
1.113325507489276278e+00
1.112114413301925842e+00
1.110918981551918927e+00
1.109738948597479569e+00
1.108574056444559197e+00
1.107424052592855146e+00
1.106288689887112042e+00
1.105167726373387449e+00
1.104060925160304629e+00
1.102968054284771515e+00
1.101888886582351290e+00
1.100823199561764998e+00
1.099770775283659630e+00
1.098731400243141199e+00
1.097704865256288409e+00
1.096690965350163971e+00
1.095689499656411270e+00
1.094700271308153283e+00
1.093723087340263245e+00
1.092757758592606043e+00
1.091804099616254353e+00
1.090861928582776974e+00
1.089931067196073800e+00
1.089011340607138223e+00
1.088102577331054865e+00
1.087204609166796843e+00
1.086317271119285000e+00
1.085440401323646720e+00
1.084573840971806868e+00
1.083717434241282751e+00
1.082871028225817156e+00
1.082034472868293795e+00
1.081207620895210164e+00
1.080390327753409041e+00
1.079582451548236399e+00
1.078783852983681735e+00
1.077994395304022968e+00
1.077213944237199961e+00
1.076442367939604905e+00
1.075679536942551584e+00
1.074925324100006074e+00
1.074179604537906396e+00
1.073442255604738493e+00
1.072713156823381864e+00
1.071992189844388710e+00
1.071279238400291378e+00
1.070574188261262938e+00
1.069876927191879989e+00
1.069187344908971937e+00
1.068505333040545402e+00
1.067830785085854606e+00
1.067163596376346613e+00
1.066503664037753873e+00
1.065850886952881771e+00
1.065205165725665148e+00
1.064566402645879428e+00
1.063934501654750342e+00
1.063309368311429637e+00
1.062690909760416691e+00
1.062079034699521252e+00
1.061473653348820934e+00
1.060874677420247103e+00
1.060282020087953914e+00
1.059695595959322389e+00
1.059115321046793623e+00
1.058541112740156054e+00
1.057972889779678960e+00
1.057410572229793733e+00
1.056854081453319161e+00
1.056303340086404363e+00
1.055758272013966881e+00
1.055218802345754270e+00
1.054684857392859110e+00
1.054156364644859067e+00
1.053633252747454563e+00
1.053115451480497455e+00
1.052602891736807988e+00
1.052095505500971084e+00
1.051593225829156042e+00
1.051095986828986195e+00
1.050603723640024745e+00
1.050116372414597876e+00
1.049633870299195193e+00
1.049156155416059111e+00
1.048683166845279180e+00
1.048214844607413099e+00
1.047751129646151469e+00
1.047291963811660676e+00
1.046837289844146923e+00
1.046387051357741349e+00
1.045941192824801913e+00
1.045499659560525485e+00
1.045062397707858581e+00
1.044629354222676332e+00
1.044200476859414861e+00
1.043775714156883305e+00
1.043355015424355603e+00
1.042938330728081064e+00
1.042525610877935494e+00
1.042116807414338986e+00
1.041711872595606936e+00
1.041310759385376317e+00
1.040913421440400333e+00
1.040519813098445878e+00
1.040129889366682825e+00
1.039743605910030455e+00
1.039360919039946207e+00
1.038981785703271710e+00
1.038606163471537114e+00
1.038234010530094897e+00
1.037865285667875392e+00
1.037499948267146088e+00
1.037137958293398832e+00
1.036779276285596518e+00
1.036423863346521701e+00
1.036071681133334144e+00
1.035722691848270927e+00
1.035376858229659636e+00
1.035034143542843621e+00
1.034694511571611741e+00
1.034357926609524192e+00
1.034024353451494571e+00
1.033693757385669709e+00
1.033366104185113654e+00
1.033041360100083184e+00
1.032719491850130566e+00
1.032400466616486767e+00
1.032084252034500604e+00
1.031770816186376560e+00
1.031460127593874621e+00
1.031152155211282784e+00
1.030846868418393791e+00
1.030544237013722775e+00
1.030244231207779970e+00
1.029946821616509300e+00
1.029651979254798455e+00
1.029359675530188367e+00
1.029069882236600231e+00
1.028782571548198188e+00
1.028497716013546226e+00
1.028215288549472195e+00
1.027935262435502706e+00
1.027657611307991603e+00
1.027382309154737383e+00
1.027109330309337487e+00
1.026838649445897422e+00
1.026570241573691700e+00
1.026304082032021503e+00
1.026040146485089899e+00
1.025778410916975414e+00
1.025518851626733285e+00
1.025261445223571100e+00
1.025006168622082159e+00
1.024752999037574774e+00
1.024501913981500811e+00
1.024252891256911324e+00
1.024005908954137345e+00
1.023760945446312354e+00
1.023517979385156318e+00
1.023276989696794592e+00
1.023037955577588365e+00
1.022800856490099441e+00
1.022565672159129413e+00
1.022332382567737286e+00
1.022100967953474271e+00
1.021871408804493786e+00
1.021643685855901262e+00
1.021417780086110172e+00
1.021193672713166967e+00
1.020971345191312718e+00
1.020750779207396874e+00
1.020531956677603880e+00
1.020314859743904012e+00
1.020099470770943650e+00
1.019885772342697727e+00
1.019673747259228325e+00
1.019463378533645104e+00
1.019254649388976253e+00
1.019047543255102273e+00
1.018842043765818328e+00
1.018638134755863511e+00
1.018435800258002955e+00
1.018235024500257158e+00
1.018035791903088461e+00
1.017838087076563092e+00
1.017641894817787440e+00
1.017447200108116290e+00
1.017253988110642604e+00
1.017062244167534768e+00
1.016871953797552797e+00
1.016683102693544116e+00
1.016495676719997077e+00
1.016309661910593354e+00
1.016125044465924443e+00
1.015941810751024965e+00
1.015759947293174204e+00
1.015579440779579290e+00
1.015400278055206718e+00
1.015222446120522370e+00
1.015045932129407635e+00
1.014870723386956497e+00
1.014696807347442942e+00
1.014524171612280368e+00
1.014352803927931257e+00
1.014182692183995149e+00
1.014013824411166720e+00
1.013846188779384372e+00
1.013679773595900890e+00
1.013514567303357206e+00
1.013350558478053109e+00
1.013187735828045666e+00
1.013026088191403717e+00
1.012865604534455954e+00
1.012706273950015889e+00
1.012548085655754271e+00
1.012391028992420061e+00
1.012235093422361620e+00
1.012080268527678628e+00
1.011926544008791895e+00
1.011773909682784689e+00
1.011622355481926805e+00
1.011471871452014115e+00
1.011322447751008324e+00
1.011174074647493759e+00
1.011026742519177457e+00
1.010880441851501388e+00
1.010735163236223810e+00
1.010590897370024610e+00
1.010447635053066673e+00
1.010305367187757319e+00
1.010164084777320781e+00
1.010023778924549198e+00
1.009884440830427055e+00
1.009746061792949900e+00
1.009608633205829831e+00
1.009472146557194083e+00
1.009336593428518558e+00
1.009201965493273789e+00
1.009068254515785190e+00
1.008935452350145701e+00
1.008803550938956572e+00
1.008672542312298637e+00
1.008542418586496625e+00
1.008413171963146393e+00
1.008284794727956069e+00
1.008157279249669136e+00
1.008030617979065902e+00
1.007904803447904563e+00
1.007779828267893807e+00
1.007655685129642542e+00
1.007532366801828561e+00
1.007409866129945764e+00
1.007288176035644689e+00
1.007167289515549680e+00
1.007047199640447088e+00
1.006927899554330486e+00
1.006809382473423442e+00
1.006691641685448557e+00
1.006574670548516348e+00
1.006458462490499528e+00
1.006343011007986732e+00
1.006228309665478715e+00
1.006114352094609421e+00
1.006001131993298880e+00
1.005888643124852599e+00
1.005776879317356487e+00
1.005665834462662112e+00
1.005555502515770305e+00
1.005445877493979623e+00
1.005336953476164474e+00
1.005228724602038604e+00
1.005121185071407686e+00
1.005014329143375962e+00
1.004908151135791572e+00
1.004802645424342833e+00
1.004697806442020669e+00
1.004593628678388306e+00
1.004490106678844086e+00
1.004387235044008619e+00
1.004285008429063319e+00
1.004183421543100252e+00
1.004082469148458223e+00
1.003982146060160341e+00
1.003882447145146184e+00
1.003783367321843700e+00
1.003684901559370068e+00
1.003587044877130907e+00
1.003489792344060882e+00
1.003393139078127660e+00
1.003297080245774353e+00
1.003201611061260268e+00
1.003106726786181069e+00
1.003012422728937869e+00
1.002918694244071984e+00
1.002825536731888345e+00
1.002732945637804685e+00
1.002640916451858377e+00
1.002549444708212611e+00
1.002458525984636140e+00
1.002368155901987246e+00
1.002278330123788974e+00
1.002189044355588532e+00
1.002100294344644871e+00
1.002012075879318065e+00
1.001924384788700495e+00
1.001837216942096376e+00
1.001750568248572337e+00
1.001664434656492686e+00
1.001578812153131270e+00
1.001493696764157448e+00
1.001409084553255280e+00
1.001324971621631699e+00
1.001241354107728965e+00
1.001158228186580290e+00
1.001075590069672838e+00
1.000993436004262271e+00
1.000911762273199779e+00
1.000830565194453348e+00
1.000749841120613493e+00
1.000669586438701408e+00
1.000589797569622741e+00
1.000510470967861165e+00
1.000431603121078927e+00
1.000353190549873927e+00
1.000275229807152000e+00
1.000197717478048087e+00
1.000120650179457948e+00
1.000044024559579636e+00
9.999678372977535146e-01
9.998920851040509206e-01
9.998167647189160068e-01
9.997418729127949266e-01
9.996674064859568665e-01
9.995933622680016617e-01
9.995197371176633983e-01
9.994465279224036269e-01
9.993737315981547908e-01
9.993013450890265714e-01
9.992293653669558351e-01
9.991577894313992125e-01
