2.483318729665005442e+00
2.482507235045471994e+00
2.480084920694300088e+00
2.476087720070841325e+00
2.470573660201495159e+00
2.463620251669167427e+00
2.455321171495811416e+00
2.445782514379221340e+00
2.435118894228825770e+00
2.423449652223200967e+00
2.410895378701209957e+00
2.397574895100715864e+00
2.383602779272583128e+00
2.369087460872354001e+00
2.354129868121796143e+00
2.338822575009557703e+00
2.323249378601913051e+00
2.307485227704614950e+00
2.291596424094248796e+00
2.275641023268170304e+00
2.259669370783135456e+00
2.243724720879858747e+00
2.227843894866439634e+00
2.212057946775183304e+00
2.196392812623974233e+00
2.180869926999102759e+00
2.165506796622110208e+00
2.150317525176255629e+00
2.135313287119998904e+00
2.120502750696111605e+00
2.105892452045778462e+00
2.091487123429145889e+00
2.077289979185202196e+00
2.063302963357701358e+00
2.049526962968570842e+00
2.035961990811594902e+00
2.022607341426855498e+00
2.009461723641890352e+00
1.996523372761175974e+00
1.983790145172400932e+00
1.971259597830989030e+00
1.958929054792733382e+00
1.946795662693890705e+00
1.934856436831196902e+00
1.923108299272469068e+00
1.911548110230517850e+00
1.900172693758850118e+00
1.888978858674598804e+00
1.877963415481211262e+00
1.867123189947578421e+00
1.856455033901194485e+00
1.845955833706845350e+00
1.835622516829162443e+00
1.825452056814590662e+00
1.815441476974713808e+00
1.805587853007687649e+00
1.795888314755507142e+00
1.786340047262577890e+00
1.776940291273050088e+00
1.767686343281263284e+00
1.758575555230005971e+00
1.749605333934513229e+00
1.740773140296624888e+00
1.732076488361604216e+00
1.723512944260550572e+00
1.715080125073180195e+00
1.706775697638989175e+00
1.698597377339257530e+00
1.690542926867601103e+00
1.682610155003100072e+00
1.674796915396719932e+00
1.667101105379187764e+00
1.659520664796487965e+00
1.652053574877243136e+00
1.644697857134997498e+00
1.637451572307224712e+00
1.630312819332057739e+00
1.623279734362991444e+00
1.616350489821296588e+00
1.609523293485428663e+00
1.602796387616521434e+00
1.596168048118612237e+00
1.589636583732357167e+00
1.583200335260664282e+00
1.576857674824751143e+00
1.570607005149069479e+00
1.564446758873519805e+00
1.558375397891465397e+00
1.552391412712037067e+00
1.546493321845317404e+00
1.540679671209006729e+00
1.534949033555326414e+00
1.529300007916853499e+00
1.523731219070205700e+00
1.518241317016445713e+00
1.512828976477199827e+00
1.507492896405552063e+00
1.502231799510839849e+00
1.497044431796528130e+00
1.491929562110421159e+00
1.486885981706504545e+00
1.481912503817801152e+00
1.477007963239626687e+00
1.472171215922719378e+00
1.467401138575745723e+00
1.462696628276738853e+00
1.458056602093017018e+00
1.453479996709239774e+00
1.448965768063230186e+00
1.444512890989251286e+00
1.440120358868436368e+00
1.435787183286096891e+00
1.431512393695701046e+00
1.427295037089241214e+00
1.423134177673802458e+00
1.419028896554186847e+00
1.414978291421344014e+00
1.410981476246485622e+00
1.407037580980742497e+00
1.403145751260200802e+00
1.399305148116207542e+00
1.395514947690811747e+00
1.391774340957239620e+00
1.388082533445297750e+00
1.384438744971598467e+00
1.380842209374524288e+00
1.377292174253835766e+00
1.373787900714855681e+00
1.370328663117120760e+00
1.366913748827450537e+00
1.363542457977366062e+00
1.360214103224756110e+00
1.356928009519760892e+00
1.353683513874770705e+00
1.350479965138523308e+00
1.347316723774194758e+00
1.344193161641437317e+00
1.341108661782328015e+00
1.338062618211121713e+00
1.335054435707817566e+00
1.332083529615415429e+00
1.329149325640859747e+00
1.326251259659584791e+00
1.323388777523621496e+00
1.320561334873210591e+00
1.317768396951877641e+00
1.315009438424889820e+00
1.312283943201081771e+00
1.309591404257973712e+00
1.306931323470131190e+00
1.304303211440740906e+00
1.301706587336309173e+00
1.299140978724487416e+00
1.296605921414920815e+00
1.294100959303124965e+00
1.291625644217283320e+00
1.289179535767986273e+00
1.286762201200796207e+00
1.284373215251640721e+00
1.282012160004963430e+00
1.279678624754588601e+00
1.277372205867270294e+00
1.275092506648846324e+00
1.272839137212993244e+00
1.270611714352505750e+00
1.268409861413068107e+00
1.266233208169480706e+00
1.264081390704284047e+00
1.261954051288753931e+00
1.259850838266202366e+00
1.257771405937573306e+00
1.255715414449259715e+00
1.253682529683129765e+00
1.251672423148698643e+00
1.249684771877426215e+00
1.247719258319082147e+00
1.245775570240152508e+00
1.243853400624246541e+00
1.241952447574474538e+00
1.240072414217730401e+00
1.238213008610879795e+00
1.236373943648800378e+00
1.234554936974226136e+00
1.232755710889389400e+00
1.230975992269400132e+00
1.229215512477339622e+00
1.227474007281047275e+00
1.225751216771532537e+00
1.224046885283021302e+00
1.222360761314579491e+00
1.220692597453286954e+00
1.219042150298937255e+00
1.217409180390221390e+00
1.215793452132387875e+00
1.214194733726316588e+00
1.212612797099012374e+00
1.211047417835469098e+00
1.209498375111881296e+00
1.207965451630173881e+00
1.206448433553837463e+00
1.204947110445017788e+00
1.203461275202863279e+00
1.201990724003077826e+00
1.200535256238671300e+00
1.199094674461881782e+00
1.197668784327239111e+00
1.196257394535750418e+00
1.194860316780185672e+00
1.193477365691440584e+00
1.192108358785950450e+00
1.190753116414140944e+00
1.189411461709888762e+00
1.188083220540973928e+00
1.186768221460496653e+00
1.185466295659259206e+00
1.184177276919064159e+00
1.182901001566934118e+00
1.181637308430216526e+00
1.180386038792576864e+00
1.179147036350831179e+00
1.177920147172635046e+00
1.176705219654982537e+00
1.175502104483516996e+00
1.174310654592625403e+00
1.173130725126311891e+00
1.171962173399818230e+00
1.170804858861999032e+00
1.169658643058405945e+00
1.168523389595094830e+00
1.167398964103127490e+00
1.166285234203747079e+00
1.165182069474233417e+00
1.164089341414402234e+00
1.163006923413748561e+00
1.161934690719222063e+00
1.160872520403606334e+00
1.159820291334515474e+00
1.158777884143960435e+00
1.157745181198513107e+00
1.156722066570023522e+00
1.155708426006894607e+00
1.154704146905896511e+00
1.153709118284523383e+00
1.152723230753855743e+00
1.151746376491944002e+00
1.150778449217689348e+00
1.149819344165210921e+00
1.148868958058697709e+00
1.147927189087724953e+00
1.146993936883033749e+00
1.146069102492764502e+00
1.145152588359125811e+00
1.144244298295501672e+00
1.143344137463977006e+00
1.142452012353287971e+00
1.141567830757170388e+00
1.140691501753108739e+00
1.139822935681481741e+00
1.138962044125086948e+00
1.138108739889034382e+00
1.137262936981022543e+00
1.136424550591962124e+00
1.135593497076957448e+00
1.134769693936633628e+00
1.133953059798805008e+00
1.133143514400471119e+00
1.132340978570144152e+00
1.131545374210491284e+00
1.130756624281293199e+00
1.129974652782704592e+00
1.129199384738821088e+00
1.128430746181539268e+00
1.127668664134701126e+00
1.126913066598526303e+00
1.126163882534321647e+00
1.125421041849462345e+00
1.124684475382635052e+00
1.123954114889354372e+00
1.123229893027718473e+00
1.122511743344435597e+00
1.121799600261080387e+00
1.121093399060599571e+00
1.120393075874058342e+00
1.119698567667607669e+00
1.119009812229690537e+00
1.118326748158466222e+00
1.117649314849454845e+00
1.116977452483394417e+00
1.116311102014313050e+00
1.115650205157804109e+00
1.114994704379506096e+00
1.114344542883779710e+00
1.113699664602580741e+00
1.113060014184525048e+00
1.112425536984136931e+00
1.111796179051289357e+00
1.111171887120814938e+00
1.110552608602302760e+00
1.109938291570062185e+00
1.109328884753264299e+00
1.108724337526237669e+00
1.108124599898946183e+00
1.107529622507611000e+00
1.106939356605501468e+00
1.106353754053874816e+00
1.105772767313070837e+00
1.105196349433753777e+00
1.104624454048303672e+00
1.104057035362347783e+00
1.103494048146434592e+00
1.102935447727845908e+00
1.102381189982544418e+00
1.101831231327258465e+00
1.101285528711687167e+00
1.100744039610847436e+00
1.100206722017535999e+00
1.099673534434922884e+00
1.099144435869258807e+00
1.098619385822708683e+00
1.098098344286298822e+00
1.097581271732976482e+00
1.097068129110791102e+00
1.096558877836173673e+00
1.096053479787335361e+00
1.095551897297767363e+00
1.095054093149846475e+00
1.094560030568545228e+00
1.094069673215242400e+00
1.093582985181630107e+00
1.093099930983721713e+00
1.092620475555953874e+00
1.092144584245384742e+00
1.091672222805978976e+00
1.091203357392989570e+00
1.090737954557426725e+00
1.090275981240609759e+00
1.089817404768813391e+00
1.089362192847990851e+00
1.088910313558582477e+00
1.088461735350408910e+00
1.088016427037639122e+00
1.087574357793836821e+00
1.087135497147092567e+00
1.086699814975220280e+00
1.086267281501036130e+00
1.085837867287706926e+00
1.085411543234173104e+00
1.084988280570639008e+00
1.084568050854136434e+00
1.084150825964152576e+00
1.083736578098329462e+00
1.083325279768224458e+00
1.082916903795138497e+00
1.082511423306010023e+00
1.082108811729364239e+00
1.081709042791331621e+00
1.081312090511723945e+00
1.080917929200168714e+00
1.080526533452301541e+00
1.080137878146020247e+00
1.079751938437789383e+00
1.079368689759004463e+00
1.078988107812411057e+00
1.078610168568572281e+00
1.078234848262395795e+00
1.077862123389708326e+00
1.077491970703882362e+00
1.077124367212512590e+00
1.076759290174141848e+00
1.076396717095037259e+00
1.076036625726008555e+00
1.075678994059281468e+00
1.075323800325408863e+00
1.074971022990234282e+00
1.074620640751893008e+00
1.074272632537864203e+00
1.073926977502060787e+00
1.073583655021963290e+00
1.073242644695796999e+00
1.072903926339746850e+00
1.072567479985216954e+00
1.072233285876124098e+00
1.071901324466236094e+00
1.071571576416545657e+00
1.071244022592682033e+00
1.070918644062357927e+00
1.070595422092859295e+00
1.070274338148563542e+00
1.069955373888497263e+00
1.069638511163929495e+00
1.069323732015995176e+00
1.069011018673357905e+00
1.068700353549899118e+00
1.068391719242447468e+00
1.068085098528533727e+00
1.067780474364180332e+00
1.067477829881723572e+00
1.067177148387661756e+00
1.066878413360537570e+00
1.066581608448849305e+00
1.066286717468990286e+00
1.065993724403216714e+00
1.065702613397644383e+00
1.065413368760275148e+00
1.065125974959046706e+00
1.064840416619912133e+00
1.064556678524946287e+00
1.064274745610476858e+00
1.063994602965241176e+00
1.063716235828568557e+00
1.063439629588590174e+00
1.063164769780467589e+00
1.062891642084652366e+00
1.062620232325163228e+00
1.062350526467891187e+00
1.062082510618926223e+00
1.061816171022903932e+00
1.061551494061381495e+00
1.061288466251225859e+00
1.061027074243033663e+00
1.060767304819565604e+00
1.060509144894202782e+00
1.060252581509427916e+00
1.059997601835321879e+00
1.059744193168082660e+00
1.059492342928565645e+00
1.059242038660838325e+00
1.058993268030760770e+00
1.058746018824579638e+00
1.058500278947544171e+00
1.058256036422537294e+00
1.058013279388730243e+00
1.057771996100245637e+00
1.057532174924851631e+00
1.057293804342657850e+00
1.057056872944841075e+00
1.056821369432381363e+00
1.056587282614815271e+00
1.056354601409006166e+00
1.056123314837931204e+00
1.055893412029483391e+00
1.055664882215288092e+00
1.055437714729537069e+00
1.055211899007834742e+00
1.054987424586063982e+00
1.054764281099260570e+00
1.054542458280507411e+00
1.054321945959839413e+00
1.054102734063164570e+00
1.053884812611197708e+00
1.053668171718408431e+00
1.053452801591981958e+00
1.053238692530793719e+00
1.053025834924397053e+00
1.052814219252023342e+00
1.052603836081595023e+00
1.052394676068750590e+00
1.052186729955883582e+00
1.051979988571191349e+00
1.051774442827737577e+00
1.051570083722526361e+00
1.051366902335586495e+00
1.051164889829069526e+00
1.050964037446356247e+00
1.050764336511178287e+00
1.050565778426746144e+00
1.050368354674891647e+00
1.050172056815219079e+00
1.049976876484267407e+00
1.049782805394684049e+00
1.049589835334405752e+00
1.049397958165853684e+00
1.049207165825135180e+00
1.049017450321256595e+00
1.048828803735346593e+00
1.048641218219886095e+00
1.048454685997952440e+00
1.048269199362468651e+00
1.048084750675462029e+00
1.047901332367335847e+00
1.047718936936144152e+00
1.047537556946880333e+00
1.047357185030771243e+00
1.047177813884582420e+00
1.046999436269926864e+00
1.046822045012589797e+00
1.046645633001854980e+00
1.046470193189840137e+00
1.046295718590845025e+00
1.046122202280700852e+00
1.045949637396133447e+00
1.045778017134127547e+00
1.045607334751306405e+00
1.045437583563311845e+00
1.045268756944195854e+00
1.045100848325817955e+00
1.044933851197249020e+00
1.044767759104185068e+00
1.044602565648363512e+00
1.044438264486990731e+00
