2.004333366830756358e+00
2.004125672279465586e+00
2.003503824390123533e+00
2.002471495775129284e+00
2.001034694300385830e+00
1.999201601612012213e+00
1.996982362521614318e+00
1.994388838414515419e+00
1.991434338828646844e+00
1.988133344962449645e+00
1.984501237363450521e+00
1.980554037790816402e+00
1.976308172625548476e+00
1.971780262567818465e+00
1.966986940973977305e+00
1.961944701207198882e+00
1.956669771873204677e+00
1.951178017782055241e+00
1.945484863864336722e+00
1.939605238997673453e+00
1.933553536681895668e+00
1.927343589658386591e+00
1.920988655833830716e+00
1.914501413187361667e+00
1.907893961674511196e+00
1.901177830465833329e+00
1.894363989156107264e+00
1.887462861844046547e+00
1.880484343209494202e+00
1.873437815905195425e+00
1.866332168737351971e+00
1.859175815235686535e+00
1.851976712314956863e+00
1.844742378809276495e+00
1.837479913722368519e+00
1.830196014083950606e+00
1.822896992338537192e+00
1.815588793219444330e+00
1.808277010080596270e+00
1.800966900673069526e+00
1.793663402363380843e+00
1.786371146797687715e+00
1.779094474020872507e+00
1.771837446062535903e+00
1.764603860003832736e+00
1.757397260540159989e+00
1.750220952055169477e+00
1.743078010221550844e+00
1.735971293143882876e+00
1.728903452058503598e+00
1.721876941604921551e+00
1.714894029682695997e+00
1.707956806907417135e+00
1.701067195678824806e+00
1.694226958873671363e+00
1.687437708175666184e+00
1.680700912054205132e+00
1.674017903403594687e+00
1.667389886853849257e+00
1.660817945764063719e+00
1.654303048909037344e+00
1.647846056869555875e+00
1.641447728136537609e+00
1.635108724939065894e+00
1.628829618806004742e+00
1.622610895870848946e+00
1.616452961929075505e+00
1.610356147257248516e+00
1.604320711202746441e+00
1.598346846552919809e+00
1.592434683692186326e+00
1.586584294555438257e+00
1.580795696385832061e+00
1.575068855304957660e+00
1.569403689703005700e+00
1.563800073456477424e+00
1.558257838980698251e+00
1.552776780124190292e+00
1.547356654911731244e+00
1.541997188142741670e+00
1.536698073851434421e+00
1.531458977634845287e+00
1.526279538854814266e+00
1.521159372719647518e+00
1.516098072251036433e+00
1.511095210141580658e+00
1.506150340508107810e+00
1.501263000545733917e+00
1.496432712087425676e+00
1.491658983073671729e+00
1.486941308936639228e+00
1.482279173903039871e+00
1.477672052219750398e+00
1.473119409306060446e+00
1.468620702836220149e+00
1.464175383755885518e+00
1.459782897235819554e+00
1.455442683566080309e+00
1.451154178993808941e+00
1.446916816507550108e+00
1.442730026570960611e+00
1.438593237808527103e+00
1.434505877645930738e+00
1.430467372907436197e+00
1.426477150372662095e+00
1.422534637294948556e+00
1.418639261883392511e+00
1.414790453750618404e+00
1.410987644328103752e+00
1.407230267250962008e+00
1.403517758713820340e+00
1.399849557799491606e+00
1.396225106781963987e+00
1.392643851405164890e+00
1.389105241138937741e+00
1.385608729413543072e+00
1.382153773833906696e+00
1.378739836374870631e+00
1.375366383558529471e+00
1.372032886614747760e+00
1.368738821625853586e+00
1.365483669656504695e+00
1.362266916869579347e+00
1.359088054629035591e+00
1.355946579590449730e+00
1.352841993780116603e+00
1.349773804663360277e+00
1.346741525202764356e+00
1.343744673907006026e+00
1.340782774870853622e+00
1.337855357806974066e+00
1.334961958070033372e+00
1.332102116673669068e+00
1.329275380300779741e+00
1.326481301307619542e+00
1.323719437722120862e+00
1.320989353236869723e+00
1.318290617197095616e+00
1.315622804584089423e+00
1.312985495994320129e+00
1.310378277614657527e+00
1.307800741193946514e+00
1.305252484011241609e+00
1.302733108840976373e+00
1.300242223915309747e+00
1.297779442883906009e+00
1.295344384771350832e+00
1.292936673932439051e+00
1.290555940005511104e+00
1.288201817864038423e+00
1.285873947566629649e+00
1.283571974305613761e+00
1.281295548354371761e+00
1.279044325013537708e+00
1.276817964556216323e+00
1.274616132172360139e+00
1.272438497912382616e+00
1.270284736630158839e+00
1.268154527925495767e+00
1.266047556086165482e+00
1.263963510029618931e+00
1.261902083244414552e+00
1.259862973731494140e+00
1.257845883945334808e+00
1.255850520735078080e+00
1.253876595285668305e+00
1.251923823059083674e+00
1.249991923735699118e+00
1.248080621155835512e+00
1.246189643261541358e+00
1.244318722038648239e+00
1.242467593459138264e+00
1.240635997423859216e+00
1.238823677705629178e+00
1.237030381892744835e+00
1.235255861332934302e+00
1.233499871077770926e+00
1.231762169827580244e+00
1.230042519876851648e+00
1.228340687060170966e+00
1.226656440698711936e+00
1.224989553547272125e+00
1.223339801741885502e+00
1.221706964748012769e+00
1.220090825309342542e+00
1.218491169397169394e+00
1.216907786160403182e+00
1.215340467876182551e+00
1.213789009901117932e+00
1.212253210623149169e+00
1.210732871414047951e+00
1.209227796582532655e+00
1.207737793328036657e+00
1.206262671695091937e+00
1.204802244528357269e+00
1.203356327428274364e+00
1.201924738707360829e+00
1.200507299347126189e+00
1.199103832955620286e+00
1.197714165725604296e+00
1.196338126393344359e+00
1.194975546198022265e+00
1.193626258841755661e+00
1.192290100450235091e+00
1.190966909533957008e+00
1.189656526950064297e+00
1.188358795864772555e+00
1.187073561716387005e+00
1.185800672178905613e+00
1.184539977126195964e+00
1.183291328596739023e+00
1.182054580758945095e+00
1.180829589877017138e+00
1.179616214277375619e+00
1.178414314315619826e+00
1.177223752344027652e+00
1.176044392679592931e+00
1.174876101572579046e+00
1.173718747175591437e+00
1.172572199513162605e+00
1.171436330451838925e+00
1.170311013670762623e+00
1.169196124632743139e+00
1.168091540555812102e+00
1.166997140385248821e+00
1.165912804766079613e+00
1.164838416016037881e+00
1.163773858098968050e+00
1.162719016598691590e+00
1.161673778693305792e+00
1.160638033129911095e+00
1.159611670199775402e+00
1.158594581713911609e+00
1.157586660979068816e+00
1.156587802774133200e+00
1.155597903326927245e+00
1.154616860291397762e+00
1.153644572725203377e+00
1.152680941067667275e+00
1.151725867118116753e+00
1.150779254014584252e+00
1.149841006212871886e+00
1.148911029465973233e+00
1.147989230803843297e+00
1.147075518513516190e+00
1.146169802119551218e+00
1.145271992364826463e+00
1.144382001191646570e+00
1.143499741723174479e+00
1.142625128245182031e+00
1.141758076188109872e+00
1.140898502109426893e+00
1.140046323676295437e+00
1.139201459648528258e+00
1.138363829861834153e+00
1.137533355211346686e+00
1.136709957635434032e+00
1.135893560099779931e+00
1.135084086581739538e+00
1.134281462054951728e+00
1.133485612474218307e+00
1.132696464760634569e+00
1.131913946786970104e+00
1.131137987363301622e+00
1.130368516222878039e+00
1.129605464008231808e+00
1.128848762257518956e+00
1.128098343391091829e+00
1.127354140698288987e+00
1.126616088324460030e+00
1.125884121258193371e+00
1.125158175318764719e+00
1.124438187143795842e+00
1.123724094177114052e+00
1.123015834656818646e+00
1.122313347603544065e+00
1.121616572808915357e+00
1.120925450824199476e+00
1.120239922949141986e+00
1.119559931220989180e+00
1.118885418403690490e+00
1.118216327977280766e+00
1.117552604127434623e+00
1.116894191735199104e+00
1.116241036366884209e+00
1.115593084264129731e+00
1.114950282334129295e+00
1.114312578140016718e+00
1.113679919891405579e+00
1.113052256435088205e+00
1.112429537245881450e+00
1.111811712417625886e+00
1.111198732654326449e+00
1.110590549261440962e+00
1.109987114137303887e+00
1.109388379764697952e+00
1.108794299202549460e+00
1.108204826077769267e+00
1.107619914577218534e+00
1.107039519439801500e+00
1.106463595948691037e+00
1.105892099923674987e+00
1.105324987713626861e+00
1.104762216189090651e+00
1.104203742734993110e+00
1.103649525243464158e+00
1.103099522106774977e+00
1.102553692210387126e+00
1.102011994926110905e+00
1.101474390105373402e+00
1.100940838072590244e+00
1.100411299618642369e+00
1.099885735994459823e+00
1.099364108904695936e+00
1.098846380501512510e+00
1.098332513378453834e+00
1.097822470564417952e+00
1.097316215517723847e+00
1.096813712120270123e+00
1.096314924671782709e+00
1.095819817884151837e+00
1.095328356875862275e+00
1.094840507166497723e+00
1.094356234671343131e+00
1.093875505696059180e+00
1.093398286931446917e+00
1.092924545448286766e+00
1.092454248692259045e+00
1.091987364478942180e+00
1.091523860988884431e+00
1.091063706762756436e+00
1.090606870696570141e+00
1.090153322036977457e+00
1.089703030376631743e+00
1.089255965649628122e+00
1.088812098127006633e+00
1.088371398412325552e+00
1.087933837437299545e+00
1.087499386457504658e+00
1.087068017048148594e+00
1.086639701099901600e+00
1.086214410814789755e+00
1.085792118702153308e+00
1.085372797574658099e+00
1.084956420544375577e+00
1.084542961018909457e+00
1.084132392697591873e+00
1.083724689567723720e+00
1.083319825900881161e+00
1.082917776249267883e+00
1.082518515442127072e+00
1.082122018582200917e+00
1.081728261042246064e+00
1.081337218461597471e+00
1.080948866742783121e+00
1.080563182048187354e+00
1.080180140796765276e+00
1.079799719660799795e+00
1.079421895562709732e+00
1.079046645671903004e+00
1.078673947401674882e+00
1.078303778406150215e+00
1.077936116577271175e+00
1.077570940041826075e+00
1.077208227158522158e+00
1.076847956515101679e+00
1.076490106925494628e+00
1.076134657427015640e+00
1.075781587277601314e+00
1.075430875953083509e+00
1.075082503144501933e+00
1.074736448755458929e+00
1.074392692899504453e+00
1.074051215897566358e+00
1.073711998275406199e+00
1.073375020761123455e+00
1.073040264282680623e+00
1.072707709965477152e+00
1.072377339129946261e+00
1.072049133289190159e+00
1.071723074146647248e+00
1.071399143593792624e+00
1.071077323707867679e+00
1.070757596749644547e+00
1.070439945161220763e+00
1.070124351563839893e+00
1.069810798755749692e+00
1.069499269710082467e+00
1.069189747572770299e+00
1.068882215660484247e+00
1.068576657458603973e+00
1.068273056619215788e+00
1.067971396959135788e+00
1.067671662457961856e+00
1.067373837256149871e+00
1.067077905653119441e+00
1.066783852105380515e+00
1.066491661224689746e+00
1.066201317776229729e+00
1.065912806676811320e+00
1.065626112993104169e+00
1.065341221939885008e+00
1.065058118878315918e+00
1.064776789314240801e+00
1.064497218896506059e+00
1.064219393415304804e+00
1.063943298800541282e+00
1.063668921120217936e+00
1.063396246578843352e+00
1.063125261515862396e+00
1.062855952404104132e+00
1.062588305848256365e+00
1.062322308583351083e+00
1.062057947473278530e+00
1.061795209509315274e+00
1.061534081808674479e+00
1.061274551613073269e+00
1.061016606287319419e+00
1.060760233317917356e+00
1.060505420311689484e+00
1.060252154994420160e+00
1.060000425209512098e+00
1.059750218916663878e+00
1.059501524190561650e+00
1.059254329219591728e+00
1.059008622304563829e+00
1.058764391857456744e+00
1.058521626400176441e+00
1.058280314563331270e+00
1.058040445085022929e+00
1.057802006809650530e+00
1.057564988686735541e+00
1.057329379769754274e+00
1.057095169214992358e+00
1.056862346280407872e+00
1.056630900324512234e+00
1.056400820805264207e+00
1.056172097278978761e+00
1.055944719399247722e+00
1.055718676915875953e+00
1.055493959673830195e+00
1.055270557612200566e+00
1.055048460763174933e+00
1.054827659251028393e+00
1.054608143291122069e+00
1.054389903188917454e+00
1.054172929338998976e+00
1.053957212224113871e+00
1.053742742414220057e+00
1.053529510565546223e+00
1.053317507419666788e+00
1.053106723802583522e+00
1.052897150623820499e+00
1.052688778875533471e+00
1.052481599631623244e+00
1.052275604046866597e+00
1.052070783356053862e+00
1.051867128873138935e+00
1.051664631990397947e+00
1.051463284177600155e+00
1.051263076981186595e+00
1.051064002023462507e+00
1.050866051001794421e+00
1.050669215687821012e+00
1.050473487926672167e+00
1.050278859636196493e+00
1.050085322806200150e+00
1.049892869497693448e+00
1.049701491842145451e+00
1.049511182040751445e+00
1.049321932363703525e+00
1.049133735149476276e+00
1.048946582804113570e+00
1.048760467800532892e+00
1.048575382677827905e+00
1.048391320040588326e+00
1.048208272558221799e+00
1.048026232964286208e+00
1.047845194055830653e+00
1.047665148692741743e+00
1.047486089797099673e+00
1.047308010352541618e+00
1.047130903403631796e+00
1.046954762055238186e+00
1.046779579471919908e+00
1.046605348877317931e+00
1.046432063553554670e+00
1.046259716840641341e+00
1.046088302135890880e+00
1.045917812893336407e+00
1.045748242623161461e+00
1.045579584891130676e+00
1.045411833318030892e+00
1.045244981579118271e+00
1.045079023403570062e+00
1.044913952573945481e+00
1.044749762925649250e+00
1.044586448346404906e+00
1.044424002775730997e+00
1.044262420204426833e+00
