2.572498508881383206e+00
2.571675160575562558e+00
2.569217364869316178e+00
2.565161290302103048e+00
2.559565342723312042e+00
2.552507537345450217e+00
2.544082159303767909e+00
2.534395990401936416e+00
2.523564386175087826e+00
2.511707461358160920e+00
2.498946592425327129e+00
2.485401384177726047e+00
2.471187183911823126e+00
2.456413169621072701e+00
2.441180992963563501e+00
2.425583925342703395e+00
2.409706436013433262e+00
2.393624122750952488e+00
2.377403915707663629e+00
2.361104480948875928e+00
2.344776759414025413e+00
2.328464587798234398e+00
2.312205358722328796e+00
2.296030687676211102e+00
2.279967063088039758e+00
2.264036463290064916e+00
2.248256930114236773e+00
2.232643093470058737e+00
2.217206644706563701e+00
2.201956759035438971e+00
2.186900468983449475e+00
2.172042991924495681e+00
2.157388015362939004e+00
2.142937943924243527e+00
2.128694112055343979e+00
2.114656966321743603e+00
2.100826220969868707e+00
2.087200990144311596e+00
2.073779899841612373e+00
2.060561182366376087e+00
2.047542755746662113e+00
2.034722290272657386e+00
2.022097264051336829e+00
2.009665009222763032e+00
1.997422750261221847e+00
1.985367635587302892e+00
1.973496763542431864e+00
1.961807203625098417e+00
1.950296013755216329e+00
1.938960254218187185e+00
1.927796998840971554e+00
1.916803343867552467e+00
1.905976414927891049e+00
1.895313372432646304e+00
1.884811415672402735e+00
1.874467785855413959e+00
1.864279768279463623e+00
1.854244693801089472e+00
1.844359939738124510e+00
1.834622930318396961e+00
1.825031136768049844e+00
1.815582077116637993e+00
1.806273315782422451e+00
1.797102462989872418e+00
1.788067174061851228e+00
1.779165148620892367e+00
1.770394129727378196e+00
1.761751902976904205e+00
1.753236295574654768e+00
1.744845175400568049e+00
1.736576450076400047e+00
1.728428066042796196e+00
1.720398007652788497e+00
1.712484296286177266e+00
1.704684989488078894e+00
1.696998180133792555e+00
1.689421995621111172e+00
1.681954597090816073e+00
1.674594178675269163e+00
1.667338966774807751e+00
1.660187219361262123e+00
1.653137225307655944e+00
1.646187303743095409e+00
1.639335803431646976e+00
1.632581102174060828e+00
1.625921606230938732e+00
1.619355749766325570e+00
1.612881994310308320e+00
1.606498828239513621e+00
1.600204766274394785e+00
1.593998348992121894e+00
1.587878142354135491e+00
1.581842737247353803e+00
1.575890749038095784e+00
1.570020817137961044e+00
1.564231604580776480e+00
1.558521797609999204e+00
1.552890105275823940e+00
1.547335259041424882e+00
1.541856012397798681e+00
1.536451140486656985e+00
1.531119439730935117e+00
1.525859727472508975e+00
1.520670841616717617e+00
1.515551640283395285e+00
1.510501001464024773e+00
1.505517822684859119e+00
1.500601020675656372e+00
1.495749531043839342e+00
1.490962307953946908e+00
1.486238323812057782e+00
1.481576568955210949e+00
1.476976051345517460e+00
1.472435796268928510e+00
1.467954846038536543e+00
1.463532259702290395e+00
1.459167112755024753e+00
1.454858496854782857e+00
1.450605519543266553e+00
1.446407303970450142e+00
1.442262988623198794e+00
1.438171727057933502e+00
1.434132687637224901e+00
1.430145053270271527e+00
1.426208021157302497e+00
1.422320802537721862e+00
1.418482622442121865e+00
1.414692719447987246e+00
1.410950345439138331e+00
1.407254765368875171e+00
1.403605257026732556e+00
1.400001110808904325e+00
1.396441629492218395e+00
1.392926128011695130e+00
1.389453933241619144e+00
1.386024383780112279e+00
1.382636829737186046e+00
1.379290632526199545e+00
1.375985164658753535e+00
1.372719809542937153e+00
1.369493961284907524e+00
1.366307024493791378e+00
1.363158414089853832e+00
1.360047555115890150e+00
1.356973882551850030e+00
1.353936841132603819e+00
1.350935885168849326e+00
1.347970478371133707e+00
1.345040093676914461e+00
1.342144213080652904e+00
1.339282327466904121e+00
1.336453936446345692e+00
1.333658548194731175e+00
1.330895679294701761e+00
1.328164854580458742e+00
1.325465606985217759e+00
1.322797477391427279e+00
1.320160014483710453e+00
1.317552774604491717e+00
1.314975321612268377e+00
1.312427226742485020e+00
1.309908068470969411e+00
1.307417432379917921e+00
1.304954911026338982e+00
1.302520103812979224e+00
1.300112616861638148e+00
1.297732062888870219e+00
1.295378061084017984e+00
1.293050236989542023e+00
1.290748222383620636e+00
1.288471655164953322e+00
1.286220179239776273e+00
1.283993444410995499e+00
1.281791106269459579e+00
1.279612826087295430e+00
1.277458270713274668e+00
1.275327112470207469e+00
1.273219029054277529e+00
1.271133703436334139e+00
1.269070823765064082e+00
1.267030083272046692e+00
1.265011180178619243e+00
1.263013817604559996e+00
1.261037703478519401e+00
1.259082550450195681e+00
1.257148075804199738e+00
1.255234001375598041e+00
1.253340053467084880e+00
1.251465962767770002e+00
1.249611464273523431e+00
1.247776297208891494e+00
1.245960204950510075e+00
1.244162934952012467e+00
1.242384238670392271e+00
1.240623871493810038e+00
1.238881592670777465e+00
1.237157165240746259e+00
1.235450355966028813e+00
1.233760935265039160e+00
1.232088677146845113e+00
1.230433359146979821e+00
1.228794762264504570e+00
1.227172670900291029e+00
1.225566872796506335e+00
1.223977158977259450e+00
1.222403323690419708e+00
1.220845164350539802e+00
1.219302481482898326e+00
1.217775078668625000e+00
1.216262762490879723e+00
1.214765342482076127e+00
1.213282631072132078e+00
1.211814443537703845e+00
1.210360597952417017e+00
1.208920915138039121e+00
1.207495218616603250e+00
1.206083334563454068e+00
1.204685091761187765e+00
1.203300321554484409e+00
1.201928857805801387e+00
1.200570536851917058e+00
1.199225197461312620e+00
1.197892680792357112e+00
1.196572830352297556e+00
1.195265491957033133e+00
1.193970513691655855e+00
1.192687745871737981e+00
1.191417041005353727e+00
1.190158253755833506e+00
1.188911240905204725e+00
1.187675861318351567e+00
1.186451975907825584e+00
1.185239447599335971e+00
1.184038141297889091e+00
1.182847923854560390e+00
1.181668664033896254e+00
1.180500232481927370e+00
1.179342501694776946e+00
1.178195345987863352e+00
1.177058641465676736e+00
1.175932265992110315e+00
1.174816099161362759e+00
1.173710022269364384e+00
1.172613918285743351e+00
1.171527671826315009e+00
1.170451169126067725e+00
1.169384298012659862e+00
1.168326947880405031e+00
1.167279009664728084e+00
1.166240375817102937e+00
1.165210940280438479e+00
1.164190598464927229e+00
1.163179247224326973e+00
1.162176784832682497e+00
1.161183110961466536e+00
1.160198126657140394e+00
1.159221734319121344e+00
1.158253837678149489e+00
1.157294341775047197e+00
1.156343152939863561e+00
1.155400178771390340e+00
1.154465328117053824e+00
1.153538511053164184e+00
1.152619638865518770e+00
1.151708624030356010e+00
1.150805380195646377e+00
1.149909822162720641e+00
1.149021865868223857e+00
1.148141428366389771e+00
1.147268427811629854e+00
1.146402783441434092e+00
1.145544415559568208e+00
1.144693245519573521e+00
1.143849195708553035e+00
1.143012189531244616e+00
1.142182151394375067e+00
1.141359006691284206e+00
1.140542681786822943e+00
1.139733104002508490e+00
1.138930201601946024e+00
1.138133903776496592e+00
1.137344140631195932e+00
1.136560843170921542e+00
1.135783943286791997e+00
1.135013373742802312e+00
1.134249068162695329e+00
1.133490961017049159e+00
1.132738987610597103e+00
1.131993084069750743e+00
1.131253187330353072e+00
1.130519235125620137e+00
1.129791165974309397e+00
1.129068919169071705e+00
1.128352434765010237e+00
1.127641653568427937e+00
1.126936517125769255e+00
1.126236967712742842e+00
1.125542948323632109e+00
1.124854402660783403e+00
1.124171275124267844e+00
1.123493510801719442e+00
1.122821055458338435e+00
1.122153855527069144e+00
1.121491858098928152e+00
1.120835010913505680e+00
1.120183262349615294e+00
1.119536561416103693e+00
1.118894857742806392e+00
1.118258101571657948e+00
1.117626243747943837e+00
1.116999235711695793e+00
1.116377029489231454e+00
1.115759577684827919e+00
1.115146833472533183e+00
1.114538750588108140e+00
1.113935283321105807e+00
1.113336386507066456e+00
1.112742015519851968e+00
1.112152126264096763e+00
1.111566675167779517e+00
1.110985619174917449e+00
1.110408915738377411e+00
1.109836522812796433e+00
1.109268398847625736e+00
1.108704502780271550e+00
1.108144794029359170e+00
1.107589232488093378e+00
1.107037778517730997e+00
1.106490392941150036e+00
1.105947037036524749e+00
1.105407672531101282e+00
1.104872261595064797e+00
1.104340766835510967e+00
1.103813151290503614e+00
1.103289378423232048e+00
1.102769412116253678e+00
1.102253216665831870e+00
1.101740756776357077e+00
1.101231997554853237e+00
1.100726904505578307e+00
1.100225443524693869e+00
1.099727580895029755e+00
1.099233283280922402e+00
1.098742517723132694e+00
1.098255251633843299e+00
1.097771452791731939e+00
1.097291089337119274e+00
1.096814129767190948e+00
1.096340542931291129e+00
1.095870298026290435e+00
1.095403364592020035e+00
1.094939712506775908e+00
1.094479311982893721e+00
1.094022133562385646e+00
1.093568148112646021e+00
1.093117326822219404e+00
1.092669641196633235e+00
1.092225063054290679e+00
1.091783564522429417e+00
1.091345118033133499e+00
1.090909696319408706e+00
1.090477272411316534e+00
1.090047819632163018e+00
1.089621311594745068e+00
1.089197722197651652e+00
1.088777025621618044e+00
1.088359196325938250e+00
1.087944209044922284e+00
1.087532038784412736e+00
1.087122660818347075e+00
1.086716050685372137e+00
1.086312184185507679e+00
1.085911037376857236e+00
1.085512586572368487e+00
1.085116808336637151e+00
1.084723679482762382e+00
1.084333177069238818e+00
1.083945278396904355e+00
1.083559961005921002e+00
1.083177202672806150e+00
1.082796981407502690e+00
1.082419275450494212e+00
1.082044063269953504e+00
1.081671323558943021e+00
1.081301035232646202e+00
1.080933177425640546e+00
1.080567729489209094e+00
1.080204670988692550e+00
1.079843981700872257e+00
1.079485641611396929e+00
1.079129630912241122e+00
1.078775929999200134e+00
1.078424519469421528e+00
1.078075380118967752e+00
1.077728492940415617e+00
1.077383839120489517e+00
1.077041400037723085e+00
1.076701157260158803e+00
1.076363092543074940e+00
1.076027187826746667e+00
1.075693425234236944e+00
1.075361787069217367e+00
1.075032255813817894e+00
1.074704814126510311e+00
1.074379444840015685e+00
1.074056130959241795e+00
1.073734855659250975e+00
1.073415602283251724e+00
1.073098354340621396e+00
1.072783095504953099e+00
1.072469809612127456e+00
1.072158480658417901e+00
1.071849092798611069e+00
1.071541630344159168e+00
1.071236077761356764e+00
1.070932419669540669e+00
1.070630640839310477e+00
1.070330726190782178e+00
1.070032660791855328e+00
1.069736429856506188e+00
1.069442018743108402e+00
1.069149412952768774e+00
1.068858598127689907e+00
1.068569560049552392e+00
1.068282284637918744e+00
1.067996757948658004e+00
1.067712966172392752e+00
1.067430895632963006e+00
1.067150532785914763e+00
1.066871864217004306e+00
1.066594876640724054e+00
1.066319556898847276e+00
1.066045891958991465e+00
1.065773868913200806e+00
1.065503474976546405e+00
1.065234697485744952e+00
1.064967523897796031e+00
1.064701941788633865e+00
1.064437938851802601e+00
1.064175502897140690e+00
1.063914621849488595e+00
1.063655283747409808e+00
1.063397476741929415e+00
1.063141189095287986e+00
1.062886409179712111e+00
1.062633125476200036e+00
1.062381326573322404e+00
1.062131001166039201e+00
1.061882138054531355e+00
1.061634726143046104e+00
1.061388754438758353e+00
1.061144212050644908e+00
1.060901088188374919e+00
1.060659372161211866e+00
1.060419053376930432e+00
1.060180121340748016e+00
1.059942565654266700e+00
1.059706376014432072e+00
1.059471542212501838e+00
1.059238054133028406e+00
1.059005901752855250e+00
1.058775075140123922e+00
1.058545564453294396e+00
1.058317359940176727e+00
1.058090451936975374e+00
1.057864830867345063e+00
1.057640487241457983e+00
1.057417411655083184e+00
1.057195594788675752e+00
1.056975027406479084e+00
1.056755700355636041e+00
1.056537604565312760e+00
1.056320731045832018e+00
1.056105070887817243e+00
1.055890615261348309e+00
1.055677355415124641e+00
1.055465282675640104e+00
1.055254388446370317e+00
1.055044664206964855e+00
1.054836101512452551e+00
1.054628691992455014e+00
1.054422427350411029e+00
1.054217299362808280e+00
1.054013299878424847e+00
1.053810420817581583e+00
1.053608654171400927e+00
1.053407992001073934e+00
1.053208426437141743e+00
1.053009949678777479e+00
1.052812553993082600e+00
1.052616231714388340e+00
1.052420975243568035e+00
1.052226777047355011e+00
1.052033629657670222e+00
1.051841525670957012e+00
1.051650457747523859e+00
1.051460418610894676e+00
1.051271401047166876e+00
1.051083397904377881e+00
1.050896402091876070e+00
